1
192
0
0
0
0
0
0
0
0
0
0
0
0
0
0
0
0
0
0
0
0
0
0
0
0
0
0
0
0
0
0
0
0
0
0
0
0
0
0
0
0
0
0
0
0
0
0
0
0
1
1
1
1
1
1
1
1
1
1
1
1
1
1
1
1
1
1
1
1
1
1
1
1
1
1
1
1
1
1
1
1
1
1
1
1
1
1
1
1
1
1
1
1
1
1
1
1
2
2
2
2
2
2
2
2
2
2
2
2
2
2
2
2
2
2
2
2
2
2
2
2
2
2
2
2
2
2
2
2
2
2
2
2
2
2
2
2
2
2
2
2
2
2
2
2
3
3
3
3
3
3
3
3
3
3
3
3
3
3
3
3
3
3
3
3
3
3
3
3
3
3
3
3
3
3
3
3
3
3
3
3
3
3
3
3
3
3
3
3
3
3
3
3
192
1104
0
2
23
71
64
6
1
830
0
2
50
71
65
2
0
4
0
48
50
71
276
1
8
5
0
2
45
93
60
15
4
833
0
2
50
93
62
5
3
1
0
48
50
93
279
4
17
2
0
10
23
71
184
0
7
836
0
10
58
71
185
8
6
10
0
48
58
71
282
7
2
11
0
10
44
92
186
12
10
839
0
10
58
92
188
11
9
7
0
48
58
92
285
10
14
8
0
12
44
92
196
9
13
842
0
12
60
92
197
14
12
16
0
48
60
92
288
13
11
17
0
12
45
93
195
3
16
845
0
12
60
93
197
17
15
13
0
48
60
93
291
16
5
14
1
6
36
84
117
48
19
848
1
6
54
84
119
20
18
22
1
49
54
84
294
19
50
23
1
6
41
89
120
27
22
851
1
6
54
89
122
23
21
19
1
49
54
89
297
22
29
20
1
10
29
77
177
36
25
854
1
10
58
77
179
26
24
28
1
49
58
77
300
25
38
29
1
10
41
89
171
21
28
857
1
10
58
89
173
29
27
25
1
49
58
89
303
28
23
26
1
21
22
70
250
37
31
860
1
21
69
70
251
32
30
34
1
49
69
70
306
31
38
35
1
21
31
79
249
46
34
863
1
21
69
79
251
35
33
31
1
49
69
79
309
34
47
32
1
22
29
77
253
24
37
866
1
22
70
77
254
38
36
30
1
49
70
77
312
37
26
32
1
25
33
81
162
49
40
869
1
25
73
81
163
41
39
43
1
49
73
81
315
40
50
44
1
25
40
88
231
45
43
872
1
25
73
88
232
44
42
40
1
49
73
88
318
43
47
41
1
31
40
88
234
42
46
875
1
31
79
88
235
47
45
33
1
49
79
88
321
46
44
35
1
33
36
84
168
18
49
878
1
33
81
84
169
50
48
39
1
49
81
84
324
49
20
41
2
7
13
61
124
57
52
881
2
7
55
61
125
53
51
55
2
50
55
61
327
52
59
56
2
7
34
82
127
63
55
884
2
7
55
82
128
56
54
52
2
50
55
82
330
55
65
53
2
10
13
61
172
51
58
887
2
10
58
61
173
59
57
61
2
50
58
61
333
58
53
62
2
10
45
93
193
3
61
890
2
10
58
93
194
62
60
58
2
50
58
93
336
61
4
59
2
23
34
82
256
54
64
893
2
23
71
82
257
65
63
0
2
50
71
82
339
64
56
1
3
10
16
64
175
73
67
896
3
10
58
64
176
68
66
70
3
51
58
64
342
67
74
71
3
10
37
85
180
78
70
899
3
10
58
85
182
71
69
67
3
51
58
85
345
70
80
68
3
16
23
71
223
76
73
902
3
16
64
71
224
74
72
66
3
51
64
71
348
73
77
68
3
23
42
90
255
84
76
905
3
23
71
90
257
77
75
72
3
51
71
90
351
76
86
74
3
35
37
85
271
69
79
908
3
35
83
85
272
80
78
82
3
51
83
85
354
79
71
83
3
35
39
87
129
85
82
911
3
35
83
87
130
83
81
79
3
51
83
87
357
82
86
80
3
39
42
90
132
75
85
914
3
39
87
90
133
86
84
81
3
51
87
90
360
85
77
83
4
30
43
91
201
94
88
917
4
30
78
91
202
89
87
91
4
52
78
91
363
88
95
92
4
30
47
95
261
93
91
920
4
30
78
95
263
92
90
88
4
52
78
95
366
91
95
89
4
43
47
95
135
90
94
923
4
43
91
95
136
95
93
87
4
52
91
95
369
94
92
89
5
7
35
83
130
111
97
926
5
7
55
83
131
98
96
100
5
53
55
83
372
97
113
101
5
7
47
95
135
114
100
929
5
7
55
95
137
101
99
97
5
53
55
95
375
100
116
98
5
8
19
67
151
115
103
932
5
8
56
67
152
104
102
106
5
53
56
67
378
103
116
107
5
8
27
75
138
108
106
935
5
8
56
75
140
107
105
103
5
53
56
75
381
106
110
104
5
11
27
75
138
105
109
938
5
11
59
75
139
110
108
112
5
53
59
75
384
109
107
113
5
11
35
83
141
96
112
941
5
11
59
83
142
113
111
109
5
53
59
83
387
112
98
110
5
19
47
95
237
99
115
944
5
19
67
95
239
116
114
102
5
53
67
95
390
115
101
104
6
30
36
84
265
18
118
947
6
30
78
84
266
119
117
121
6
54
78
84
393
118
19
122
6
30
41
89
198
21
121
950
6
30
78
89
199
122
120
118
6
54
78
89
396
121
22
119
7
13
43
91
201
136
124
953
7
13
61
91
203
125
123
51
7
55
61
91
399
124
137
52
7
34
42
90
255
132
127
956
7
34
82
90
256
128
126
54
7
55
82
90
402
127
134
55
7
35
39
87
81
133
130
959
7
35
83
87
82
131
129
96
7
55
83
87
405
130
134
97
7
39
42
90
84
126
133
962
7
39
87
90
85
134
132
129
7
55
87
90
408
133
128
131
7
43
47
95
93
99
136
965
7
43
91
95
94
137
135
123
7
55
91
95
411
136
100
125
8
11
27
75
108
105
139
968
8
11
59
75
109
140
138
142
8
56
59
75
414
139
106
143
8
11
35
83
111
147
142
971
8
11
59
83
112
143
141
139
8
56
59
83
417
142
149
140
8
17
26
74
210
154
145
974
8
17
65
74
211
146
144
148
8
56
65
74
420
145
155
149
8
17
35
83
226
141
148
977
8
17
65
83
227
149
147
145
8
56
65
83
423
148
143
146
8
19
32
80
238
156
151
980
8
19
67
80
239
152
150
102
8
56
67
80
426
151
158
103
8
26
30
78
216
157
154
983
8
26
74
78
217
155
153
144
8
56
74
78
429
154
158
146
8
30
32
80
262
150
157
986
8
30
78
80
263
158
156
153
8
56
78
80
432
157
152
155
9
25
31
79
228
166
160
989
9
25
73
79
229
161
159
163
9
57
73
79
435
160
167
164
9
25
33
81
39
169
163
992
9
25
73
81
40
164
162
160
9
57
73
81
438
163
170
161
9
31
36
84
268
168
166
995
9
31
79
84
269
167
165
159
9
57
79
84
441
166
170
161
9
33
36
84
48
165
169
998
9
33
81
84
49
170
168
162
9
57
81
84
444
169
167
164
10
13
41
89
198
27
172
1001
10
13
61
89
200
173
171
57
10
58
61
89
447
172
28
58
10
16
28
76
222
183
175
1004
10
16
64
76
224
176
174
66
10
58
64
76
450
175
185
67
10
20
29
77
241
24
178
1007
10
20
68
77
242
179
177
181
10
58
68
77
453
178
25
182
10
20
37
85
247
69
181
1010
10
20
68
85
248
182
180
178
10
58
68
85
456
181
70
179
10
23
28
76
222
174
184
1013
10
23
71
76
223
185
183
6
10
58
71
76
459
184
176
7
10
24
44
92
259
9
187
1016
10
24
72
92
260
188
186
190
10
58
72
92
462
187
10
191
10
24
46
94
258
192
190
1019
10
24
72
94
260
191
189
187
10
58
72
94
465
190
194
188
10
45
46
94
273
189
193
1022
10
45
93
94
274
194
192
60
10
58
93
94
468
193
191
61
12
44
45
93
274
15
196
1025
12
44
92
93
275
197
195
12
12
60
92
93
471
196
16
13
13
30
41
89
120
171
199
1028
13
30
78
89
121
200
198
202
13
61
78
89
474
199
172
203
13
30
43
91
87
123
202
1031
13
30
78
91
88
203
201
199
13
61
78
91
477
202
124
200
14
15
30
78
220
216
205
1034
14
15
63
78
221
206
204
208
14
62
63
78
480
205
218
209
14
15
38
86
219
213
208
1037
14
15
63
86
221
209
207
205
14
62
63
86
483
208
215
206
14
17
26
74
144
217
211
1040
14
17
65
74
145
212
210
214
14
62
65
74
486
211
218
215
14
17
38
86
225
207
214
1043
14
17
65
86
227
215
213
211
14
62
65
86
489
214
209
212
14
26
30
78
153
204
217
1046
14
26
74
78
154
218
216
210
14
62
74
78
492
217
206
212
15
30
38
86
264
207
220
1049
15
30
78
86
266
221
219
204
15
63
78
86
495
220
208
205
16
23
28
76
183
174
223
1052
16
23
71
76
184
224
222
72
16
64
71
76
498
223
175
73
17
35
38
86
270
213
226
1055
17
35
83
86
272
227
225
147
17
65
83
86
501
226
214
148
18
25
31
79
159
235
229
1058
18
25
73
79
160
230
228
232
18
66
73
79
504
229
236
233
18
25
40
88
42
234
232
1061
18
25
73
88
43
233
231
229
18
66
73
88
507
232
236
230
18
31
40
88
45
231
235
1064
18
31
79
88
46
236
234
228
18
66
79
88
510
235
233
230
19
32
47
95
261
114
238
1067
19
32
80
95
262
239
237
150
19
67
80
95
513
238
115
151
20
29
31
79
252
244
241
1070
20
29
77
79
253
242
240
177
20
68
77
79
516
241
245
178
20
31
38
86
267
246
244
1073
20
31
79
86
269
245
243
240
20
68
79
86
519
244
248
242
20
37
38
86
270
243
247
1076
20
37
85
86
271
248
246
180
20
68
85
86
522
247
245
181
21
22
31
79
252
33
250
1079
21
22
70
79
254
251
249
30
21
69
70
79
525
250
34
31
22
29
31
79
240
249
253
1082
22
29
77
79
241
254
252
36
22
70
77
79
528
253
250
37
23
34
42
90
126
75
256
1085
23
34
82
90
127
257
255
63
23
71
82
90
531
256
76
64
24
44
46
94
273
189
259
1088
24
44
92
94
275
260
258
186
24
72
92
94
534
259
190
187
30
32
47
95
237
90
262
1091
30
32
80
95
238
263
261
156
30
78
80
95
537
262
91
157
30
36
38
86
267
219
265
1094
30
36
84
86
268
266
264
117
30
78
84
86
540
265
220
118
31
36
38
86
264
243
268
1097
31
36
84
86
265
269
267
165
31
79
84
86
543
268
244
166
35
37
38
86
246
225
271
1100
35
37
85
86
247
272
270
78
35
83
85
86
546
271
226
79
44
45
46
94
192
258
274
1103
44
45
93
94
193
275
273
195
44
92
93
94
549
274
259
196
48
50
71
119
340
282
277
2
48
50
98
119
341
278
276
280
48
96
98
119
552
277
284
281
48
50
93
141
336
291
280
5
48
50
98
141
338
281
279
277
48
96
98
141
555
280
293
278
48
58
71
119
460
276
283
8
48
58
106
119
461
284
282
286
48
96
106
119
558
283
278
287
48
58
92
140
462
288
286
11
48
58
106
140
464
287
285
283
48
96
106
140
561
286
290
284
48
60
92
140
472
285
289
14
48
60
108
140
473
290
288
292
48
96
108
140
564
289
287
293
48
60
93
141
471
279
292
17
48
60
108
141
473
293
291
289
48
96
108
141
567
292
281
290
49
54
84
132
393
324
295
20
49
54
102
132
395
296
294
298
49
97
102
132
570
295
326
299
49
54
89
137
396
303
298
23
49
54
102
137
398
299
297
295
49
97
102
137
573
298
305
296
49
58
77
125
453
312
301
26
49
58
106
125
455
302
300
304
49
97
106
125
576
301
314
305
49
58
89
137
447
297
304
29
49
58
106
137
449
305
303
301
49
97
106
137
579
304
299
302
49
69
70
118
526
313
307
32
49
69
117
118
527
308
306
310
49
97
117
118
582
307
314
311
49
69
79
127
525
322
310
35
49
69
117
127
527
311
309
307
49
97
117
127
585
310
323
308
49
70
77
125
529
300
313
38
49
70
118
125
530
314
312
306
49
97
118
125
588
313
302
308
49
73
81
129
438
325
316
41
49
73
121
129
439
317
315
319
49
97
121
129
591
316
326
320
49
73
88
136
507
321
319
44
49
73
121
136
508
320
318
316
49
97
121
136
594
319
323
317
49
79
88
136
510
318
322
47
49
79
127
136
511
323
321
309
49
97
127
136
597
322
320
311
49
81
84
132
444
294
325
50
49
81
129
132
445
326
324
315
49
97
129
132
600
325
296
317
50
55
61
109
400
333
328
53
50
55
103
109
401
329
327
331
50
98
103
109
603
328
335
332
50
55
82
130
403
339
331
56
50
55
103
130
404
332
330
328
50
98
103
130
606
331
341
329
50
58
61
109
448
327
334
59
50
58
106
109
449
335
333
337
50
98
106
109
609
334
329
338
50
58
93
141
469
279
337
62
50
58
106
141
470
338
336
334
50
98
106
141
612
337
280
335
50
71
82
130
532
330
340
65
50
71
119
130
533
341
339
276
50
98
119
130
615
340
332
277
51
58
64
112
451
349
343
68
51
58
106
112
452
344
342
346
51
99
106
112
618
343
350
347
51
58
85
133
456
354
346
71
51
58
106
133
458
347
345
343
51
99
106
133
621
346
356
344
51
64
71
119
499
352
349
74
51
64
112
119
500
350
348
342
51
99
112
119
624
349
353
344
51
71
90
138
531
360
352
77
51
71
119
138
533
353
351
348
51
99
119
138
627
352
362
350
51
83
85
133
547
345
355
80
51
83
131
133
548
356
354
358
51
99
131
133
630
355
347
359
51
83
87
135
405
361
358
83
51
83
131
135
406
359
357
355
51
99
131
135
633
358
362
356
51
87
90
138
408
351
361
86
51
87
135
138
409
362
360
357
51
99
135
138
636
361
353
359
52
78
91
139
477
370
364
89
52
78
126
139
478
365
363
367
52
100
126
139
639
364
371
368
52
78
95
143
537
369
367
92
52
78
126
143
539
368
366
364
52
100
126
143
642
367
371
365
52
91
95
143
411
366
370
95
52
91
139
143
412
371
369
363
52
100
139
143
645
370
368
365
53
55
83
131
406
387
373
98
53
55
103
131
407
374
372
376
53
101
103
131
648
373
389
377
53
55
95
143
411
390
376
101
53
55
103
143
413
377
375
373
53
101
103
143
651
376
392
374
53
56
67
115
427
391
379
104
53
56
104
115
428
380
378
382
53
101
104
115
654
379
392
383
53
56
75
123
414
384
382
107
53
56
104
123
416
383
381
379
53
101
104
123
657
382
386
380
53
59
75
123
414
381
385
110
53
59
107
123
415
386
384
388
53
101
107
123
660
385
383
389
53
59
83
131
417
372
388
113
53
59
107
131
418
389
387
385
53
101
107
131
663
388
374
386
53
67
95
143
513
375
391
116
53
67
115
143
515
392
390
378
53
101
115
143
666
391
377
380
54
78
84
132
541
294
394
119
54
78
126
132
542
395
393
397
54
102
126
132
669
394
295
398
54
78
89
137
474
297
397
122
54
78
126
137
475
398
396
394
54
102
126
137
672
397
298
395
55
61
91
139
477
412
400
125
55
61
109
139
479
401
399
327
55
103
109
139
675
400
413
328
55
82
90
138
531
408
403
128
55
82
130
138
532
404
402
330
55
103
130
138
678
403
410
331
55
83
87
135
357
409
406
131
55
83
131
135
358
407
405
372
55
103
131
135
681
406
410
373
55
87
90
138
360
402
409
134
55
87
135
138
361
410
408
405
55
103
135
138
684
409
404
407
55
91
95
143
369
375
412
137
55
91
139
143
370
413
411
399
55
103
139
143
687
412
376
401
56
59
75
123
384
381
415
140
56
59
107
123
385
416
414
418
56
104
107
123
690
415
382
419
56
59
83
131
387
423
418
143
56
59
107
131
388
419
417
415
56
104
107
131
693
418
425
416
56
65
74
122
486
430
421
146
56
65
113
122
487
422
420
424
56
104
113
122
696
421
431
425
56
65
83
131
502
417
424
149
56
65
113
131
503
425
423
421
56
104
113
131
699
424
419
422
56
67
80
128
514
432
427
152
56
67
115
128
515
428
426
378
56
104
115
128
702
427
434
379
56
74
78
126
492
433
430
155
56
74
122
126
493
431
429
420
56
104
122
126
705
430
434
422
56
78
80
128
538
426
433
158
56
78
126
128
539
434
432
429
56
104
126
128
708
433
428
431
57
73
79
127
504
442
436
161
57
73
121
127
505
437
435
439
57
105
121
127
711
436
443
440
57
73
81
129
315
445
439
164
57
73
121
129
316
440
438
436
57
105
121
129
714
439
446
437
57
79
84
132
544
444
442
167
57
79
127
132
545
443
441
435
57
105
127
132
717
442
446
437
57
81
84
132
324
441
445
170
57
81
129
132
325
446
444
438
57
105
129
132
720
445
443
440
58
61
89
137
474
303
448
173
58
61
109
137
476
449
447
333
58
106
109
137
723
448
304
334
58
64
76
124
498
459
451
176
58
64
112
124
500
452
450
342
58
106
112
124
726
451
461
343
58
68
77
125
517
300
454
179
58
68
116
125
518
455
453
457
58
106
116
125
729
454
301
458
58
68
85
133
523
345
457
182
58
68
116
133
524
458
456
454
58
106
116
133
732
457
346
455
58
71
76
124
498
450
460
185
58
71
119
124
499
461
459
282
58
106
119
124
735
460
452
283
58
72
92
140
535
285
463
188
58
72
120
140
536
464
462
466
58
106
120
140
738
463
286
467
58
72
94
142
534
468
466
191
58
72
120
142
536
467
465
463
58
106
120
142
741
466
470
464
58
93
94
142
549
465
469
194
58
93
141
142
550
470
468
336
58
106
141
142
744
469
467
337
60
92
93
141
550
291
472
197
60
92
140
141
551
473
471
288
60
108
140
141
747
472
292
289
61
78
89
137
396
447
475
200
61
78
126
137
397
476
474
478
61
109
126
137
750
475
448
479
61
78
91
139
363
399
478
203
61
78
126
139
364
479
477
475
61
109
126
139
753
478
400
476
62
63
78
126
496
492
481
206
62
63
111
126
497
482
480
484
62
110
111
126
756
481
494
485
62
63
86
134
495
489
484
209
62
63
111
134
497
485
483
481
62
110
111
134
759
484
491
482
62
65
74
122
420
493
487
212
62
65
113
122
421
488
486
490
62
110
113
122
762
487
494
491
62
65
86
134
501
483
490
215
62
65
113
134
503
491
489
487
62
110
113
134
765
490
485
488
62
74
78
126
429
480
493
218
62
74
122
126
430
494
492
486
62
110
122
126
768
493
482
488
63
78
86
134
540
483
496
221
63
78
126
134
542
497
495
480
63
111
126
134
771
496
484
481
64
71
76
124
459
450
499
224
64
71
119
124
460
500
498
348
64
112
119
124
774
499
451
349
65
83
86
134
546
489
502
227
65
83
131
134
548
503
501
423
65
113
131
134
777
502
490
424
66
73
79
127
435
511
505
230
66
73
121
127
436
506
504
508
66
114
121
127
780
505
512
509
66
73
88
136
318
510
508
233
66
73
121
136
319
509
507
505
66
114
121
136
783
508
512
506
66
79
88
136
321
507
511
236
66
79
127
136
322
512
510
504
66
114
127
136
786
511
509
506
67
80
95
143
537
390
514
239
67
80
128
143
538
515
513
426
67
115
128
143
789
514
391
427
68
77
79
127
528
520
517
242
68
77
125
127
529
518
516
453
68
116
125
127
792
517
521
454
68
79
86
134
543
522
520
245
68
79
127
134
545
521
519
516
68
116
127
134
795
520
524
518
68
85
86
134
546
519
523
248
68
85
133
134
547
524
522
456
68
116
133
134
798
523
521
457
69
70
79
127
528
309
526
251
69
70
118
127
530
527
525
306
69
117
118
127
801
526
310
307
70
77
79
127
516
525
529
254
70
77
125
127
517
530
528
312
70
118
125
127
804
529
526
313
71
82
90
138
402
351
532
257
71
82
130
138
403
533
531
339
71
119
130
138
807
532
352
340
72
92
94
142
549
465
535
260
72
92
140
142
551
536
534
462
72
120
140
142
810
535
466
463
78
80
95
143
513
366
538
263
78
80
128
143
514
539
537
432
78
126
128
143
813
538
367
433
78
84
86
134
543
495
541
266
78
84
132
134
544
542
540
393
78
126
132
134
816
541
496
394
79
84
86
134
540
519
544
269
79
84
132
134
541
545
543
441
79
127
132
134
819
544
520
442
83
85
86
134
522
501
547
272
83
85
133
134
523
548
546
354
83
131
133
134
822
547
502
355
92
93
94
142
468
534
550
275
92
93
141
142
469
551
549
471
92
140
141
142
825
550
535
472
96
98
119
167
616
558
553
278
96
98
146
167
617
554
552
556
96
144
146
167
828
553
560
557
96
98
141
189
612
567
556
281
96
98
146
189
614
557
555
553
96
144
146
189
831
556
569
554
96
106
119
167
736
552
559
284
96
106
154
167
737
560
558
562
96
144
154
167
834
559
554
563
96
106
140
188
738
564
562
287
96
106
154
188
740
563
561
559
96
144
154
188
837
562
566
560
96
108
140
188
748
561
565
290
96
108
156
188
749
566
564
568
96
144
156
188
840
565
563
569
96
108
141
189
747
555
568
293
96
108
156
189
749
569
567
565
96
144
156
189
843
568
557
566
97
102
132
180
669
600
571
296
97
102
150
180
671
572
570
574
97
145
150
180
846
571
602
575
97
102
137
185
672
579
574
299
97
102
150
185
674
575
573
571
97
145
150
185
849
574
581
572
97
106
125
173
729
588
577
302
97
106
154
173
731
578
576
580
97
145
154
173
852
577
590
581
97
106
137
185
723
573
580
305
97
106
154
185
725
581
579
577
97
145
154
185
855
580
575
578
97
117
118
166
802
589
583
308
97
117
165
166
803
584
582
586
97
145
165
166
858
583
590
587
97
117
127
175
801
598
586
311
97
117
165
175
803
587
585
583
97
145
165
175
861
586
599
584
97
118
125
173
805
576
589
314
97
118
166
173
806
590
588
582
97
145
166
173
864
589
578
584
97
121
129
177
714
601
592
317
97
121
169
177
715
593
591
595
97
145
169
177
867
592
602
596
97
121
136
184
783
597
595
320
97
121
169
184
784
596
594
592
97
145
169
184
870
595
599
593
97
127
136
184
786
594
598
323
97
127
175
184
787
599
597
585
97
145
175
184
873
598
596
587
97
129
132
180
720
570
601
326
97
129
177
180
721
602
600
591
97
145
177
180
876
601
572
593
98
103
109
157
676
609
604
329
98
103
151
157
677
605
603
607
98
146
151
157
879
604
611
608
98
103
130
178
679
615
607
332
98
103
151
178
680
608
606
604
98
146
151
178
882
607
617
605
98
106
109
157
724
603
610
335
98
106
154
157
725
611
609
613
98
146
154
157
885
610
605
614
98
106
141
189
745
555
613
338
98
106
154
189
746
614
612
610
98
146
154
189
888
613
556
611
98
119
130
178
808
606
616
341
98
119
167
178
809
617
615
552
98
146
167
178
891
616
608
553
99
106
112
160
727
625
619
344
99
106
154
160
728
620
618
622
99
147
154
160
894
619
626
623
99
106
133
181
732
630
622
347
99
106
154
181
734
623
621
619
99
147
154
181
897
622
632
620
99
112
119
167
775
628
625
350
99
112
160
167
776
626
624
618
99
147
160
167
900
625
629
620
99
119
138
186
807
636
628
353
99
119
167
186
809
629
627
624
99
147
167
186
903
628
638
626
99
131
133
181
823
621
631
356
99
131
179
181
824
632
630
634
99
147
179
181
906
631
623
635
99
131
135
183
681
637
634
359
99
131
179
183
682
635
633
631
99
147
179
183
909
634
638
632
99
135
138
186
684
627
637
362
99
135
183
186
685
638
636
633
99
147
183
186
912
637
629
635
100
126
139
187
753
646
640
365
100
126
174
187
754
641
639
643
100
148
174
187
915
640
647
644
100
126
143
191
813
645
643
368
100
126
174
191
815
644
642
640
100
148
174
191
918
643
647
641
100
139
143
191
687
642
646
371
100
139
187
191
688
647
645
639
100
148
187
191
921
646
644
641
101
103
131
179
682
663
649
374
101
103
151
179
683
650
648
652
101
149
151
179
924
649
665
653
101
103
143
191
687
666
652
377
101
103
151
191
689
653
651
649
101
149
151
191
927
652
668
650
101
104
115
163
703
667
655
380
101
104
152
163
704
656
654
658
101
149
152
163
930
655
668
659
101
104
123
171
690
660
658
383
101
104
152
171
692
659
657
655
101
149
152
171
933
658
662
656
101
107
123
171
690
657
661
386
101
107
155
171
691
662
660
664
101
149
155
171
936
661
659
665
101
107
131
179
693
648
664
389
101
107
155
179
694
665
663
661
101
149
155
179
939
664
650
662
101
115
143
191
789
651
667
392
101
115
163
191
791
668
666
654
101
149
163
191
942
667
653
656
102
126
132
180
817
570
670
395
102
126
174
180
818
671
669
673
102
150
174
180
945
670
571
674
102
126
137
185
750
573
673
398
102
126
174
185
751
674
672
670
102
150
174
185
948
673
574
671
103
109
139
187
753
688
676
401
103
109
157
187
755
677
675
603
103
151
157
187
951
676
689
604
103
130
138
186
807
684
679
404
103
130
178
186
808
680
678
606
103
151
178
186
954
679
686
607
103
131
135
183
633
685
682
407
103
131
179
183
634
683
681
648
103
151
179
183
957
682
686
649
103
135
138
186
636
678
685
410
103
135
183
186
637
686
684
681
103
151
183
186
960
685
680
683
103
139
143
191
645
651
688
413
103
139
187
191
646
689
687
675
103
151
187
191
963
688
652
677
104
107
123
171
660
657
691
416
104
107
155
171
661
692
690
694
104
152
155
171
966
691
658
695
104
107
131
179
663
699
694
419
104
107
155
179
664
695
693
691
104
152
155
179
969
694
701
692
104
113
122
170
762
706
697
422
104
113
161
170
763
698
696
700
104
152
161
170
972
697
707
701
104
113
131
179
778
693
700
425
104
113
161
179
779
701
699
697
104
152
161
179
975
700
695
698
104
115
128
176
790
708
703
428
104
115
163
176
791
704
702
654
104
152
163
176
978
703
710
655
104
122
126
174
768
709
706
431
104
122
170
174
769
707
705
696
104
152
170
174
981
706
710
698
104
126
128
176
814
702
709
434
104
126
174
176
815
710
708
705
104
152
174
176
984
709
704
707
105
121
127
175
780
718
712
437
105
121
169
175
781
713
711
715
105
153
169
175
987
712
719
716
105
121
129
177
591
721
715
440
105
121
169
177
592
716
714
712
105
153
169
177
990
715
722
713
105
127
132
180
820
720
718
443
105
127
175
180
821
719
717
711
105
153
175
180
993
718
722
713
105
129
132
180
600
717
721
446
105
129
177
180
601
722
720
714
105
153
177
180
996
721
719
716
106
109
137
185
750
579
724
449
106
109
157
185
752
725
723
609
106
154
157
185
999
724
580
610
106
112
124
172
774
735
727
452
106
112
160
172
776
728
726
618
106
154
160
172
1002
727
737
619
106
116
125
173
793
576
730
455
106
116
164
173
794
731
729
733
106
154
164
173
1005
730
577
734
106
116
133
181
799
621
733
458
106
116
164
181
800
734
732
730
106
154
164
181
1008
733
622
731
106
119
124
172
774
726
736
461
106
119
167
172
775
737
735
558
106
154
167
172
1011
736
728
559
106
120
140
188
811
561
739
464
106
120
168
188
812
740
738
742
106
154
168
188
1014
739
562
743
106
120
142
190
810
744
742
467
106
120
168
190
812
743
741
739
106
154
168
190
1017
742
746
740
106
141
142
190
825
741
745
470
106
141
189
190
826
746
744
612
106
154
189
190
1020
745
743
613
108
140
141
189
826
567
748
473
108
140
188
189
827
749
747
564
108
156
188
189
1023
748
568
565
109
126
137
185
672
723
751
476
109
126
174
185
673
752
750
754
109
157
174
185
1026
751
724
755
109
126
139
187
639
675
754
479
109
126
174
187
640
755
753
751
109
157
174
187
1029
754
676
752
110
111
126
174
772
768
757
482
110
111
159
174
773
758
756
760
110
158
159
174
1032
757
770
761
110
111
134
182
771
765
760
485
110
111
159
182
773
761
759
757
110
158
159
182
1035
760
767
758
110
113
122
170
696
769
763
488
110
113
161
170
697
764
762
766
110
158
161
170
1038
763
770
767
110
113
134
182
777
759
766
491
110
113
161
182
779
767
765
763
110
158
161
182
1041
766
761
764
110
122
126
174
705
756
769
494
110
122
170
174
706
770
768
762
110
158
170
174
1044
769
758
764
111
126
134
182
816
759
772
497
111
126
174
182
818
773
771
756
111
159
174
182
1047
772
760
757
112
119
124
172
735
726
775
500
112
119
167
172
736
776
774
624
112
160
167
172
1050
775
727
625
113
131
134
182
822
765
778
503
113
131
179
182
824
779
777
699
113
161
179
182
1053
778
766
700
114
121
127
175
711
787
781
506
114
121
169
175
712
782
780
784
114
162
169
175
1056
781
788
785
114
121
136
184
594
786
784
509
114
121
169
184
595
785
783
781
114
162
169
184
1059
784
788
782
114
127
136
184
597
783
787
512
114
127
175
184
598
788
786
780
114
162
175
184
1062
787
785
782
115
128
143
191
813
666
790
515
115
128
176
191
814
791
789
702
115
163
176
191
1065
790
667
703
116
125
127
175
804
796
793
518
116
125
173
175
805
794
792
729
116
164
173
175
1068
793
797
730
116
127
134
182
819
798
796
521
116
127
175
182
821
797
795
792
116
164
175
182
1071
796
800
794
116
133
134
182
822
795
799
524
116
133
181
182
823
800
798
732
116
164
181
182
1074
799
797
733
117
118
127
175
804
585
802
527
117
118
166
175
806
803
801
582
117
165
166
175
1077
802
586
583
118
125
127
175
792
801
805
530
118
125
173
175
793
806
804
588
118
166
173
175
1080
805
802
589
119
130
138
186
678
627
808
533
119
130
178
186
679
809
807
615
119
167
178
186
1083
808
628
616
120
140
142
190
825
741
811
536
120
140
188
190
827
812
810
738
120
168
188
190
1086
811
742
739
126
128
143
191
789
642
814
539
126
128
176
191
790
815
813
708
126
174
176
191
1089
814
643
709
126
132
134
182
819
771
817
542
126
132
180
182
820
818
816
669
126
174
180
182
1092
817
772
670
127
132
134
182
816
795
820
545
127
132
180
182
817
821
819
717
127
175
180
182
1095
820
796
718
131
133
134
182
798
777
823
548
131
133
181
182
799
824
822
630
131
179
181
182
1098
823
778
631
140
141
142
190
744
810
826
551
140
141
189
190
745
827
825
747
140
188
189
190
1101
826
811
748
144
146
167
23
892
834
829
554
144
146
2
23
893
830
828
832
144
0
2
23
0
829
836
833
144
146
189
45
888
843
832
557
144
146
2
45
890
833
831
829
144
0
2
45
3
832
845
830
144
154
167
23
1012
828
835
560
144
154
10
23
1013
836
834
838
144
0
10
23
6
835
830
839
144
154
188
44
1014
840
838
563
144
154
10
44
1016
839
837
835
144
0
10
44
9
838
842
836
144
156
188
44
1024
837
841
566
144
156
12
44
1025
842
840
844
144
0
12
44
12
841
839
845
144
156
189
45
1023
831
844
569
144
156
12
45
1025
845
843
841
144
0
12
45
15
844
833
842
145
150
180
36
945
876
847
572
145
150
6
36
947
848
846
850
145
1
6
36
18
847
878
851
145
150
185
41
948
855
850
575
145
150
6
41
950
851
849
847
145
1
6
41
21
850
857
848
145
154
173
29
1005
864
853
578
145
154
10
29
1007
854
852
856
145
1
10
29
24
853
866
857
145
154
185
41
999
849
856
581
145
154
10
41
1001
857
855
853
145
1
10
41
27
856
851
854
145
165
166
22
1078
865
859
584
145
165
21
22
1079
860
858
862
145
1
21
22
30
859
866
863
145
165
175
31
1077
874
862
587
145
165
21
31
1079
863
861
859
145
1
21
31
33
862
875
860
145
166
173
29
1081
852
865
590
145
166
22
29
1082
866
864
858
145
1
22
29
36
865
854
860
145
169
177
33
990
877
868
593
145
169
25
33
991
869
867
871
145
1
25
33
39
868
878
872
145
169
184
40
1059
873
871
596
145
169
25
40
1060
872
870
868
145
1
25
40
42
871
875
869
145
175
184
40
1062
870
874
599
145
175
31
40
1063
875
873
861
145
1
31
40
45
874
872
863
145
177
180
36
996
846
877
602
145
177
33
36
997
878
876
867
145
1
33
36
48
877
848
869
146
151
157
13
952
885
880
605
146
151
7
13
953
881
879
883
146
2
7
13
51
880
887
884
146
151
178
34
955
891
883
608
146
151
7
34
956
884
882
880
146
2
7
34
54
883
893
881
146
154
157
13
1000
879
886
611
146
154
10
13
1001
887
885
889
146
2
10
13
57
886
881
890
146
154
189
45
1021
831
889
614
146
154
10
45
1022
890
888
886
146
2
10
45
60
889
832
887
146
167
178
34
1084
882
892
617
146
167
23
34
1085
893
891
828
146
2
23
34
63
892
884
829
147
154
160
16
1003
901
895
620
147
154
10
16
1004
896
894
898
147
3
10
16
66
895
902
899
147
154
181
37
1008
906
898
623
147
154
10
37
1010
899
897
895
147
3
10
37
69
898
908
896
147
160
167
23
1051
904
901
626
147
160
16
23
1052
902
900
894
147
3
16
23
72
901
905
896
147
167
186
42
1083
912
904
629
147
167
23
42
1085
905
903
900
147
3
23
42
75
904
914
902
147
179
181
37
1099
897
907
632
147
179
35
37
1100
908
906
910
147
3
35
37
78
907
899
911
147
179
183
39
957
913
910
635
147
179
35
39
958
911
909
907
147
3
35
39
81
910
914
908
147
183
186
42
960
903
913
638
147
183
39
42
961
914
912
909
147
3
39
42
84
913
905
911
148
174
187
43
1029
922
916
641
148
174
30
43
1030
917
915
919
148
4
30
43
87
916
923
920
148
174
191
47
1089
921
919
644
148
174
30
47
1091
920
918
916
148
4
30
47
90
919
923
917
148
187
191
47
963
918
922
647
148
187
43
47
964
923
921
915
148
4
43
47
93
922
920
917
149
151
179
35
958
939
925
650
149
151
7
35
959
926
924
928
149
5
7
35
96
925
941
929
149
151
191
47
963
942
928
653
149
151
7
47
965
929
927
925
149
5
7
47
99
928
944
926
149
152
163
19
979
943
931
656
149
152
8
19
980
932
930
934
149
5
8
19
102
931
944
935
149
152
171
27
966
936
934
659
149
152
8
27
968
935
933
931
149
5
8
27
105
934
938
932
149
155
171
27
966
933
937
662
149
155
11
27
967
938
936
940
149
5
11
27
108
937
935
941
149
155
179
35
969
924
940
665
149
155
11
35
970
941
939
937
149
5
11
35
111
940
926
938
149
163
191
47
1065
927
943
668
149
163
19
47
1067
944
942
930
149
5
19
47
114
943
929
932
150
174
180
36
1093
846
946
671
150
174
30
36
1094
947
945
949
150
6
30
36
117
946
847
950
150
174
185
41
1026
849
949
674
150
174
30
41
1027
950
948
946
150
6
30
41
120
949
850
947
151
157
187
43
1029
964
952
677
151
157
13
43
1031
953
951
879
151
7
13
43
123
952
965
880
151
178
186
42
1083
960
955
680
151
178
34
42
1084
956
954
882
151
7
34
42
126
955
962
883
151
179
183
39
909
961
958
683
151
179
35
39
910
959
957
924
151
7
35
39
129
958
962
925
151
183
186
42
912
954
961
686
151
183
39
42
913
962
960
957
151
7
39
42
132
961
956
959
151
187
191
47
921
927
964
689
151
187
43
47
922
965
963
951
151
7
43
47
135
964
928
953
152
155
171
27
936
933
967
692
152
155
11
27
937
968
966
970
152
8
11
27
138
967
934
971
152
155
179
35
939
975
970
695
152
155
11
35
940
971
969
967
152
8
11
35
141
970
977
968
152
161
170
26
1038
982
973
698
152
161
17
26
1039
974
972
976
152
8
17
26
144
973
983
977
152
161
179
35
1054
969
976
701
152
161
17
35
1055
977
975
973
152
8
17
35
147
976
971
974
152
163
176
32
1066
984
979
704
152
163
19
32
1067
980
978
930
152
8
19
32
150
979
986
931
152
170
174
30
1044
985
982
707
152
170
26
30
1045
983
981
972
152
8
26
30
153
982
986
974
152
174
176
32
1090
978
985
710
152
174
30
32
1091
986
984
981
152
8
30
32
156
985
980
983
153
169
175
31
1056
994
988
713
153
169
25
31
1057
989
987
991
153
9
25
31
159
988
995
992
153
169
177
33
867
997
991
716
153
169
25
33
868
992
990
988
153
9
25
33
162
991
998
989
153
175
180
36
1096
996
994
719
153
175
31
36
1097
995
993
987
153
9
31
36
165
994
998
989
153
177
180
36
876
993
997
722
153
177
33
36
877
998
996
990
153
9
33
36
168
997
995
992
154
157
185
41
1026
855
1000
725
154
157
13
41
1028
1001
999
885
154
10
13
41
171
1000
856
886
154
160
172
28
1050
1011
1003
728
154
160
16
28
1052
1004
1002
894
154
10
16
28
174
1003
1013
895
154
164
173
29
1069
852
1006
731
154
164
20
29
1070
1007
1005
1009
154
10
20
29
177
1006
853
1010
154
164
181
37
1075
897
1009
734
154
164
20
37
1076
1010
1008
1006
154
10
20
37
180
1009
898
1007
154
167
172
28
1050
1002
1012
737
154
167
23
28
1051
1013
1011
834
154
10
23
28
183
1012
1004
835
154
168
188
44
1087
837
1015
740
154
168
24
44
1088
1016
1014
1018
154
10
24
44
186
1015
838
1019
154
168
190
46
1086
1020
1018
743
154
168
24
46
1088
1019
1017
1015
154
10
24
46
189
1018
1022
1016
154
189
190
46
1101
1017
1021
746
154
189
45
46
1102
1022
1020
888
154
10
45
46
192
1021
1019
889
156
188
189
45
1102
843
1024
749
156
188
44
45
1103
1025
1023
840
156
12
44
45
195
1024
844
841
157
174
185
41
948
999
1027
752
157
174
30
41
949
1028
1026
1030
157
13
30
41
198
1027
1000
1031
157
174
187
43
915
951
1030
755
157
174
30
43
916
1031
1029
1027
157
13
30
43
201
1030
952
1028
158
159
174
30
1048
1044
1033
758
158
159
15
30
1049
1034
1032
1036
158
14
15
30
204
1033
1046
1037
158
159
182
38
1047
1041
1036
761
158
159
15
38
1049
1037
1035
1033
158
14
15
38
207
1036
1043
1034
158
161
170
26
972
1045
1039
764
158
161
17
26
973
1040
1038
1042
158
14
17
26
210
1039
1046
1043
158
161
182
38
1053
1035
1042
767
158
161
17
38
1055
1043
1041
1039
158
14
17
38
213
1042
1037
1040
158
170
174
30
981
1032
1045
770
158
170
26
30
982
1046
1044
1038
158
14
26
30
216
1045
1034
1040
159
174
182
38
1092
1035
1048
773
159
174
30
38
1094
1049
1047
1032
159
15
30
38
219
1048
1036
1033
160
167
172
28
1011
1002
1051
776
160
167
23
28
1012
1052
1050
900
160
16
23
28
222
1051
1003
901
161
179
182
38
1098
1041
1054
779
161
179
35
38
1100
1055
1053
975
161
17
35
38
225
1054
1042
976
162
169
175
31
987
1063
1057
782
162
169
25
31
988
1058
1056
1060
162
18
25
31
228
1057
1064
1061
162
169
184
40
870
1062
1060
785
162
169
25
40
871
1061
1059
1057
162
18
25
40
231
1060
1064
1058
162
175
184
40
873
1059
1063
788
162
175
31
40
874
1064
1062
1056
162
18
31
40
234
1063
1061
1058
163
176
191
47
1089
942
1066
791
163
176
32
47
1090
1067
1065
978
163
19
32
47
237
1066
943
979
164
173
175
31
1080
1072
1069
794
164
173
29
31
1081
1070
1068
1005
164
20
29
31
240
1069
1073
1006
164
175
182
38
1095
1074
1072
797
164
175
31
38
1097
1073
1071
1068
164
20
31
38
243
1072
1076
1070
164
181
182
38
1098
1071
1075
800
164
181
37
38
1099
1076
1074
1008
164
20
37
38
246
1075
1073
1009
165
166
175
31
1080
861
1078
803
165
166
22
31
1082
1079
1077
858
165
21
22
31
249
1078
862
859
166
173
175
31
1068
1077
1081
806
166
173
29
31
1069
1082
1080
864
166
22
29
31
252
1081
1078
865
167
178
186
42
954
903
1084
809
167
178
34
42
955
1085
1083
891
167
23
34
42
255
1084
904
892
168
188
190
46
1101
1017
1087
812
168
188
44
46
1103
1088
1086
1014
168
24
44
46
258
1087
1018
1015
174
176
191
47
1065
918
1090
815
174
176
32
47
1066
1091
1089
984
174
30
32
47
261
1090
919
985
174
180
182
38
1095
1047
1093
818
174
180
36
38
1096
1094
1092
945
174
30
36
38
264
1093
1048
946
175
180
182
38
1092
1071
1096
821
175
180
36
38
1093
1097
1095
993
175
31
36
38
267
1096
1072
994
179
181
182
38
1074
1053
1099
824
179
181
37
38
1075
1100
1098
906
179
35
37
38
270
1099
1054
907
188
189
190
46
1020
1086
1102
827
188
189
45
46
1021
1103
1101
1023
188
44
45
46
273
1102
1087
1024
1104
