1
96
0
0
0
0
0
0
0
0
0
0
0
0
0
0
0
0
0
0
0
0
0
0
0
0
1
1
1
1
1
1
1
1
1
1
1
1
1
1
1
1
1
1
1
1
1
1
1
1
2
2
2
2
2
2
2
2
2
2
2
2
2
2
2
2
2
2
2
2
2
2
2
2
3
3
3
3
3
3
3
3
3
3
3
3
3
3
3
3
3
3
3
3
3
3
3
3
96
528
0
6
12
36
12
7
1
398
0
6
30
36
13
2
0
4
0
24
30
36
132
1
8
5
0
6
18
42
84
10
4
401
0
6
30
42
86
5
3
1
0
24
30
42
135
4
11
2
0
12
23
47
123
9
7
404
0
12
36
47
125
8
6
0
0
24
36
47
138
7
11
2
0
18
23
47
57
6
10
407
0
18
42
47
58
11
9
3
0
24
42
47
141
10
8
5
1
6
12
36
0
19
13
410
1
6
30
36
1
14
12
16
1
25
30
36
144
13
20
17
1
6
17
41
85
22
16
413
1
6
30
41
86
17
15
13
1
25
30
41
147
16
23
14
1
12
22
46
75
21
19
416
1
12
36
46
76
20
18
12
1
25
36
46
150
19
23
14
1
17
22
46
48
18
22
419
1
17
41
46
49
23
21
15
1
25
41
46
153
22
20
17
2
4
20
44
54
30
25
422
2
4
28
44
56
26
24
28
2
26
28
44
156
25
32
29
2
4
21
45
61
37
28
425
2
4
28
45
62
29
27
25
2
26
28
45
159
28
38
26
2
9
20
44
99
24
31
428
2
9
33
44
100
32
30
34
2
26
33
44
162
31
26
35
2
9
23
47
105
36
34
431
2
9
33
47
107
35
33
31
2
26
33
47
165
34
38
32
2
21
23
47
60
33
37
434
2
21
45
47
61
38
36
27
2
26
45
47
168
37
35
29
3
15
18
42
126
45
40
437
3
15
39
42
127
41
39
43
3
27
39
42
171
40
47
44
3
15
22
46
78
48
43
440
3
15
39
46
79
44
42
40
3
27
39
46
174
43
50
41
3
17
18
42
84
39
46
443
3
17
41
42
85
47
45
49
3
27
41
42
177
46
41
50
3
17
22
46
21
42
49
446
3
17
41
46
22
50
48
46
3
27
41
46
180
49
44
47
4
8
18
42
96
58
52
449
4
8
32
42
98
53
51
55
4
28
32
42
183
52
59
56
4
8
20
44
99
24
55
452
4
8
32
44
101
56
54
52
4
28
32
44
186
55
25
53
4
18
23
47
9
60
58
455
4
18
42
47
10
59
57
51
4
28
42
47
189
58
62
53
4
21
23
47
36
57
61
458
4
21
45
47
37
62
60
27
4
28
45
47
192
61
59
28
5
7
11
35
94
70
64
461
5
7
31
35
95
65
63
67
5
29
31
35
195
64
71
68
5
7
19
43
90
81
67
464
5
7
31
43
92
68
66
64
5
29
31
43
198
67
83
65
5
11
15
39
120
79
70
467
5
11
35
39
122
71
69
63
5
29
35
39
201
70
80
65
5
12
16
40
124
82
73
470
5
12
36
40
125
74
72
76
5
29
36
40
204
73
83
77
5
12
22
46
18
78
76
473
5
12
36
46
19
77
75
73
5
29
36
46
207
76
80
74
5
15
22
46
42
75
79
476
5
15
39
46
43
80
78
69
5
29
39
46
210
79
77
71
5
16
19
43
130
66
82
479
5
16
40
43
131
83
81
72
5
29
40
43
213
82
68
74
6
17
18
42
45
3
85
482
6
17
41
42
46
86
84
15
6
30
41
42
216
85
4
16
7
9
13
37
103
93
88
485
7
9
33
37
104
89
87
91
7
31
33
37
219
88
95
92
7
9
19
43
106
66
91
488
7
9
33
43
107
92
90
88
7
31
33
43
222
91
67
89
7
11
13
37
118
87
94
491
7
11
35
37
119
95
93
63
7
31
35
37
225
94
89
64
8
9
18
42
102
51
97
494
8
9
33
42
104
98
96
100
8
32
33
42
228
97
52
101
8
9
20
44
30
54
100
497
8
9
33
44
31
101
99
97
8
32
33
44
231
100
55
98
9
13
18
42
126
96
103
500
9
13
37
42
128
104
102
87
9
33
37
42
234
103
97
88
9
19
23
47
129
33
106
503
9
19
43
47
130
107
105
90
9
33
43
47
237
106
34
91
10
13
14
38
117
115
109
506
10
13
37
38
118
110
108
112
10
34
37
38
240
109
116
113
10
13
15
39
127
114
112
509
10
13
37
39
128
113
111
109
10
34
37
39
243
112
116
110
10
14
15
39
120
111
115
512
10
14
38
39
121
116
114
108
10
34
38
39
246
115
113
110
11
13
14
38
108
121
118
515
11
13
37
38
109
119
117
93
11
35
37
38
249
118
122
94
11
14
15
39
114
69
121
518
11
14
38
39
115
122
120
117
11
35
38
39
252
121
70
119
12
16
23
47
129
6
124
521
12
16
40
47
131
125
123
72
12
36
40
47
255
124
7
73
13
15
18
42
39
102
127
524
13
15
39
42
40
128
126
111
13
37
39
42
258
127
103
112
16
19
23
47
105
123
130
527
16
19
43
47
106
131
129
81
16
40
43
47
261
130
124
82
24
30
36
60
144
139
133
2
24
30
54
60
145
134
132
136
24
48
54
60
264
133
140
137
24
30
42
66
216
142
136
5
24
30
54
66
218
137
135
133
24
48
54
66
267
136
143
134
24
36
47
71
255
141
139
8
24
36
60
71
257
140
138
132
24
48
60
71
270
139
143
134
24
42
47
71
189
138
142
11
24
42
66
71
190
143
141
135
24
48
66
71
273
142
140
137
25
30
36
60
132
151
145
14
25
30
54
60
133
146
144
148
25
49
54
60
276
145
152
149
25
30
41
65
217
154
148
17
25
30
54
65
218
149
147
145
25
49
54
65
279
148
155
146
25
36
46
70
207
153
151
20
25
36
60
70
208
152
150
144
25
49
60
70
282
151
155
146
25
41
46
70
180
150
154
23
25
41
65
70
181
155
153
147
25
49
65
70
285
154
152
149
26
28
44
68
186
162
157
26
26
28
52
68
188
158
156
160
26
50
52
68
288
157
164
161
26
28
45
69
193
169
160
29
26
28
52
69
194
161
159
157
26
50
52
69
291
160
170
158
26
33
44
68
231
156
163
32
26
33
57
68
232
164
162
166
26
50
57
68
294
163
158
167
26
33
47
71
237
168
166
35
26
33
57
71
239
167
165
163
26
50
57
71
297
166
170
164
26
45
47
71
192
165
169
38
26
45
69
71
193
170
168
159
26
50
69
71
300
169
167
161
27
39
42
66
258
177
172
41
27
39
63
66
259
173
171
175
27
51
63
66
303
172
179
176
27
39
46
70
210
180
175
44
27
39
63
70
211
176
174
172
27
51
63
70
306
175
182
173
27
41
42
66
216
171
178
47
27
41
65
66
217
179
177
181
27
51
65
66
309
178
173
182
27
41
46
70
153
174
181
50
27
41
65
70
154
182
180
178
27
51
65
70
312
181
176
179
28
32
42
66
228
190
184
53
28
32
56
66
230
185
183
187
28
52
56
66
315
184
191
188
28
32
44
68
231
156
187
56
28
32
56
68
233
188
186
184
28
52
56
68
318
187
157
185
28
42
47
71
141
192
190
59
28
42
66
71
142
191
189
183
28
52
66
71
321
190
194
185
28
45
47
71
168
189
193
62
28
45
69
71
169
194
192
159
28
52
69
71
324
193
191
160
29
31
35
59
226
202
196
65
29
31
55
59
227
197
195
199
29
53
55
59
327
196
203
200
29
31
43
67
222
213
199
68
29
31
55
67
224
200
198
196
29
53
55
67
330
199
215
197
29
35
39
63
252
211
202
71
29
35
59
63
254
203
201
195
29
53
59
63
333
202
212
197
29
36
40
64
256
214
205
74
29
36
60
64
257
206
204
208
29
53
60
64
336
205
215
209
29
36
46
70
150
210
208
77
29
36
60
70
151
209
207
205
29
53
60
70
339
208
212
206
29
39
46
70
174
207
211
80
29
39
63
70
175
212
210
201
29
53
63
70
342
211
209
203
29
40
43
67
262
198
214
83
29
40
64
67
263
215
213
204
29
53
64
67
345
214
200
206
30
41
42
66
177
135
217
86
30
41
65
66
178
218
216
147
30
54
65
66
348
217
136
148
31
33
37
61
235
225
220
89
31
33
57
61
236
221
219
223
31
55
57
61
351
220
227
224
31
33
43
67
238
198
223
92
31
33
57
67
239
224
222
220
31
55
57
67
354
223
199
221
31
35
37
61
250
219
226
95
31
35
59
61
251
227
225
195
31
55
59
61
357
226
221
196
32
33
42
66
234
183
229
98
32
33
57
66
236
230
228
232
32
56
57
66
360
229
184
233
32
33
44
68
162
186
232
101
32
33
57
68
163
233
231
229
32
56
57
68
363
232
187
230
33
37
42
66
258
228
235
104
33
37
61
66
260
236
234
219
33
57
61
66
366
235
229
220
33
43
47
71
261
165
238
107
33
43
67
71
262
239
237
222
33
57
67
71
369
238
166
223
34
37
38
62
249
247
241
110
34
37
61
62
250
242
240
244
34
58
61
62
372
241
248
245
34
37
39
63
259
246
244
113
34
37
61
63
260
245
243
241
34
58
61
63
375
244
248
242
34
38
39
63
252
243
247
116
34
38
62
63
253
248
246
240
34
58
62
63
378
247
245
242
35
37
38
62
240
253
250
119
35
37
61
62
241
251
249
225
35
59
61
62
381
250
254
226
35
38
39
63
246
201
253
122
35
38
62
63
247
254
252
249
35
59
62
63
384
253
202
251
36
40
47
71
261
138
256
125
36
40
64
71
263
257
255
204
36
60
64
71
387
256
139
205
37
39
42
66
171
234
259
128
37
39
63
66
172
260
258
243
37
61
63
66
390
259
235
244
40
43
47
71
237
255
262
131
40
43
67
71
238
263
261
213
40
64
67
71
393
262
256
214
48
54
60
84
276
271
265
134
48
54
78
84
277
266
264
268
48
72
78
84
396
265
272
269
48
54
66
90
348
274
268
137
48
54
78
90
350
269
267
265
48
72
78
90
399
268
275
266
48
60
71
95
387
273
271
140
48
60
84
95
389
272
270
264
48
72
84
95
402
271
275
266
48
66
71
95
321
270
274
143
48
66
90
95
322
275
273
267
48
72
90
95
405
274
272
269
49
54
60
84
264
283
277
146
49
54
78
84
265
278
276
280
49
73
78
84
408
277
284
281
49
54
65
89
349
286
280
149
49
54
78
89
350
281
279
277
49
73
78
89
411
280
287
278
49
60
70
94
339
285
283
152
49
60
84
94
340
284
282
276
49
73
84
94
414
283
287
278
49
65
70
94
312
282
286
155
49
65
89
94
313
287
285
279
49
73
89
94
417
286
284
281
50
52
68
92
318
294
289
158
50
52
76
92
320
290
288
292
50
74
76
92
420
289
296
293
50
52
69
93
325
301
292
161
50
52
76
93
326
293
291
289
50
74
76
93
423
292
302
290
50
57
68
92
363
288
295
164
50
57
81
92
364
296
294
298
50
74
81
92
426
295
290
299
50
57
71
95
369
300
298
167
50
57
81
95
371
299
297
295
50
74
81
95
429
298
302
296
50
69
71
95
324
297
301
170
50
69
93
95
325
302
300
291
50
74
93
95
432
301
299
293
51
63
66
90
390
309
304
173
51
63
87
90
391
305
303
307
51
75
87
90
435
304
311
308
51
63
70
94
342
312
307
176
51
63
87
94
343
308
306
304
51
75
87
94
438
307
314
305
51
65
66
90
348
303
310
179
51
65
89
90
349
311
309
313
51
75
89
90
441
310
305
314
51
65
70
94
285
306
313
182
51
65
89
94
286
314
312
310
51
75
89
94
444
313
308
311
52
56
66
90
360
322
316
185
52
56
80
90
362
317
315
319
52
76
80
90
447
316
323
320
52
56
68
92
363
288
319
188
52
56
80
92
365
320
318
316
52
76
80
92
450
319
289
317
52
66
71
95
273
324
322
191
52
66
90
95
274
323
321
315
52
76
90
95
453
322
326
317
52
69
71
95
300
321
325
194
52
69
93
95
301
326
324
291
52
76
93
95
456
325
323
292
53
55
59
83
358
334
328
197
53
55
79
83
359
329
327
331
53
77
79
83
459
328
335
332
53
55
67
91
354
345
331
200
53
55
79
91
356
332
330
328
53
77
79
91
462
331
347
329
53
59
63
87
384
343
334
203
53
59
83
87
386
335
333
327
53
77
83
87
465
334
344
329
53
60
64
88
388
346
337
206
53
60
84
88
389
338
336
340
53
77
84
88
468
337
347
341
53
60
70
94
282
342
340
209
53
60
84
94
283
341
339
337
53
77
84
94
471
340
344
338
53
63
70
94
306
339
343
212
53
63
87
94
307
344
342
333
53
77
87
94
474
343
341
335
53
64
67
91
394
330
346
215
53
64
88
91
395
347
345
336
53
77
88
91
477
346
332
338
54
65
66
90
309
267
349
218
54
65
89
90
310
350
348
279
54
78
89
90
480
349
268
280
55
57
61
85
367
357
352
221
55
57
81
85
368
353
351
355
55
79
81
85
483
352
359
356
55
57
67
91
370
330
355
224
55
57
81
91
371
356
354
352
55
79
81
91
486
355
331
353
55
59
61
85
382
351
358
227
55
59
83
85
383
359
357
327
55
79
83
85
489
358
353
328
56
57
66
90
366
315
361
230
56
57
81
90
368
362
360
364
56
80
81
90
492
361
316
365
56
57
68
92
294
318
364
233
56
57
81
92
295
365
363
361
56
80
81
92
495
364
319
362
57
61
66
90
390
360
367
236
57
61
85
90
392
368
366
351
57
81
85
90
498
367
361
352
57
67
71
95
393
297
370
239
57
67
91
95
394
371
369
354
57
81
91
95
501
370
298
355
58
61
62
86
381
379
373
242
58
61
85
86
382
374
372
376
58
82
85
86
504
373
380
377
58
61
63
87
391
378
376
245
58
61
85
87
392
377
375
373
58
82
85
87
507
376
380
374
58
62
63
87
384
375
379
248
58
62
86
87
385
380
378
372
58
82
86
87
510
379
377
374
59
61
62
86
372
385
382
251
59
61
85
86
373
383
381
357
59
83
85
86
513
382
386
358
59
62
63
87
378
333
385
254
59
62
86
87
379
386
384
381
59
83
86
87
516
385
334
383
60
64
71
95
393
270
388
257
60
64
88
95
395
389
387
336
60
84
88
95
519
388
271
337
61
63
66
90
303
366
391
260
61
63
87
90
304
392
390
375
61
85
87
90
522
391
367
376
64
67
71
95
369
387
394
263
64
67
91
95
370
395
393
345
64
88
91
95
525
394
388
346
72
78
84
12
408
403
397
266
72
78
6
12
409
398
396
400
72
0
6
12
0
397
404
401
72
78
90
18
480
406
400
269
72
78
6
18
482
401
399
397
72
0
6
18
3
400
407
398
72
84
95
23
519
405
403
272
72
84
12
23
521
404
402
396
72
0
12
23
6
403
407
398
72
90
95
23
453
402
406
275
72
90
18
23
454
407
405
399
72
0
18
23
9
406
404
401
73
78
84
12
396
415
409
278
73
78
6
12
397
410
408
412
73
1
6
12
12
409
416
413
73
78
89
17
481
418
412
281
73
78
6
17
482
413
411
409
73
1
6
17
15
412
419
410
73
84
94
22
471
417
415
284
73
84
12
22
472
416
414
408
73
1
12
22
18
415
419
410
73
89
94
22
444
414
418
287
73
89
17
22
445
419
417
411
73
1
17
22
21
418
416
413
74
76
92
20
450
426
421
290
74
76
4
20
452
422
420
424
74
2
4
20
24
421
428
425
74
76
93
21
457
433
424
293
74
76
4
21
458
425
423
421
74
2
4
21
27
424
434
422
74
81
92
20
495
420
427
296
74
81
9
20
496
428
426
430
74
2
9
20
30
427
422
431
74
81
95
23
501
432
430
299
74
81
9
23
503
431
429
427
74
2
9
23
33
430
434
428
74
93
95
23
456
429
433
302
74
93
21
23
457
434
432
423
74
2
21
23
36
433
431
425
75
87
90
18
522
441
436
305
75
87
15
18
523
437
435
439
75
3
15
18
39
436
443
440
75
87
94
22
474
444
439
308
75
87
15
22
475
440
438
436
75
3
15
22
42
439
446
437
75
89
90
18
480
435
442
311
75
89
17
18
481
443
441
445
75
3
17
18
45
442
437
446
75
89
94
22
417
438
445
314
75
89
17
22
418
446
444
442
75
3
17
22
48
445
440
443
76
80
90
18
492
454
448
317
76
80
8
18
494
449
447
451
76
4
8
18
51
448
455
452
76
80
92
20
495
420
451
320
76
80
8
20
497
452
450
448
76
4
8
20
54
451
421
449
76
90
95
23
405
456
454
323
76
90
18
23
406
455
453
447
76
4
18
23
57
454
458
449
76
93
95
23
432
453
457
326
76
93
21
23
433
458
456
423
76
4
21
23
60
457
455
424
77
79
83
11
490
466
460
329
77
79
7
11
491
461
459
463
77
5
7
11
63
460
467
464
77
79
91
19
486
477
463
332
77
79
7
19
488
464
462
460
77
5
7
19
66
463
479
461
77
83
87
15
516
475
466
335
77
83
11
15
518
467
465
459
77
5
11
15
69
466
476
461
77
84
88
16
520
478
469
338
77
84
12
16
521
470
468
472
77
5
12
16
72
469
479
473
77
84
94
22
414
474
472
341
77
84
12
22
415
473
471
469
77
5
12
22
75
472
476
470
77
87
94
22
438
471
475
344
77
87
15
22
439
476
474
465
77
5
15
22
78
475
473
467
77
88
91
19
526
462
478
347
77
88
16
19
527
479
477
468
77
5
16
19
81
478
464
470
78
89
90
18
441
399
481
350
78
89
17
18
442
482
480
411
78
6
17
18
84
481
400
412
79
81
85
13
499
489
484
353
79
81
9
13
500
485
483
487
79
7
9
13
87
484
491
488
79
81
91
19
502
462
487
356
79
81
9
19
503
488
486
484
79
7
9
19
90
487
463
485
79
83
85
13
514
483
490
359
79
83
11
13
515
491
489
459
79
7
11
13
93
490
485
460
80
81
90
18
498
447
493
362
80
81
9
18
500
494
492
496
80
8
9
18
96
493
448
497
80
81
92
20
426
450
496
365
80
81
9
20
427
497
495
493
80
8
9
20
99
496
451
494
81
85
90
18
522
492
499
368
81
85
13
18
524
500
498
483
81
9
13
18
102
499
493
484
81
91
95
23
525
429
502
371
81
91
19
23
526
503
501
486
81
9
19
23
105
502
430
487
82
85
86
14
513
511
505
374
82
85
13
14
514
506
504
508
82
10
13
14
108
505
512
509
82
85
87
15
523
510
508
377
82
85
13
15
524
509
507
505
82
10
13
15
111
508
512
506
82
86
87
15
516
507
511
380
82
86
14
15
517
512
510
504
82
10
14
15
114
511
509
506
83
85
86
14
504
517
514
383
83
85
13
14
505
515
513
489
83
11
13
14
117
514
518
490
83
86
87
15
510
465
517
386
83
86
14
15
511
518
516
513
83
11
14
15
120
517
466
515
84
88
95
23
525
402
520
389
84
88
16
23
527
521
519
468
84
12
16
23
123
520
403
469
85
87
90
18
435
498
523
392
85
87
15
18
436
524
522
507
85
13
15
18
126
523
499
508
88
91
95
23
501
519
526
395
88
91
19
23
502
527
525
477
88
16
19
23
129
526
520
478
528
