1
96
0
0
0
0
0
0
0
0
0
0
0
0
0
0
0
0
0
0
0
0
0
0
0
0
1
1
1
1
1
1
1
1
1
1
1
1
1
1
1
1
1
1
1
1
1
1
1
1
2
2
2
2
2
2
2
2
2
2
2
2
2
2
2
2
2
2
2
2
2
2
2
2
3
3
3
3
3
3
3
3
3
3
3
3
3
3
3
3
3
3
3
3
3
3
3
3
96
528
0
14
16
40
15
7
1
398
0
14
38
40
16
2
0
4
0
24
38
40
132
1
8
5
0
14
19
43
96
6
4
401
0
14
38
43
97
5
3
1
0
24
38
43
135
4
8
2
0
16
19
43
63
3
7
404
0
16
40
43
64
8
6
0
0
24
40
43
138
7
5
2
1
9
16
40
57
15
10
407
1
9
33
40
58
11
9
13
1
25
33
40
141
10
17
14
1
9
17
41
24
18
13
410
1
9
33
41
25
14
12
10
1
25
33
41
144
13
20
11
1
14
16
40
0
9
16
413
1
14
38
40
1
17
15
19
1
25
38
40
147
16
11
20
1
14
17
41
27
12
19
416
1
14
38
41
28
20
18
16
1
25
38
41
150
19
14
17
2
9
14
38
75
28
22
419
2
9
33
38
76
23
21
25
2
26
33
38
153
22
29
26
2
9
17
41
12
27
25
422
2
9
33
41
13
26
24
22
2
26
33
41
156
25
29
23
2
14
17
41
18
24
28
425
2
14
38
41
19
29
27
21
2
26
38
41
159
28
26
23
3
7
13
37
51
37
31
428
3
7
31
37
52
32
30
34
3
27
31
37
162
31
38
35
3
7
15
39
90
36
34
431
3
7
31
39
92
35
33
31
3
27
31
39
165
34
38
32
3
13
15
39
102
33
37
434
3
13
37
39
103
38
36
30
3
27
37
39
168
37
35
32
4
5
18
42
72
48
40
437
4
5
29
42
74
41
39
43
4
28
29
42
171
40
50
44
4
5
22
46
69
60
43
440
4
5
29
46
71
44
42
40
4
28
29
46
174
43
62
41
4
6
9
33
76
58
46
443
4
6
30
33
77
47
45
49
4
28
30
33
177
46
59
50
4
6
18
42
81
39
49
446
4
6
30
42
83
50
48
46
4
28
30
42
180
49
41
47
4
7
13
37
30
61
52
449
4
7
31
37
31
53
51
55
4
28
31
37
183
52
62
56
4
7
19
43
96
63
55
452
4
7
31
43
98
56
54
52
4
28
31
43
186
55
65
53
4
9
16
40
9
64
58
455
4
9
33
40
10
59
57
45
4
28
33
40
189
58
65
47
4
13
22
46
114
42
61
458
4
13
37
46
115
62
60
51
4
28
37
46
192
61
44
53
4
16
19
43
6
54
64
461
4
16
40
43
7
65
63
57
4
28
40
43
195
64
56
59
5
10
13
37
115
73
67
464
5
10
34
37
116
68
66
70
5
29
34
37
198
67
74
71
5
10
22
46
114
42
70
467
5
10
34
46
116
71
69
67
5
29
34
46
201
70
43
68
5
13
18
42
127
39
73
470
5
13
37
42
128
74
72
66
5
29
37
42
204
73
40
68
6
9
14
38
21
84
76
473
6
9
33
38
22
77
75
45
6
30
33
38
207
76
86
46
6
11
12
36
87
85
79
476
6
11
35
36
88
80
78
82
6
30
35
36
210
79
86
83
6
11
18
42
121
48
82
479
6
11
35
42
122
83
81
79
6
30
35
42
213
82
49
80
6
12
14
38
124
75
85
482
6
12
36
38
125
86
84
78
6
30
36
38
216
85
77
80
7
11
12
36
78
94
88
485
7
11
35
36
79
89
87
91
7
31
35
36
219
88
95
92
7
11
15
39
118
33
91
488
7
11
35
39
119
92
90
88
7
31
35
39
222
91
34
89
7
12
23
47
123
99
94
491
7
12
36
47
125
95
93
87
7
31
36
47
225
94
101
89
7
14
19
43
3
54
97
494
7
14
38
43
4
98
96
100
7
31
38
43
228
97
55
101
7
14
23
47
123
93
100
497
7
14
38
47
124
101
99
97
7
31
38
47
231
100
95
98
8
13
15
39
36
109
103
500
8
13
37
39
37
104
102
106
8
32
37
39
234
103
110
107
8
13
20
44
130
112
106
503
8
13
37
44
131
107
105
103
8
32
37
44
237
106
113
104
8
15
21
45
117
111
109
506
8
15
39
45
118
110
108
102
8
32
39
45
240
109
113
104
8
20
21
45
129
108
112
509
8
20
44
45
130
113
111
105
8
32
44
45
243
112
110
107
10
13
22
46
60
69
115
512
10
13
37
46
61
116
114
66
10
34
37
46
246
115
70
67
11
15
21
45
108
120
118
515
11
15
39
45
109
119
117
90
11
35
39
45
249
118
122
91
11
18
21
45
126
117
121
518
11
18
42
45
127
122
120
81
11
35
42
45
252
121
119
82
12
14
23
47
99
93
124
521
12
14
38
47
100
125
123
84
12
36
38
47
255
124
94
85
13
18
21
45
120
129
127
524
13
18
42
45
121
128
126
72
13
37
42
45
258
127
131
73
13
20
21
45
111
126
130
527
13
20
44
45
112
131
129
105
13
37
44
45
261
130
128
106
24
38
40
64
147
139
133
2
24
38
62
64
148
134
132
136
24
48
62
64
264
133
140
137
24
38
43
67
228
138
136
5
24
38
62
67
229
137
135
133
24
48
62
67
267
136
140
134
24
40
43
67
195
135
139
8
24
40
64
67
196
140
138
132
24
48
64
67
270
139
137
134
25
33
40
64
189
147
142
11
25
33
57
64
190
143
141
145
25
49
57
64
273
142
149
146
25
33
41
65
156
150
145
14
25
33
57
65
157
146
144
142
25
49
57
65
276
145
152
143
25
38
40
64
132
141
148
17
25
38
62
64
133
149
147
151
25
49
62
64
279
148
143
152
25
38
41
65
159
144
151
20
25
38
62
65
160
152
150
148
25
49
62
65
282
151
146
149
26
33
38
62
207
160
154
23
26
33
57
62
208
155
153
157
26
50
57
62
285
154
161
158
26
33
41
65
144
159
157
26
26
33
57
65
145
158
156
154
26
50
57
65
288
157
161
155
26
38
41
65
150
156
160
29
26
38
62
65
151
161
159
153
26
50
62
65
291
160
158
155
27
31
37
61
183
169
163
32
27
31
55
61
184
164
162
166
27
51
55
61
294
163
170
167
27
31
39
63
222
168
166
35
27
31
55
63
224
167
165
163
27
51
55
63
297
166
170
164
27
37
39
63
234
165
169
38
27
37
61
63
235
170
168
162
27
51
61
63
300
169
167
164
28
29
42
66
204
180
172
41
28
29
53
66
206
173
171
175
28
52
53
66
303
172
182
176
28
29
46
70
201
192
175
44
28
29
53
70
203
176
174
172
28
52
53
70
306
175
194
173
28
30
33
57
208
190
178
47
28
30
54
57
209
179
177
181
28
52
54
57
309
178
191
182
28
30
42
66
213
171
181
50
28
30
54
66
215
182
180
178
28
52
54
66
312
181
173
179
28
31
37
61
162
193
184
53
28
31
55
61
163
185
183
187
28
52
55
61
315
184
194
188
28
31
43
67
228
195
187
56
28
31
55
67
230
188
186
184
28
52
55
67
318
187
197
185
28
33
40
64
141
196
190
59
28
33
57
64
142
191
189
177
28
52
57
64
321
190
197
179
28
37
46
70
246
174
193
62
28
37
61
70
247
194
192
183
28
52
61
70
324
193
176
185
28
40
43
67
138
186
196
65
28
40
64
67
139
197
195
189
28
52
64
67
327
196
188
191
29
34
37
61
247
205
199
68
29
34
58
61
248
200
198
202
29
53
58
61
330
199
206
203
29
34
46
70
246
174
202
71
29
34
58
70
248
203
201
199
29
53
58
70
333
202
175
200
29
37
42
66
259
171
205
74
29
37
61
66
260
206
204
198
29
53
61
66
336
205
172
200
30
33
38
62
153
216
208
77
30
33
57
62
154
209
207
177
30
54
57
62
339
208
218
178
30
35
36
60
219
217
211
80
30
35
59
60
220
212
210
214
30
54
59
60
342
211
218
215
30
35
42
66
253
180
214
83
30
35
59
66
254
215
213
211
30
54
59
66
345
214
181
212
30
36
38
62
256
207
217
86
30
36
60
62
257
218
216
210
30
54
60
62
348
217
209
212
31
35
36
60
210
226
220
89
31
35
59
60
211
221
219
223
31
55
59
60
351
220
227
224
31
35
39
63
250
165
223
92
31
35
59
63
251
224
222
220
31
55
59
63
354
223
166
221
31
36
47
71
255
231
226
95
31
36
60
71
257
227
225
219
31
55
60
71
357
226
233
221
31
38
43
67
135
186
229
98
31
38
62
67
136
230
228
232
31
55
62
67
360
229
187
233
31
38
47
71
255
225
232
101
31
38
62
71
256
233
231
229
31
55
62
71
363
232
227
230
32
37
39
63
168
241
235
104
32
37
61
63
169
236
234
238
32
56
61
63
366
235
242
239
32
37
44
68
262
244
238
107
32
37
61
68
263
239
237
235
32
56
61
68
369
238
245
236
32
39
45
69
249
243
241
110
32
39
63
69
250
242
240
234
32
56
63
69
372
241
245
236
32
44
45
69
261
240
244
113
32
44
68
69
262
245
243
237
32
56
68
69
375
244
242
239
34
37
46
70
192
201
247
116
34
37
61
70
193
248
246
198
34
58
61
70
378
247
202
199
35
39
45
69
240
252
250
119
35
39
63
69
241
251
249
222
35
59
63
69
381
250
254
223
35
42
45
69
258
249
253
122
35
42
66
69
259
254
252
213
35
59
66
69
384
253
251
214
36
38
47
71
231
225
256
125
36
38
62
71
232
257
255
216
36
60
62
71
387
256
226
217
37
42
45
69
252
261
259
128
37
42
66
69
253
260
258
204
37
61
66
69
390
259
263
205
37
44
45
69
243
258
262
131
37
44
68
69
244
263
261
237
37
61
68
69
393
262
260
238
48
62
64
88
279
271
265
134
48
62
86
88
280
266
264
268
48
72
86
88
396
265
272
269
48
62
67
91
360
270
268
137
48
62
86
91
361
269
267
265
48
72
86
91
399
268
272
266
48
64
67
91
327
267
271
140
48
64
88
91
328
272
270
264
48
72
88
91
402
271
269
266
49
57
64
88
321
279
274
143
49
57
81
88
322
275
273
277
49
73
81
88
405
274
281
278
49
57
65
89
288
282
277
146
49
57
81
89
289
278
276
274
49
73
81
89
408
277
284
275
49
62
64
88
264
273
280
149
49
62
86
88
265
281
279
283
49
73
86
88
411
280
275
284
49
62
65
89
291
276
283
152
49
62
86
89
292
284
282
280
49
73
86
89
414
283
278
281
50
57
62
86
339
292
286
155
50
57
81
86
340
287
285
289
50
74
81
86
417
286
293
290
50
57
65
89
276
291
289
158
50
57
81
89
277
290
288
286
50
74
81
89
420
289
293
287
50
62
65
89
282
288
292
161
50
62
86
89
283
293
291
285
50
74
86
89
423
292
290
287
51
55
61
85
315
301
295
164
51
55
79
85
316
296
294
298
51
75
79
85
426
295
302
299
51
55
63
87
354
300
298
167
51
55
79
87
356
299
297
295
51
75
79
87
429
298
302
296
51
61
63
87
366
297
301
170
51
61
85
87
367
302
300
294
51
75
85
87
432
301
299
296
52
53
66
90
336
312
304
173
52
53
77
90
338
305
303
307
52
76
77
90
435
304
314
308
52
53
70
94
333
324
307
176
52
53
77
94
335
308
306
304
52
76
77
94
438
307
326
305
52
54
57
81
340
322
310
179
52
54
78
81
341
311
309
313
52
76
78
81
441
310
323
314
52
54
66
90
345
303
313
182
52
54
78
90
347
314
312
310
52
76
78
90
444
313
305
311
52
55
61
85
294
325
316
185
52
55
79
85
295
317
315
319
52
76
79
85
447
316
326
320
52
55
67
91
360
327
319
188
52
55
79
91
362
320
318
316
52
76
79
91
450
319
329
317
52
57
64
88
273
328
322
191
52
57
81
88
274
323
321
309
52
76
81
88
453
322
329
311
52
61
70
94
378
306
325
194
52
61
85
94
379
326
324
315
52
76
85
94
456
325
308
317
52
64
67
91
270
318
328
197
52
64
88
91
271
329
327
321
52
76
88
91
459
328
320
323
53
58
61
85
379
337
331
200
53
58
82
85
380
332
330
334
53
77
82
85
462
331
338
335
53
58
70
94
378
306
334
203
53
58
82
94
380
335
333
331
53
77
82
94
465
334
307
332
53
61
66
90
391
303
337
206
53
61
85
90
392
338
336
330
53
77
85
90
468
337
304
332
54
57
62
86
285
348
340
209
54
57
81
86
286
341
339
309
54
78
81
86
471
340
350
310
54
59
60
84
351
349
343
212
54
59
83
84
352
344
342
346
54
78
83
84
474
343
350
347
54
59
66
90
385
312
346
215
54
59
83
90
386
347
345
343
54
78
83
90
477
346
313
344
54
60
62
86
388
339
349
218
54
60
84
86
389
350
348
342
54
78
84
86
480
349
341
344
55
59
60
84
342
358
352
221
55
59
83
84
343
353
351
355
55
79
83
84
483
352
359
356
55
59
63
87
382
297
355
224
55
59
83
87
383
356
354
352
55
79
83
87
486
355
298
353
55
60
71
95
387
363
358
227
55
60
84
95
389
359
357
351
55
79
84
95
489
358
365
353
55
62
67
91
267
318
361
230
55
62
86
91
268
362
360
364
55
79
86
91
492
361
319
365
55
62
71
95
387
357
364
233
55
62
86
95
388
365
363
361
55
79
86
95
495
364
359
362
56
61
63
87
300
373
367
236
56
61
85
87
301
368
366
370
56
80
85
87
498
367
374
371
56
61
68
92
394
376
370
239
56
61
85
92
395
371
369
367
56
80
85
92
501
370
377
368
56
63
69
93
381
375
373
242
56
63
87
93
382
374
372
366
56
80
87
93
504
373
377
368
56
68
69
93
393
372
376
245
56
68
92
93
394
377
375
369
56
80
92
93
507
376
374
371
58
61
70
94
324
333
379
248
58
61
85
94
325
380
378
330
58
82
85
94
510
379
334
331
59
63
69
93
372
384
382
251
59
63
87
93
373
383
381
354
59
83
87
93
513
382
386
355
59
66
69
93
390
381
385
254
59
66
90
93
391
386
384
345
59
83
90
93
516
385
383
346
60
62
71
95
363
357
388
257
60
62
86
95
364
389
387
348
60
84
86
95
519
388
358
349
61
66
69
93
384
393
391
260
61
66
90
93
385
392
390
336
61
85
90
93
522
391
395
337
61
68
69
93
375
390
394
263
61
68
92
93
376
395
393
369
61
85
92
93
525
394
392
370
72
86
88
16
411
403
397
266
72
86
14
16
412
398
396
400
72
0
14
16
0
397
404
401
72
86
91
19
492
402
400
269
72
86
14
19
493
401
399
397
72
0
14
19
3
400
404
398
72
88
91
19
459
399
403
272
72
88
16
19
460
404
402
396
72
0
16
19
6
403
401
398
73
81
88
16
453
411
406
275
73
81
9
16
454
407
405
409
73
1
9
16
9
406
413
410
73
81
89
17
420
414
409
278
73
81
9
17
421
410
408
406
73
1
9
17
12
409
416
407
73
86
88
16
396
405
412
281
73
86
14
16
397
413
411
415
73
1
14
16
15
412
407
416
73
86
89
17
423
408
415
284
73
86
14
17
424
416
414
412
73
1
14
17
18
415
410
413
74
81
86
14
471
424
418
287
74
81
9
14
472
419
417
421
74
2
9
14
21
418
425
422
74
81
89
17
408
423
421
290
74
81
9
17
409
422
420
418
74
2
9
17
24
421
425
419
74
86
89
17
414
420
424
293
74
86
14
17
415
425
423
417
74
2
14
17
27
424
422
419
75
79
85
13
447
433
427
296
75
79
7
13
448
428
426
430
75
3
7
13
30
427
434
431
75
79
87
15
486
432
430
299
75
79
7
15
488
431
429
427
75
3
7
15
33
430
434
428
75
85
87
15
498
429
433
302
75
85
13
15
499
434
432
426
75
3
13
15
36
433
431
428
76
77
90
18
468
444
436
305
76
77
5
18
470
437
435
439
76
4
5
18
39
436
446
440
76
77
94
22
465
456
439
308
76
77
5
22
467
440
438
436
76
4
5
22
42
439
458
437
76
78
81
9
472
454
442
311
76
78
6
9
473
443
441
445
76
4
6
9
45
442
455
446
76
78
90
18
477
435
445
314
76
78
6
18
479
446
444
442
76
4
6
18
48
445
437
443
76
79
85
13
426
457
448
317
76
79
7
13
427
449
447
451
76
4
7
13
51
448
458
452
76
79
91
19
492
459
451
320
76
79
7
19
494
452
450
448
76
4
7
19
54
451
461
449
76
81
88
16
405
460
454
323
76
81
9
16
406
455
453
441
76
4
9
16
57
454
461
443
76
85
94
22
510
438
457
326
76
85
13
22
511
458
456
447
76
4
13
22
60
457
440
449
76
88
91
19
402
450
460
329
76
88
16
19
403
461
459
453
76
4
16
19
63
460
452
455
77
82
85
13
511
469
463
332
77
82
10
13
512
464
462
466
77
5
10
13
66
463
470
467
77
82
94
22
510
438
466
335
77
82
10
22
512
467
465
463
77
5
10
22
69
466
439
464
77
85
90
18
523
435
469
338
77
85
13
18
524
470
468
462
77
5
13
18
72
469
436
464
78
81
86
14
417
480
472
341
78
81
9
14
418
473
471
441
78
6
9
14
75
472
482
442
78
83
84
12
483
481
475
344
78
83
11
12
484
476
474
478
78
6
11
12
78
475
482
479
78
83
90
18
517
444
478
347
78
83
11
18
518
479
477
475
78
6
11
18
81
478
445
476
78
84
86
14
520
471
481
350
78
84
12
14
521
482
480
474
78
6
12
14
84
481
473
476
79
83
84
12
474
490
484
353
79
83
11
12
475
485
483
487
79
7
11
12
87
484
491
488
79
83
87
15
514
429
487
356
79
83
11
15
515
488
486
484
79
7
11
15
90
487
430
485
79
84
95
23
519
495
490
359
79
84
12
23
521
491
489
483
79
7
12
23
93
490
497
485
79
86
91
19
399
450
493
362
79
86
14
19
400
494
492
496
79
7
14
19
96
493
451
497
79
86
95
23
519
489
496
365
79
86
14
23
520
497
495
493
79
7
14
23
99
496
491
494
80
85
87
15
432
505
499
368
80
85
13
15
433
500
498
502
80
8
13
15
102
499
506
503
80
85
92
20
526
508
502
371
80
85
13
20
527
503
501
499
80
8
13
20
105
502
509
500
80
87
93
21
513
507
505
374
80
87
15
21
514
506
504
498
80
8
15
21
108
505
509
500
80
92
93
21
525
504
508
377
80
92
20
21
526
509
507
501
80
8
20
21
111
508
506
503
82
85
94
22
456
465
511
380
82
85
13
22
457
512
510
462
82
10
13
22
114
511
466
463
83
87
93
21
504
516
514
383
83
87
15
21
505
515
513
486
83
11
15
21
117
514
518
487
83
90
93
21
522
513
517
386
83
90
18
21
523
518
516
477
83
11
18
21
120
517
515
478
84
86
95
23
495
489
520
389
84
86
14
23
496
521
519
480
84
12
14
23
123
520
490
481
85
90
93
21
516
525
523
392
85
90
18
21
517
524
522
468
85
13
18
21
126
523
527
469
85
92
93
21
507
522
526
395
85
92
20
21
508
527
525
501
85
13
20
21
129
526
524
502
528
