1
96
0
0
0
0
0
0
0
0
0
0
0
0
0
0
0
0
0
0
0
0
0
0
0
0
1
1
1
1
1
1
1
1
1
1
1
1
1
1
1
1
1
1
1
1
1
1
1
1
2
2
2
2
2
2
2
2
2
2
2
2
2
2
2
2
2
2
2
2
2
2
2
2
3
3
3
3
3
3
3
3
3
3
3
3
3
3
3
3
3
3
3
3
3
3
3
3
96
528
0
4
5
29
58
7
1
398
0
4
28
29
59
2
0
4
0
24
28
29
132
1
8
5
0
4
7
31
57
10
4
401
0
4
28
31
59
5
3
1
0
24
28
31
135
4
11
2
0
5
22
46
66
15
7
404
0
5
29
46
68
8
6
0
0
24
29
46
138
7
17
2
0
7
13
37
84
12
10
407
0
7
31
37
86
11
9
3
0
24
31
37
141
10
14
5
0
8
13
37
63
9
13
410
0
8
32
37
64
14
12
16
0
24
32
37
144
13
11
17
0
8
22
46
66
6
16
413
0
8
32
46
67
17
15
13
0
24
32
46
147
16
8
14
1
3
10
34
52
25
19
416
1
3
27
34
53
20
18
22
1
25
27
34
150
19
26
23
1
3
14
38
54
37
22
419
1
3
27
38
56
23
21
19
1
25
27
38
153
22
38
20
1
10
12
36
51
34
25
422
1
10
34
36
52
26
24
18
1
25
34
36
156
25
35
20
1
11
20
44
96
36
28
425
1
11
35
44
98
29
27
31
1
25
35
44
159
28
38
32
1
11
23
47
99
33
31
428
1
11
35
47
101
32
30
28
1
25
35
47
162
31
35
29
1
12
23
47
111
30
34
431
1
12
36
47
113
35
33
24
1
25
36
47
165
34
32
26
1
14
20
44
42
27
37
434
1
14
38
44
43
38
36
21
1
25
38
44
168
37
29
23
2
14
17
41
102
46
40
437
2
14
38
41
103
41
39
43
2
26
38
41
171
40
47
44
2
14
20
44
36
48
43
440
2
14
38
44
37
44
42
40
2
26
38
44
174
43
50
41
2
17
19
43
124
49
46
443
2
17
41
43
125
47
45
39
2
26
41
43
177
46
50
41
2
19
20
44
126
42
49
446
2
19
43
44
127
50
48
45
2
26
43
44
180
49
44
47
3
10
12
36
24
55
52
449
3
10
34
36
25
53
51
18
3
27
34
36
183
52
56
19
3
12
14
38
103
21
55
452
3
12
36
38
104
56
54
51
3
27
36
38
186
55
22
53
4
5
7
31
61
3
58
455
4
5
29
31
62
59
57
0
4
28
29
31
189
58
4
1
5
7
17
41
90
69
61
458
5
7
31
41
92
62
60
57
5
29
31
41
192
61
71
58
5
8
13
37
12
70
64
461
5
8
32
37
13
65
63
67
5
29
32
37
195
64
71
68
5
8
22
46
15
6
67
464
5
8
32
46
16
68
66
64
5
29
32
46
198
67
7
65
5
13
17
41
115
60
70
467
5
13
37
41
116
71
69
63
5
29
37
41
201
70
62
65
6
7
9
33
85
79
73
470
6
7
31
33
86
74
72
76
6
30
31
33
204
73
80
77
6
7
15
39
87
82
76
473
6
7
31
39
89
77
75
73
6
30
31
39
207
76
83
74
6
9
21
45
93
81
79
476
6
9
33
45
95
80
78
72
6
30
33
45
210
79
83
74
6
15
21
45
120
78
82
479
6
15
39
45
122
83
81
75
6
30
39
45
213
82
80
77
7
9
13
37
94
9
85
482
7
9
33
37
95
86
84
72
7
31
33
37
216
85
10
73
7
12
15
39
106
75
88
485
7
12
36
39
107
89
87
91
7
31
36
39
219
88
76
92
7
12
17
41
102
60
91
488
7
12
36
41
104
92
90
88
7
31
36
41
222
91
61
89
9
13
21
45
114
78
94
491
9
13
37
45
116
95
93
84
9
33
37
45
225
94
79
85
11
18
20
44
126
27
97
494
11
18
42
44
128
98
96
100
11
35
42
44
228
97
28
101
11
18
23
47
111
30
100
497
11
18
42
47
112
101
99
97
11
35
42
47
231
100
31
98
12
14
17
41
39
90
103
500
12
14
38
41
40
104
102
54
12
36
38
41
234
103
91
55
12
15
16
40
118
109
106
503
12
15
39
40
119
107
105
87
12
36
39
40
237
106
110
88
12
16
18
42
117
112
109
506
12
16
40
42
118
110
108
105
12
36
40
42
240
109
113
107
12
18
23
47
99
33
112
509
12
18
42
47
100
113
111
108
12
36
42
47
243
112
34
110
13
17
21
45
123
93
115
512
13
17
41
45
125
116
114
69
13
37
41
45
246
115
94
70
15
16
18
42
108
121
118
515
15
16
40
42
109
119
117
105
15
39
40
42
249
118
122
106
15
18
21
45
129
81
121
518
15
18
42
45
131
122
120
117
15
39
42
45
252
121
82
119
17
19
21
45
129
114
124
521
17
19
43
45
130
125
123
45
17
41
43
45
255
124
115
46
18
19
20
44
48
96
127
524
18
19
43
44
49
128
126
130
18
42
43
44
258
127
97
131
18
19
21
45
123
120
130
527
18
19
43
45
124
131
129
127
18
42
43
45
261
130
121
128
24
28
29
53
190
139
133
2
24
28
52
53
191
134
132
136
24
48
52
53
264
133
140
137
24
28
31
55
189
142
136
5
24
28
52
55
191
137
135
133
24
48
52
55
267
136
143
134
24
29
46
70
198
147
139
8
24
29
53
70
200
140
138
132
24
48
53
70
270
139
149
134
24
31
37
61
216
144
142
11
24
31
55
61
218
143
141
135
24
48
55
61
273
142
146
137
24
32
37
61
195
141
145
14
24
32
56
61
196
146
144
148
24
48
56
61
276
145
143
149
24
32
46
70
198
138
148
17
24
32
56
70
199
149
147
145
24
48
56
70
279
148
140
146
25
27
34
58
184
157
151
20
25
27
51
58
185
152
150
154
25
49
51
58
282
151
158
155
25
27
38
62
186
169
154
23
25
27
51
62
188
155
153
151
25
49
51
62
285
154
170
152
25
34
36
60
183
166
157
26
25
34
58
60
184
158
156
150
25
49
58
60
288
157
167
152
25
35
44
68
228
168
160
29
25
35
59
68
230
161
159
163
25
49
59
68
291
160
170
164
25
35
47
71
231
165
163
32
25
35
59
71
233
164
162
160
25
49
59
71
294
163
167
161
25
36
47
71
243
162
166
35
25
36
60
71
245
167
165
156
25
49
60
71
297
166
164
158
25
38
44
68
174
159
169
38
25
38
62
68
175
170
168
153
25
49
62
68
300
169
161
155
26
38
41
65
234
178
172
41
26
38
62
65
235
173
171
175
26
50
62
65
303
172
179
176
26
38
44
68
168
180
175
44
26
38
62
68
169
176
174
172
26
50
62
68
306
175
182
173
26
41
43
67
256
181
178
47
26
41
65
67
257
179
177
171
26
50
65
67
309
178
182
173
26
43
44
68
258
174
181
50
26
43
67
68
259
182
180
177
26
50
67
68
312
181
176
179
27
34
36
60
156
187
184
53
27
34
58
60
157
185
183
150
27
51
58
60
315
184
188
151
27
36
38
62
235
153
187
56
27
36
60
62
236
188
186
183
27
51
60
62
318
187
154
185
28
29
31
55
193
135
190
59
28
29
53
55
194
191
189
132
28
52
53
55
321
190
136
133
29
31
41
65
222
201
193
62
29
31
55
65
224
194
192
189
29
53
55
65
324
193
203
190
29
32
37
61
144
202
196
65
29
32
56
61
145
197
195
199
29
53
56
61
327
196
203
200
29
32
46
70
147
138
199
68
29
32
56
70
148
200
198
196
29
53
56
70
330
199
139
197
29
37
41
65
247
192
202
71
29
37
61
65
248
203
201
195
29
53
61
65
333
202
194
197
30
31
33
57
217
211
205
74
30
31
55
57
218
206
204
208
30
54
55
57
336
205
212
209
30
31
39
63
219
214
208
77
30
31
55
63
221
209
207
205
30
54
55
63
339
208
215
206
30
33
45
69
225
213
211
80
30
33
57
69
227
212
210
204
30
54
57
69
342
211
215
206
30
39
45
69
252
210
214
83
30
39
63
69
254
215
213
207
30
54
63
69
345
214
212
209
31
33
37
61
226
141
217
86
31
33
57
61
227
218
216
204
31
55
57
61
348
217
142
205
31
36
39
63
238
207
220
89
31
36
60
63
239
221
219
223
31
55
60
63
351
220
208
224
31
36
41
65
234
192
223
92
31
36
60
65
236
224
222
220
31
55
60
65
354
223
193
221
33
37
45
69
246
210
226
95
33
37
61
69
248
227
225
216
33
57
61
69
357
226
211
217
35
42
44
68
258
159
229
98
35
42
66
68
260
230
228
232
35
59
66
68
360
229
160
233
35
42
47
71
243
162
232
101
35
42
66
71
244
233
231
229
35
59
66
71
363
232
163
230
36
38
41
65
171
222
235
104
36
38
62
65
172
236
234
186
36
60
62
65
366
235
223
187
36
39
40
64
250
241
238
107
36
39
63
64
251
239
237
219
36
60
63
64
369
238
242
220
36
40
42
66
249
244
241
110
36
40
64
66
250
242
240
237
36
60
64
66
372
241
245
239
36
42
47
71
231
165
244
113
36
42
66
71
232
245
243
240
36
60
66
71
375
244
166
242
37
41
45
69
255
225
247
116
37
41
65
69
257
248
246
201
37
61
65
69
378
247
226
202
39
40
42
66
240
253
250
119
39
40
64
66
241
251
249
237
39
63
64
66
381
250
254
238
39
42
45
69
261
213
253
122
39
42
66
69
263
254
252
249
39
63
66
69
384
253
214
251
41
43
45
69
261
246
256
125
41
43
67
69
262
257
255
177
41
65
67
69
387
256
247
178
42
43
44
68
180
228
259
128
42
43
67
68
181
260
258
262
42
66
67
68
390
259
229
263
42
43
45
69
255
252
262
131
42
43
67
69
256
263
261
259
42
66
67
69
393
262
253
260
48
52
53
77
322
271
265
134
48
52
76
77
323
266
264
268
48
72
76
77
396
265
272
269
48
52
55
79
321
274
268
137
48
52
76
79
323
269
267
265
48
72
76
79
399
268
275
266
48
53
70
94
330
279
271
140
48
53
77
94
332
272
270
264
48
72
77
94
402
271
281
266
48
55
61
85
348
276
274
143
48
55
79
85
350
275
273
267
48
72
79
85
405
274
278
269
48
56
61
85
327
273
277
146
48
56
80
85
328
278
276
280
48
72
80
85
408
277
275
281
48
56
70
94
330
270
280
149
48
56
80
94
331
281
279
277
48
72
80
94
411
280
272
278
49
51
58
82
316
289
283
152
49
51
75
82
317
284
282
286
49
73
75
82
414
283
290
287
49
51
62
86
318
301
286
155
49
51
75
86
320
287
285
283
49
73
75
86
417
286
302
284
49
58
60
84
315
298
289
158
49
58
82
84
316
290
288
282
49
73
82
84
420
289
299
284
49
59
68
92
360
300
292
161
49
59
83
92
362
293
291
295
49
73
83
92
423
292
302
296
49
59
71
95
363
297
295
164
49
59
83
95
365
296
294
292
49
73
83
95
426
295
299
293
49
60
71
95
375
294
298
167
49
60
84
95
377
299
297
288
49
73
84
95
429
298
296
290
49
62
68
92
306
291
301
170
49
62
86
92
307
302
300
285
49
73
86
92
432
301
293
287
50
62
65
89
366
310
304
173
50
62
86
89
367
305
303
307
50
74
86
89
435
304
311
308
50
62
68
92
300
312
307
176
50
62
86
92
301
308
306
304
50
74
86
92
438
307
314
305
50
65
67
91
388
313
310
179
50
65
89
91
389
311
309
303
50
74
89
91
441
310
314
305
50
67
68
92
390
306
313
182
50
67
91
92
391
314
312
309
50
74
91
92
444
313
308
311
51
58
60
84
288
319
316
185
51
58
82
84
289
317
315
282
51
75
82
84
447
316
320
283
51
60
62
86
367
285
319
188
51
60
84
86
368
320
318
315
51
75
84
86
450
319
286
317
52
53
55
79
325
267
322
191
52
53
77
79
326
323
321
264
52
76
77
79
453
322
268
265
53
55
65
89
354
333
325
194
53
55
79
89
356
326
324
321
53
77
79
89
456
325
335
322
53
56
61
85
276
334
328
197
53
56
80
85
277
329
327
331
53
77
80
85
459
328
335
332
53
56
70
94
279
270
331
200
53
56
80
94
280
332
330
328
53
77
80
94
462
331
271
329
53
61
65
89
379
324
334
203
53
61
85
89
380
335
333
327
53
77
85
89
465
334
326
329
54
55
57
81
349
343
337
206
54
55
79
81
350
338
336
340
54
78
79
81
468
337
344
341
54
55
63
87
351
346
340
209
54
55
79
87
353
341
339
337
54
78
79
87
471
340
347
338
54
57
69
93
357
345
343
212
54
57
81
93
359
344
342
336
54
78
81
93
474
343
347
338
54
63
69
93
384
342
346
215
54
63
87
93
386
347
345
339
54
78
87
93
477
346
344
341
55
57
61
85
358
273
349
218
55
57
81
85
359
350
348
336
55
79
81
85
480
349
274
337
55
60
63
87
370
339
352
221
55
60
84
87
371
353
351
355
55
79
84
87
483
352
340
356
55
60
65
89
366
324
355
224
55
60
84
89
368
356
354
352
55
79
84
89
486
355
325
353
57
61
69
93
378
342
358
227
57
61
85
93
380
359
357
348
57
81
85
93
489
358
343
349
59
66
68
92
390
291
361
230
59
66
90
92
392
362
360
364
59
83
90
92
492
361
292
365
59
66
71
95
375
294
364
233
59
66
90
95
376
365
363
361
59
83
90
95
495
364
295
362
60
62
65
89
303
354
367
236
60
62
86
89
304
368
366
318
60
84
86
89
498
367
355
319
60
63
64
88
382
373
370
239
60
63
87
88
383
371
369
351
60
84
87
88
501
370
374
352
60
64
66
90
381
376
373
242
60
64
88
90
382
374
372
369
60
84
88
90
504
373
377
371
60
66
71
95
363
297
376
245
60
66
90
95
364
377
375
372
60
84
90
95
507
376
298
374
61
65
69
93
387
357
379
248
61
65
89
93
389
380
378
333
61
85
89
93
510
379
358
334
63
64
66
90
372
385
382
251
63
64
88
90
373
383
381
369
63
87
88
90
513
382
386
370
63
66
69
93
393
345
385
254
63
66
90
93
395
386
384
381
63
87
90
93
516
385
346
383
65
67
69
93
393
378
388
257
65
67
91
93
394
389
387
309
65
89
91
93
519
388
379
310
66
67
68
92
312
360
391
260
66
67
91
92
313
392
390
394
66
90
91
92
522
391
361
395
66
67
69
93
387
384
394
263
66
67
91
93
388
395
393
391
66
90
91
93
525
394
385
392
72
76
77
5
454
403
397
266
72
76
4
5
455
398
396
400
72
0
4
5
0
397
404
401
72
76
79
7
453
406
400
269
72
76
4
7
455
401
399
397
72
0
4
7
3
400
407
398
72
77
94
22
462
411
403
272
72
77
5
22
464
404
402
396
72
0
5
22
6
403
413
398
72
79
85
13
480
408
406
275
72
79
7
13
482
407
405
399
72
0
7
13
9
406
410
401
72
80
85
13
459
405
409
278
72
80
8
13
460
410
408
412
72
0
8
13
12
409
407
413
72
80
94
22
462
402
412
281
72
80
8
22
463
413
411
409
72
0
8
22
15
412
404
410
73
75
82
10
448
421
415
284
73
75
3
10
449
416
414
418
73
1
3
10
18
415
422
419
73
75
86
14
450
433
418
287
73
75
3
14
452
419
417
415
73
1
3
14
21
418
434
416
73
82
84
12
447
430
421
290
73
82
10
12
448
422
420
414
73
1
10
12
24
421
431
416
73
83
92
20
492
432
424
293
73
83
11
20
494
425
423
427
73
1
11
20
27
424
434
428
73
83
95
23
495
429
427
296
73
83
11
23
497
428
426
424
73
1
11
23
30
427
431
425
73
84
95
23
507
426
430
299
73
84
12
23
509
431
429
420
73
1
12
23
33
430
428
422
73
86
92
20
438
423
433
302
73
86
14
20
439
434
432
417
73
1
14
20
36
433
425
419
74
86
89
17
498
442
436
305
74
86
14
17
499
437
435
439
74
2
14
17
39
436
443
440
74
86
92
20
432
444
439
308
74
86
14
20
433
440
438
436
74
2
14
20
42
439
446
437
74
89
91
19
520
445
442
311
74
89
17
19
521
443
441
435
74
2
17
19
45
442
446
437
74
91
92
20
522
438
445
314
74
91
19
20
523
446
444
441
74
2
19
20
48
445
440
443
75
82
84
12
420
451
448
317
75
82
10
12
421
449
447
414
75
3
10
12
51
448
452
415
75
84
86
14
499
417
451
320
75
84
12
14
500
452
450
447
75
3
12
14
54
451
418
449
76
77
79
7
457
399
454
323
76
77
5
7
458
455
453
396
76
4
5
7
57
454
400
397
77
79
89
17
486
465
457
326
77
79
7
17
488
458
456
453
77
5
7
17
60
457
467
454
77
80
85
13
408
466
460
329
77
80
8
13
409
461
459
463
77
5
8
13
63
460
467
464
77
80
94
22
411
402
463
332
77
80
8
22
412
464
462
460
77
5
8
22
66
463
403
461
77
85
89
17
511
456
466
335
77
85
13
17
512
467
465
459
77
5
13
17
69
466
458
461
78
79
81
9
481
475
469
338
78
79
7
9
482
470
468
472
78
6
7
9
72
469
476
473
78
79
87
15
483
478
472
341
78
79
7
15
485
473
471
469
78
6
7
15
75
472
479
470
78
81
93
21
489
477
475
344
78
81
9
21
491
476
474
468
78
6
9
21
78
475
479
470
78
87
93
21
516
474
478
347
78
87
15
21
518
479
477
471
78
6
15
21
81
478
476
473
79
81
85
13
490
405
481
350
79
81
9
13
491
482
480
468
79
7
9
13
84
481
406
469
79
84
87
15
502
471
484
353
79
84
12
15
503
485
483
487
79
7
12
15
87
484
472
488
79
84
89
17
498
456
487
356
79
84
12
17
500
488
486
484
79
7
12
17
90
487
457
485
81
85
93
21
510
474
490
359
81
85
13
21
512
491
489
480
81
9
13
21
93
490
475
481
83
90
92
20
522
423
493
362
83
90
18
20
524
494
492
496
83
11
18
20
96
493
424
497
83
90
95
23
507
426
496
365
83
90
18
23
508
497
495
493
83
11
18
23
99
496
427
494
84
86
89
17
435
486
499
368
84
86
14
17
436
500
498
450
84
12
14
17
102
499
487
451
84
87
88
16
514
505
502
371
84
87
15
16
515
503
501
483
84
12
15
16
105
502
506
484
84
88
90
18
513
508
505
374
84
88
16
18
514
506
504
501
84
12
16
18
108
505
509
503
84
90
95
23
495
429
508
377
84
90
18
23
496
509
507
504
84
12
18
23
111
508
430
506
85
89
93
21
519
489
511
380
85
89
17
21
521
512
510
465
85
13
17
21
114
511
490
466
87
88
90
18
504
517
514
383
87
88
16
18
505
515
513
501
87
15
16
18
117
514
518
502
87
90
93
21
525
477
517
386
87
90
18
21
527
518
516
513
87
15
18
21
120
517
478
515
89
91
93
21
525
510
520
389
89
91
19
21
526
521
519
441
89
17
19
21
123
520
511
442
90
91
92
20
444
492
523
392
90
91
19
20
445
524
522
526
90
18
19
20
126
523
493
527
90
91
93
21
519
516
526
395
90
91
19
21
520
527
525
523
90
18
19
21
129
526
517
524
528
