1
96
0
0
0
0
0
0
0
0
0
0
0
0
0
0
0
0
0
0
0
0
0
0
0
0
1
1
1
1
1
1
1
1
1
1
1
1
1
1
1
1
1
1
1
1
1
1
1
1
2
2
2
2
2
2
2
2
2
2
2
2
2
2
2
2
2
2
2
2
2
2
2
2
3
3
3
3
3
3
3
3
3
3
3
3
3
3
3
3
3
3
3
3
3
3
3
3
96
528
0
3
10
34
40
7
1
398
0
3
27
34
41
2
0
4
0
24
27
34
132
1
8
5
0
3
19
43
36
6
4
401
0
3
27
43
38
5
3
1
0
24
27
43
135
4
8
2
0
10
19
43
96
3
7
404
0
10
34
43
98
8
6
0
0
24
34
43
138
7
5
2
1
2
10
34
28
16
10
407
1
2
26
34
29
11
9
13
1
25
26
34
141
10
17
14
1
2
14
38
24
19
13
410
1
2
26
38
26
14
12
10
1
25
26
38
144
13
20
11
1
10
18
42
102
18
16
413
1
10
34
42
104
17
15
9
1
25
34
42
147
16
20
11
1
14
18
42
112
15
19
416
1
14
38
42
113
20
18
12
1
25
38
42
150
19
17
14
2
5
11
35
49
27
22
419
2
5
29
35
50
23
21
25
2
26
29
35
153
22
29
26
2
5
14
38
52
12
25
422
2
5
29
38
53
26
24
22
2
26
29
38
156
25
13
23
2
10
11
35
54
21
28
425
2
10
34
35
55
29
27
9
2
26
34
35
159
28
23
10
3
4
8
32
46
37
31
428
3
4
28
32
47
32
30
34
3
27
28
32
162
31
38
35
3
4
13
37
45
43
34
431
3
4
28
37
47
35
33
31
3
27
28
37
165
34
44
32
3
8
19
43
84
3
37
434
3
8
32
43
86
38
36
30
3
27
32
43
168
37
4
32
3
10
23
47
57
42
40
437
3
10
34
47
58
41
39
0
3
27
34
47
171
40
44
1
3
13
23
47
75
39
43
440
3
13
37
47
76
44
42
33
3
27
37
47
174
43
41
35
4
8
13
37
85
33
46
443
4
8
32
37
86
47
45
30
4
28
32
37
177
46
34
31
5
11
16
40
60
51
49
446
5
11
35
40
61
50
48
21
5
29
35
40
180
49
53
22
5
14
16
40
78
48
52
449
5
14
38
40
79
53
51
24
5
29
38
40
183
52
50
25
6
10
11
35
27
61
55
452
6
10
34
35
28
56
54
58
6
30
34
35
186
55
62
59
6
10
23
47
39
63
58
455
6
10
34
47
40
59
57
55
6
30
34
47
189
58
65
56
6
11
16
40
48
64
61
458
6
11
35
40
49
62
60
54
6
30
35
40
192
61
65
56
6
16
23
47
81
57
64
461
6
16
40
47
82
65
63
60
6
30
40
47
195
64
59
62
7
9
14
38
88
79
67
464
7
9
33
38
89
68
66
70
7
31
33
38
198
67
80
71
7
9
19
43
87
72
70
467
7
9
33
43
89
71
69
67
7
31
33
43
201
70
74
68
7
13
19
43
84
69
73
470
7
13
37
43
85
74
72
76
7
31
37
43
204
73
71
77
7
13
23
47
42
81
76
473
7
13
37
47
43
77
75
73
7
31
37
47
207
76
83
74
7
14
16
40
51
82
79
476
7
14
38
40
52
80
78
66
7
31
38
40
210
79
83
68
7
16
23
47
63
75
82
479
7
16
40
47
64
83
81
78
7
31
40
47
213
82
77
80
8
13
19
43
72
36
85
482
8
13
37
43
73
86
84
45
8
32
37
43
216
85
37
46
9
14
19
43
96
69
88
485
9
14
38
43
97
89
87
66
9
33
38
43
219
88
70
67
10
12
15
39
106
103
91
488
10
12
36
39
107
92
90
94
10
34
36
39
222
91
104
95
10
12
22
46
108
99
94
491
10
12
36
46
110
95
93
91
10
34
36
46
225
94
101
92
10
14
19
43
87
6
97
494
10
14
38
43
88
98
96
100
10
34
38
43
228
97
7
101
10
14
22
46
114
93
100
497
10
14
38
46
116
101
99
97
10
34
38
46
231
100
95
98
10
15
18
42
121
15
103
500
10
15
39
42
122
104
102
90
10
34
39
42
234
103
16
92
12
15
17
41
118
109
106
503
12
15
39
41
119
107
105
90
12
36
39
41
237
106
110
91
12
17
22
46
117
93
109
506
12
17
41
46
118
110
108
105
12
36
41
46
240
109
94
107
14
18
21
45
130
115
112
509
14
18
42
45
131
113
111
18
14
38
42
45
243
112
116
19
14
21
22
46
129
99
115
512
14
21
45
46
130
116
114
111
14
38
45
46
246
115
100
113
15
17
22
46
108
123
118
515
15
17
41
46
109
119
117
105
15
39
41
46
249
118
125
106
15
18
20
44
127
124
121
518
15
18
42
44
128
122
120
102
15
39
42
44
252
121
125
103
15
20
22
46
126
117
124
521
15
20
44
46
127
125
123
120
15
39
44
46
255
124
119
122
18
20
22
46
123
129
127
524
18
20
44
46
124
128
126
120
18
42
44
46
258
127
131
121
18
21
22
46
114
126
130
527
18
21
45
46
115
131
129
111
18
42
45
46
261
130
128
112
24
27
34
58
172
139
133
2
24
27
51
58
173
134
132
136
24
48
51
58
264
133
140
137
24
27
43
67
168
138
136
5
24
27
51
67
170
137
135
133
24
48
51
67
267
136
140
134
24
34
43
67
228
135
139
8
24
34
58
67
230
140
138
132
24
48
58
67
270
139
137
134
25
26
34
58
160
148
142
11
25
26
50
58
161
143
141
145
25
49
50
58
273
142
149
146
25
26
38
62
156
151
145
14
25
26
50
62
158
146
144
142
25
49
50
62
276
145
152
143
25
34
42
66
234
150
148
17
25
34
58
66
236
149
147
141
25
49
58
66
279
148
152
143
25
38
42
66
244
147
151
20
25
38
62
66
245
152
150
144
25
49
62
66
282
151
149
146
26
29
35
59
181
159
154
23
26
29
53
59
182
155
153
157
26
50
53
59
285
154
161
158
26
29
38
62
184
144
157
26
26
29
53
62
185
158
156
154
26
50
53
62
288
157
145
155
26
34
35
59
186
153
160
29
26
34
58
59
187
161
159
141
26
50
58
59
291
160
155
142
27
28
32
56
178
169
163
32
27
28
52
56
179
164
162
166
27
51
52
56
294
163
170
167
27
28
37
61
177
175
166
35
27
28
52
61
179
167
165
163
27
51
52
61
297
166
176
164
27
32
43
67
216
135
169
38
27
32
56
67
218
170
168
162
27
51
56
67
300
169
136
164
27
34
47
71
189
174
172
41
27
34
58
71
190
173
171
132
27
51
58
71
303
172
176
133
27
37
47
71
207
171
175
44
27
37
61
71
208
176
174
165
27
51
61
71
306
175
173
167
28
32
37
61
217
165
178
47
28
32
56
61
218
179
177
162
28
52
56
61
309
178
166
163
29
35
40
64
192
183
181
50
29
35
59
64
193
182
180
153
29
53
59
64
312
181
185
154
29
38
40
64
210
180
184
53
29
38
62
64
211
185
183
156
29
53
62
64
315
184
182
157
30
34
35
59
159
193
187
56
30
34
58
59
160
188
186
190
30
54
58
59
318
187
194
191
30
34
47
71
171
195
190
59
30
34
58
71
172
191
189
187
30
54
58
71
321
190
197
188
30
35
40
64
180
196
193
62
30
35
59
64
181
194
192
186
30
54
59
64
324
193
197
188
30
40
47
71
213
189
196
65
30
40
64
71
214
197
195
192
30
54
64
71
327
196
191
194
31
33
38
62
220
211
199
68
31
33
57
62
221
200
198
202
31
55
57
62
330
199
212
203
31
33
43
67
219
204
202
71
31
33
57
67
221
203
201
199
31
55
57
67
333
202
206
200
31
37
43
67
216
201
205
74
31
37
61
67
217
206
204
208
31
55
61
67
336
205
203
209
31
37
47
71
174
213
208
77
31
37
61
71
175
209
207
205
31
55
61
71
339
208
215
206
31
38
40
64
183
214
211
80
31
38
62
64
184
212
210
198
31
55
62
64
342
211
215
200
31
40
47
71
195
207
214
83
31
40
64
71
196
215
213
210
31
55
64
71
345
214
209
212
32
37
43
67
204
168
217
86
32
37
61
67
205
218
216
177
32
56
61
67
348
217
169
178
33
38
43
67
228
201
220
89
33
38
62
67
229
221
219
198
33
57
62
67
351
220
202
199
34
36
39
63
238
235
223
92
34
36
60
63
239
224
222
226
34
58
60
63
354
223
236
227
34
36
46
70
240
231
226
95
34
36
60
70
242
227
225
223
34
58
60
70
357
226
233
224
34
38
43
67
219
138
229
98
34
38
62
67
220
230
228
232
34
58
62
67
360
229
139
233
34
38
46
70
246
225
232
101
34
38
62
70
248
233
231
229
34
58
62
70
363
232
227
230
34
39
42
66
253
147
235
104
34
39
63
66
254
236
234
222
34
58
63
66
366
235
148
224
36
39
41
65
250
241
238
107
36
39
63
65
251
239
237
222
36
60
63
65
369
238
242
223
36
41
46
70
249
225
241
110
36
41
65
70
250
242
240
237
36
60
65
70
372
241
226
239
38
42
45
69
262
247
244
113
38
42
66
69
263
245
243
150
38
62
66
69
375
244
248
151
38
45
46
70
261
231
247
116
38
45
69
70
262
248
246
243
38
62
69
70
378
247
232
245
39
41
46
70
240
255
250
119
39
41
65
70
241
251
249
237
39
63
65
70
381
250
257
238
39
42
44
68
259
256
253
122
39
42
66
68
260
254
252
234
39
63
66
68
384
253
257
235
39
44
46
70
258
249
256
125
39
44
68
70
259
257
255
252
39
63
68
70
387
256
251
254
42
44
46
70
255
261
259
128
42
44
68
70
256
260
258
252
42
66
68
70
390
259
263
253
42
45
46
70
246
258
262
131
42
45
69
70
247
263
261
243
42
66
69
70
393
262
260
244
48
51
58
82
304
271
265
134
48
51
75
82
305
266
264
268
48
72
75
82
396
265
272
269
48
51
67
91
300
270
268
137
48
51
75
91
302
269
267
265
48
72
75
91
399
268
272
266
48
58
67
91
360
267
271
140
48
58
82
91
362
272
270
264
48
72
82
91
402
271
269
266
49
50
58
82
292
280
274
143
49
50
74
82
293
275
273
277
49
73
74
82
405
274
281
278
49
50
62
86
288
283
277
146
49
50
74
86
290
278
276
274
49
73
74
86
408
277
284
275
49
58
66
90
366
282
280
149
49
58
82
90
368
281
279
273
49
73
82
90
411
280
284
275
49
62
66
90
376
279
283
152
49
62
86
90
377
284
282
276
49
73
86
90
414
283
281
278
50
53
59
83
313
291
286
155
50
53
77
83
314
287
285
289
50
74
77
83
417
286
293
290
50
53
62
86
316
276
289
158
50
53
77
86
317
290
288
286
50
74
77
86
420
289
277
287
50
58
59
83
318
285
292
161
50
58
82
83
319
293
291
273
50
74
82
83
423
292
287
274
51
52
56
80
310
301
295
164
51
52
76
80
311
296
294
298
51
75
76
80
426
295
302
299
51
52
61
85
309
307
298
167
51
52
76
85
311
299
297
295
51
75
76
85
429
298
308
296
51
56
67
91
348
267
301
170
51
56
80
91
350
302
300
294
51
75
80
91
432
301
268
296
51
58
71
95
321
306
304
173
51
58
82
95
322
305
303
264
51
75
82
95
435
304
308
265
51
61
71
95
339
303
307
176
51
61
85
95
340
308
306
297
51
75
85
95
438
307
305
299
52
56
61
85
349
297
310
179
52
56
80
85
350
311
309
294
52
76
80
85
441
310
298
295
53
59
64
88
324
315
313
182
53
59
83
88
325
314
312
285
53
77
83
88
444
313
317
286
53
62
64
88
342
312
316
185
53
62
86
88
343
317
315
288
53
77
86
88
447
316
314
289
54
58
59
83
291
325
319
188
54
58
82
83
292
320
318
322
54
78
82
83
450
319
326
323
54
58
71
95
303
327
322
191
54
58
82
95
304
323
321
319
54
78
82
95
453
322
329
320
54
59
64
88
312
328
325
194
54
59
83
88
313
326
324
318
54
78
83
88
456
325
329
320
54
64
71
95
345
321
328
197
54
64
88
95
346
329
327
324
54
78
88
95
459
328
323
326
55
57
62
86
352
343
331
200
55
57
81
86
353
332
330
334
55
79
81
86
462
331
344
335
55
57
67
91
351
336
334
203
55
57
81
91
353
335
333
331
55
79
81
91
465
334
338
332
55
61
67
91
348
333
337
206
55
61
85
91
349
338
336
340
55
79
85
91
468
337
335
341
55
61
71
95
306
345
340
209
55
61
85
95
307
341
339
337
55
79
85
95
471
340
347
338
55
62
64
88
315
346
343
212
55
62
86
88
316
344
342
330
55
79
86
88
474
343
347
332
55
64
71
95
327
339
346
215
55
64
88
95
328
347
345
342
55
79
88
95
477
346
341
344
56
61
67
91
336
300
349
218
56
61
85
91
337
350
348
309
56
80
85
91
480
349
301
310
57
62
67
91
360
333
352
221
57
62
86
91
361
353
351
330
57
81
86
91
483
352
334
331
58
60
63
87
370
367
355
224
58
60
84
87
371
356
354
358
58
82
84
87
486
355
368
359
58
60
70
94
372
363
358
227
58
60
84
94
374
359
357
355
58
82
84
94
489
358
365
356
58
62
67
91
351
270
361
230
58
62
86
91
352
362
360
364
58
82
86
91
492
361
271
365
58
62
70
94
378
357
364
233
58
62
86
94
380
365
363
361
58
82
86
94
495
364
359
362
58
63
66
90
385
279
367
236
58
63
87
90
386
368
366
354
58
82
87
90
498
367
280
356
60
63
65
89
382
373
370
239
60
63
87
89
383
371
369
354
60
84
87
89
501
370
374
355
60
65
70
94
381
357
373
242
60
65
89
94
382
374
372
369
60
84
89
94
504
373
358
371
62
66
69
93
394
379
376
245
62
66
90
93
395
377
375
282
62
86
90
93
507
376
380
283
62
69
70
94
393
363
379
248
62
69
93
94
394
380
378
375
62
86
93
94
510
379
364
377
63
65
70
94
372
387
382
251
63
65
89
94
373
383
381
369
63
87
89
94
513
382
389
370
63
66
68
92
391
388
385
254
63
66
90
92
392
386
384
366
63
87
90
92
516
385
389
367
63
68
70
94
390
381
388
257
63
68
92
94
391
389
387
384
63
87
92
94
519
388
383
386
66
68
70
94
387
393
391
260
66
68
92
94
388
392
390
384
66
90
92
94
522
391
395
385
66
69
70
94
378
390
394
263
66
69
93
94
379
395
393
375
66
90
93
94
525
394
392
376
72
75
82
10
436
403
397
266
72
75
3
10
437
398
396
400
72
0
3
10
0
397
404
401
72
75
91
19
432
402
400
269
72
75
3
19
434
401
399
397
72
0
3
19
3
400
404
398
72
82
91
19
492
399
403
272
72
82
10
19
494
404
402
396
72
0
10
19
6
403
401
398
73
74
82
10
424
412
406
275
73
74
2
10
425
407
405
409
73
1
2
10
9
406
413
410
73
74
86
14
420
415
409
278
73
74
2
14
422
410
408
406
73
1
2
14
12
409
416
407
73
82
90
18
498
414
412
281
73
82
10
18
500
413
411
405
73
1
10
18
15
412
416
407
73
86
90
18
508
411
415
284
73
86
14
18
509
416
414
408
73
1
14
18
18
415
413
410
74
77
83
11
445
423
418
287
74
77
5
11
446
419
417
421
74
2
5
11
21
418
425
422
74
77
86
14
448
408
421
290
74
77
5
14
449
422
420
418
74
2
5
14
24
421
409
419
74
82
83
11
450
417
424
293
74
82
10
11
451
425
423
405
74
2
10
11
27
424
419
406
75
76
80
8
442
433
427
296
75
76
4
8
443
428
426
430
75
3
4
8
30
427
434
431
75
76
85
13
441
439
430
299
75
76
4
13
443
431
429
427
75
3
4
13
33
430
440
428
75
80
91
19
480
399
433
302
75
80
8
19
482
434
432
426
75
3
8
19
36
433
400
428
75
82
95
23
453
438
436
305
75
82
10
23
454
437
435
396
75
3
10
23
39
436
440
397
75
85
95
23
471
435
439
308
75
85
13
23
472
440
438
429
75
3
13
23
42
439
437
431
76
80
85
13
481
429
442
311
76
80
8
13
482
443
441
426
76
4
8
13
45
442
430
427
77
83
88
16
456
447
445
314
77
83
11
16
457
446
444
417
77
5
11
16
48
445
449
418
77
86
88
16
474
444
448
317
77
86
14
16
475
449
447
420
77
5
14
16
51
448
446
421
78
82
83
11
423
457
451
320
78
82
10
11
424
452
450
454
78
6
10
11
54
451
458
455
78
82
95
23
435
459
454
323
78
82
10
23
436
455
453
451
78
6
10
23
57
454
461
452
78
83
88
16
444
460
457
326
78
83
11
16
445
458
456
450
78
6
11
16
60
457
461
452
78
88
95
23
477
453
460
329
78
88
16
23
478
461
459
456
78
6
16
23
63
460
455
458
79
81
86
14
484
475
463
332
79
81
9
14
485
464
462
466
79
7
9
14
66
463
476
467
79
81
91
19
483
468
466
335
79
81
9
19
485
467
465
463
79
7
9
19
69
466
470
464
79
85
91
19
480
465
469
338
79
85
13
19
481
470
468
472
79
7
13
19
72
469
467
473
79
85
95
23
438
477
472
341
79
85
13
23
439
473
471
469
79
7
13
23
75
472
479
470
79
86
88
16
447
478
475
344
79
86
14
16
448
476
474
462
79
7
14
16
78
475
479
464
79
88
95
23
459
471
478
347
79
88
16
23
460
479
477
474
79
7
16
23
81
478
473
476
80
85
91
19
468
432
481
350
80
85
13
19
469
482
480
441
80
8
13
19
84
481
433
442
81
86
91
19
492
465
484
353
81
86
14
19
493
485
483
462
81
9
14
19
87
484
466
463
82
84
87
15
502
499
487
356
82
84
12
15
503
488
486
490
82
10
12
15
90
487
500
491
82
84
94
22
504
495
490
359
82
84
12
22
506
491
489
487
82
10
12
22
93
490
497
488
82
86
91
19
483
402
493
362
82
86
14
19
484
494
492
496
82
10
14
19
96
493
403
497
82
86
94
22
510
489
496
365
82
86
14
22
512
497
495
493
82
10
14
22
99
496
491
494
82
87
90
18
517
411
499
368
82
87
15
18
518
500
498
486
82
10
15
18
102
499
412
488
84
87
89
17
514
505
502
371
84
87
15
17
515
503
501
486
84
12
15
17
105
502
506
487
84
89
94
22
513
489
505
374
84
89
17
22
514
506
504
501
84
12
17
22
108
505
490
503
86
90
93
21
526
511
508
377
86
90
18
21
527
509
507
414
86
14
18
21
111
508
512
415
86
93
94
22
525
495
511
380
86
93
21
22
526
512
510
507
86
14
21
22
114
511
496
509
87
89
94
22
504
519
514
383
87
89
17
22
505
515
513
501
87
15
17
22
117
514
521
502
87
90
92
20
523
520
517
386
87
90
18
20
524
518
516
498
87
15
18
20
120
517
521
499
87
92
94
22
522
513
520
389
87
92
20
22
523
521
519
516
87
15
20
22
123
520
515
518
90
92
94
22
519
525
523
392
90
92
20
22
520
524
522
516
90
18
20
22
126
523
527
517
90
93
94
22
510
522
526
395
90
93
21
22
511
527
525
507
90
18
21
22
129
526
524
508
528
