1
96
0
0
0
0
0
0
0
0
0
0
0
0
0
0
0
0
0
0
0
0
0
0
0
0
1
1
1
1
1
1
1
1
1
1
1
1
1
1
1
1
1
1
1
1
1
1
1
1
2
2
2
2
2
2
2
2
2
2
2
2
2
2
2
2
2
2
2
2
2
2
2
2
3
3
3
3
3
3
3
3
3
3
3
3
3
3
3
3
3
3
3
3
3
3
3
3
96
528
0
5
17
41
69
6
1
398
0
5
29
41
71
2
0
4
0
24
29
41
132
1
8
5
0
5
19
43
39
9
4
401
0
5
29
43
40
5
3
1
0
24
29
43
135
4
11
2
0
15
17
41
78
0
7
404
0
15
39
41
79
8
6
10
0
24
39
41
138
7
2
11
0
15
19
43
99
3
10
407
0
15
39
43
100
11
9
7
0
24
39
43
141
10
5
8
1
2
22
46
36
27
13
410
1
2
26
46
38
14
12
16
1
25
26
46
144
13
29
17
1
2
23
47
33
21
16
413
1
2
26
47
35
17
15
13
1
25
26
47
147
16
23
14
1
7
21
45
90
24
19
416
1
7
31
45
92
20
18
22
1
25
31
45
150
19
26
23
1
7
23
47
33
15
22
419
1
7
31
47
34
23
21
19
1
25
31
47
153
22
17
20
1
18
21
45
129
18
25
422
1
18
42
45
130
26
24
28
1
25
42
45
156
25
20
29
1
18
22
46
60
12
28
425
1
18
42
46
61
29
27
25
1
25
42
46
159
28
14
26
2
7
17
41
84
37
31
428
2
7
31
41
86
32
30
34
2
26
31
41
162
31
38
35
2
7
23
47
21
15
34
431
2
7
31
47
22
35
33
31
2
26
31
47
165
34
16
32
2
17
22
46
57
12
37
434
2
17
41
46
58
38
36
30
2
26
41
46
168
37
13
32
3
5
19
43
3
45
40
437
3
5
29
43
4
41
39
43
3
27
29
43
171
40
47
44
3
5
20
44
75
48
43
440
3
5
29
44
77
44
42
40
3
27
29
44
174
43
50
41
3
8
19
43
99
39
46
443
3
8
32
43
101
47
45
49
3
27
32
43
177
46
41
50
3
8
20
44
96
42
49
446
3
8
32
44
98
50
48
46
3
27
32
44
180
49
44
47
4
6
17
41
78
58
52
449
4
6
30
41
80
53
51
55
4
28
30
41
183
52
59
56
4
6
18
42
81
61
55
452
4
6
30
42
83
56
54
52
4
28
30
42
186
55
62
53
4
17
22
46
36
60
58
455
4
17
41
46
37
59
57
51
4
28
41
46
189
58
62
53
4
18
22
46
27
57
61
458
4
18
42
46
28
62
60
54
4
28
42
46
192
61
59
56
5
7
9
33
85
70
64
461
5
7
31
33
86
65
63
67
5
29
31
33
195
64
71
68
5
7
13
37
88
72
67
464
5
7
31
37
89
68
66
64
5
29
31
37
198
67
74
65
5
9
17
41
84
0
70
467
5
9
33
41
85
71
69
63
5
29
33
41
201
70
1
65
5
10
13
37
103
66
73
470
5
10
34
37
104
74
72
76
5
29
34
37
204
73
68
77
5
10
20
44
105
42
76
473
5
10
34
44
107
77
75
73
5
29
34
44
207
76
43
74
6
15
17
41
6
51
79
476
6
15
39
41
7
80
78
82
6
30
39
41
210
79
52
83
6
15
18
42
114
54
82
479
6
15
39
42
115
83
81
79
6
30
39
42
213
82
55
80
7
9
17
41
69
30
85
482
7
9
33
41
70
86
84
63
7
31
33
41
216
85
31
64
7
13
14
38
102
91
88
485
7
13
37
38
103
89
87
66
7
31
37
38
219
88
92
67
7
14
21
45
126
18
91
488
7
14
38
45
128
92
90
87
7
31
38
45
222
91
19
89
8
11
15
39
115
100
94
491
8
11
35
39
116
95
93
97
8
32
35
39
225
94
101
98
8
11
20
44
121
48
97
494
8
11
35
44
122
98
96
94
8
32
35
44
228
97
49
95
8
15
19
43
9
45
100
497
8
15
39
43
10
101
99
93
8
32
39
43
231
100
46
95
10
13
14
38
87
106
103
500
10
13
37
38
88
104
102
72
10
34
37
38
234
103
107
73
10
14
20
44
127
75
106
503
10
14
38
44
128
107
105
102
10
34
38
44
237
106
76
104
11
12
16
40
124
118
109
506
11
12
36
40
125
110
108
112
11
35
36
40
240
109
119
113
11
12
18
42
123
114
112
509
11
12
36
42
125
113
111
109
11
35
36
42
243
112
116
110
11
15
18
42
81
111
115
512
11
15
39
42
82
116
114
93
11
35
39
42
246
115
113
94
11
16
21
45
129
120
118
515
11
16
40
45
131
119
117
108
11
35
40
45
249
118
122
110
11
20
21
45
126
117
121
518
11
20
44
45
127
122
120
96
11
35
44
45
252
121
119
97
12
16
18
42
130
111
124
521
12
16
40
42
131
125
123
108
12
36
40
42
255
124
112
109
14
20
21
45
120
90
127
524
14
20
44
45
121
128
126
105
14
38
44
45
258
127
91
106
16
18
21
45
24
117
130
527
16
18
42
45
25
131
129
123
16
40
42
45
261
130
118
124
24
29
41
65
201
138
133
2
24
29
53
65
203
134
132
136
24
48
53
65
264
133
140
137
24
29
43
67
171
141
136
5
24
29
53
67
172
137
135
133
24
48
53
67
267
136
143
134
24
39
41
65
210
132
139
8
24
39
63
65
211
140
138
142
24
48
63
65
270
139
134
143
24
39
43
67
231
135
142
11
24
39
63
67
232
143
141
139
24
48
63
67
273
142
137
140
25
26
46
70
168
159
145
14
25
26
50
70
170
146
144
148
25
49
50
70
276
145
161
149
25
26
47
71
165
153
148
17
25
26
50
71
167
149
147
145
25
49
50
71
279
148
155
146
25
31
45
69
222
156
151
20
25
31
55
69
224
152
150
154
25
49
55
69
282
151
158
155
25
31
47
71
165
147
154
23
25
31
55
71
166
155
153
151
25
49
55
71
285
154
149
152
25
42
45
69
261
150
157
26
25
42
66
69
262
158
156
160
25
49
66
69
288
157
152
161
25
42
46
70
192
144
160
29
25
42
66
70
193
161
159
157
25
49
66
70
291
160
146
158
26
31
41
65
216
169
163
32
26
31
55
65
218
164
162
166
26
50
55
65
294
163
170
167
26
31
47
71
153
147
166
35
26
31
55
71
154
167
165
163
26
50
55
71
297
166
148
164
26
41
46
70
189
144
169
38
26
41
65
70
190
170
168
162
26
50
65
70
300
169
145
164
27
29
43
67
135
177
172
41
27
29
53
67
136
173
171
175
27
51
53
67
303
172
179
176
27
29
44
68
207
180
175
44
27
29
53
68
209
176
174
172
27
51
53
68
306
175
182
173
27
32
43
67
231
171
178
47
27
32
56
67
233
179
177
181
27
51
56
67
309
178
173
182
27
32
44
68
228
174
181
50
27
32
56
68
230
182
180
178
27
51
56
68
312
181
176
179
28
30
41
65
210
190
184
53
28
30
54
65
212
185
183
187
28
52
54
65
315
184
191
188
28
30
42
66
213
193
187
56
28
30
54
66
215
188
186
184
28
52
54
66
318
187
194
185
28
41
46
70
168
192
190
59
28
41
65
70
169
191
189
183
28
52
65
70
321
190
194
185
28
42
46
70
159
189
193
62
28
42
66
70
160
194
192
186
28
52
66
70
324
193
191
188
29
31
33
57
217
202
196
65
29
31
55
57
218
197
195
199
29
53
55
57
327
196
203
200
29
31
37
61
220
204
199
68
29
31
55
61
221
200
198
196
29
53
55
61
330
199
206
197
29
33
41
65
216
132
202
71
29
33
57
65
217
203
201
195
29
53
57
65
333
202
133
197
29
34
37
61
235
198
205
74
29
34
58
61
236
206
204
208
29
53
58
61
336
205
200
209
29
34
44
68
237
174
208
77
29
34
58
68
239
209
207
205
29
53
58
68
339
208
175
206
30
39
41
65
138
183
211
80
30
39
63
65
139
212
210
214
30
54
63
65
342
211
184
215
30
39
42
66
246
186
214
83
30
39
63
66
247
215
213
211
30
54
63
66
345
214
187
212
31
33
41
65
201
162
217
86
31
33
57
65
202
218
216
195
31
55
57
65
348
217
163
196
31
37
38
62
234
223
220
89
31
37
61
62
235
221
219
198
31
55
61
62
351
220
224
199
31
38
45
69
258
150
223
92
31
38
62
69
260
224
222
219
31
55
62
69
354
223
151
221
32
35
39
63
247
232
226
95
32
35
59
63
248
227
225
229
32
56
59
63
357
226
233
230
32
35
44
68
253
180
229
98
32
35
59
68
254
230
228
226
32
56
59
68
360
229
181
227
32
39
43
67
141
177
232
101
32
39
63
67
142
233
231
225
32
56
63
67
363
232
178
227
34
37
38
62
219
238
235
104
34
37
61
62
220
236
234
204
34
58
61
62
366
235
239
205
34
38
44
68
259
207
238
107
34
38
62
68
260
239
237
234
34
58
62
68
369
238
208
236
35
36
40
64
256
250
241
110
35
36
60
64
257
242
240
244
35
59
60
64
372
241
251
245
35
36
42
66
255
246
244
113
35
36
60
66
257
245
243
241
35
59
60
66
375
244
248
242
35
39
42
66
213
243
247
116
35
39
63
66
214
248
246
225
35
59
63
66
378
247
245
226
35
40
45
69
261
252
250
119
35
40
64
69
263
251
249
240
35
59
64
69
381
250
254
242
35
44
45
69
258
249
253
122
35
44
68
69
259
254
252
228
35
59
68
69
384
253
251
229
36
40
42
66
262
243
256
125
36
40
64
66
263
257
255
240
36
60
64
66
387
256
244
241
38
44
45
69
252
222
259
128
38
44
68
69
253
260
258
237
38
62
68
69
390
259
223
238
40
42
45
69
156
249
262
131
40
42
66
69
157
263
261
255
40
64
66
69
393
262
250
256
48
53
65
89
333
270
265
134
48
53
77
89
335
266
264
268
48
72
77
89
396
265
272
269
48
53
67
91
303
273
268
137
48
53
77
91
304
269
267
265
48
72
77
91
399
268
275
266
48
63
65
89
342
264
271
140
48
63
87
89
343
272
270
274
48
72
87
89
402
271
266
275
48
63
67
91
363
267
274
143
48
63
87
91
364
275
273
271
48
72
87
91
405
274
269
272
49
50
70
94
300
291
277
146
49
50
74
94
302
278
276
280
49
73
74
94
408
277
293
281
49
50
71
95
297
285
280
149
49
50
74
95
299
281
279
277
49
73
74
95
411
280
287
278
49
55
69
93
354
288
283
152
49
55
79
93
356
284
282
286
49
73
79
93
414
283
290
287
49
55
71
95
297
279
286
155
49
55
79
95
298
287
285
283
49
73
79
95
417
286
281
284
49
66
69
93
393
282
289
158
49
66
90
93
394
290
288
292
49
73
90
93
420
289
284
293
49
66
70
94
324
276
292
161
49
66
90
94
325
293
291
289
49
73
90
94
423
292
278
290
50
55
65
89
348
301
295
164
50
55
79
89
350
296
294
298
50
74
79
89
426
295
302
299
50
55
71
95
285
279
298
167
50
55
79
95
286
299
297
295
50
74
79
95
429
298
280
296
50
65
70
94
321
276
301
170
50
65
89
94
322
302
300
294
50
74
89
94
432
301
277
296
51
53
67
91
267
309
304
173
51
53
77
91
268
305
303
307
51
75
77
91
435
304
311
308
51
53
68
92
339
312
307
176
51
53
77
92
341
308
306
304
51
75
77
92
438
307
314
305
51
56
67
91
363
303
310
179
51
56
80
91
365
311
309
313
51
75
80
91
441
310
305
314
51
56
68
92
360
306
313
182
51
56
80
92
362
314
312
310
51
75
80
92
444
313
308
311
52
54
65
89
342
322
316
185
52
54
78
89
344
317
315
319
52
76
78
89
447
316
323
320
52
54
66
90
345
325
319
188
52
54
78
90
347
320
318
316
52
76
78
90
450
319
326
317
52
65
70
94
300
324
322
191
52
65
89
94
301
323
321
315
52
76
89
94
453
322
326
317
52
66
70
94
291
321
325
194
52
66
90
94
292
326
324
318
52
76
90
94
456
325
323
320
53
55
57
81
349
334
328
197
53
55
79
81
350
329
327
331
53
77
79
81
459
328
335
332
53
55
61
85
352
336
331
200
53
55
79
85
353
332
330
328
53
77
79
85
462
331
338
329
53
57
65
89
348
264
334
203
53
57
81
89
349
335
333
327
53
77
81
89
465
334
265
329
53
58
61
85
367
330
337
206
53
58
82
85
368
338
336
340
53
77
82
85
468
337
332
341
53
58
68
92
369
306
340
209
53
58
82
92
371
341
339
337
53
77
82
92
471
340
307
338
54
63
65
89
270
315
343
212
54
63
87
89
271
344
342
346
54
78
87
89
474
343
316
347
54
63
66
90
378
318
346
215
54
63
87
90
379
347
345
343
54
78
87
90
477
346
319
344
55
57
65
89
333
294
349
218
55
57
81
89
334
350
348
327
55
79
81
89
480
349
295
328
55
61
62
86
366
355
352
221
55
61
85
86
367
353
351
330
55
79
85
86
483
352
356
331
55
62
69
93
390
282
355
224
55
62
86
93
392
356
354
351
55
79
86
93
486
355
283
353
56
59
63
87
379
364
358
227
56
59
83
87
380
359
357
361
56
80
83
87
489
358
365
362
56
59
68
92
385
312
361
230
56
59
83
92
386
362
360
358
56
80
83
92
492
361
313
359
56
63
67
91
273
309
364
233
56
63
87
91
274
365
363
357
56
80
87
91
495
364
310
359
58
61
62
86
351
370
367
236
58
61
85
86
352
368
366
336
58
82
85
86
498
367
371
337
58
62
68
92
391
339
370
239
58
62
86
92
392
371
369
366
58
82
86
92
501
370
340
368
59
60
64
88
388
382
373
242
59
60
84
88
389
374
372
376
59
83
84
88
504
373
383
377
59
60
66
90
387
378
376
245
59
60
84
90
389
377
375
373
59
83
84
90
507
376
380
374
59
63
66
90
345
375
379
248
59
63
87
90
346
380
378
357
59
83
87
90
510
379
377
358
59
64
69
93
393
384
382
251
59
64
88
93
395
383
381
372
59
83
88
93
513
382
386
374
59
68
69
93
390
381
385
254
59
68
92
93
391
386
384
360
59
83
92
93
516
385
383
361
60
64
66
90
394
375
388
257
60
64
88
90
395
389
387
372
60
84
88
90
519
388
376
373
62
68
69
93
384
354
391
260
62
68
92
93
385
392
390
369
62
86
92
93
522
391
355
370
64
66
69
93
288
381
394
263
64
66
90
93
289
395
393
387
64
88
90
93
525
394
382
388
72
77
89
17
465
402
397
266
72
77
5
17
467
398
396
400
72
0
5
17
0
397
404
401
72
77
91
19
435
405
400
269
72
77
5
19
436
401
399
397
72
0
5
19
3
400
407
398
72
87
89
17
474
396
403
272
72
87
15
17
475
404
402
406
72
0
15
17
6
403
398
407
72
87
91
19
495
399
406
275
72
87
15
19
496
407
405
403
72
0
15
19
9
406
401
404
73
74
94
22
432
423
409
278
73
74
2
22
434
410
408
412
73
1
2
22
12
409
425
413
73
74
95
23
429
417
412
281
73
74
2
23
431
413
411
409
73
1
2
23
15
412
419
410
73
79
93
21
486
420
415
284
73
79
7
21
488
416
414
418
73
1
7
21
18
415
422
419
73
79
95
23
429
411
418
287
73
79
7
23
430
419
417
415
73
1
7
23
21
418
413
416
73
90
93
21
525
414
421
290
73
90
18
21
526
422
420
424
73
1
18
21
24
421
416
425
73
90
94
22
456
408
424
293
73
90
18
22
457
425
423
421
73
1
18
22
27
424
410
422
74
79
89
17
480
433
427
296
74
79
7
17
482
428
426
430
74
2
7
17
30
427
434
431
74
79
95
23
417
411
430
299
74
79
7
23
418
431
429
427
74
2
7
23
33
430
412
428
74
89
94
22
453
408
433
302
74
89
17
22
454
434
432
426
74
2
17
22
36
433
409
428
75
77
91
19
399
441
436
305
75
77
5
19
400
437
435
439
75
3
5
19
39
436
443
440
75
77
92
20
471
444
439
308
75
77
5
20
473
440
438
436
75
3
5
20
42
439
446
437
75
80
91
19
495
435
442
311
75
80
8
19
497
443
441
445
75
3
8
19
45
442
437
446
75
80
92
20
492
438
445
314
75
80
8
20
494
446
444
442
75
3
8
20
48
445
440
443
76
78
89
17
474
454
448
317
76
78
6
17
476
449
447
451
76
4
6
17
51
448
455
452
76
78
90
18
477
457
451
320
76
78
6
18
479
452
450
448
76
4
6
18
54
451
458
449
76
89
94
22
432
456
454
323
76
89
17
22
433
455
453
447
76
4
17
22
57
454
458
449
76
90
94
22
423
453
457
326
76
90
18
22
424
458
456
450
76
4
18
22
60
457
455
452
77
79
81
9
481
466
460
329
77
79
7
9
482
461
459
463
77
5
7
9
63
460
467
464
77
79
85
13
484
468
463
332
77
79
7
13
485
464
462
460
77
5
7
13
66
463
470
461
77
81
89
17
480
396
466
335
77
81
9
17
481
467
465
459
77
5
9
17
69
466
397
461
77
82
85
13
499
462
469
338
77
82
10
13
500
470
468
472
77
5
10
13
72
469
464
473
77
82
92
20
501
438
472
341
77
82
10
20
503
473
471
469
77
5
10
20
75
472
439
470
78
87
89
17
402
447
475
344
78
87
15
17
403
476
474
478
78
6
15
17
78
475
448
479
78
87
90
18
510
450
478
347
78
87
15
18
511
479
477
475
78
6
15
18
81
478
451
476
79
81
89
17
465
426
481
350
79
81
9
17
466
482
480
459
79
7
9
17
84
481
427
460
79
85
86
14
498
487
484
353
79
85
13
14
499
485
483
462
79
7
13
14
87
484
488
463
79
86
93
21
522
414
487
356
79
86
14
21
524
488
486
483
79
7
14
21
90
487
415
485
80
83
87
15
511
496
490
359
80
83
11
15
512
491
489
493
80
8
11
15
93
490
497
494
80
83
92
20
517
444
493
362
80
83
11
20
518
494
492
490
80
8
11
20
96
493
445
491
80
87
91
19
405
441
496
365
80
87
15
19
406
497
495
489
80
8
15
19
99
496
442
491
82
85
86
14
483
502
499
368
82
85
13
14
484
500
498
468
82
10
13
14
102
499
503
469
82
86
92
20
523
471
502
371
82
86
14
20
524
503
501
498
82
10
14
20
105
502
472
500
83
84
88
16
520
514
505
374
83
84
12
16
521
506
504
508
83
11
12
16
108
505
515
509
83
84
90
18
519
510
508
377
83
84
12
18
521
509
507
505
83
11
12
18
111
508
512
506
83
87
90
18
477
507
511
380
83
87
15
18
478
512
510
489
83
11
15
18
114
511
509
490
83
88
93
21
525
516
514
383
83
88
16
21
527
515
513
504
83
11
16
21
117
514
518
506
83
92
93
21
522
513
517
386
83
92
20
21
523
518
516
492
83
11
20
21
120
517
515
493
84
88
90
18
526
507
520
389
84
88
16
18
527
521
519
504
84
12
16
18
123
520
508
505
86
92
93
21
516
486
523
392
86
92
20
21
517
524
522
501
86
14
20
21
126
523
487
502
88
90
93
21
420
513
526
395
88
90
18
21
421
527
525
519
88
16
18
21
129
526
514
520
528
