1
96
0
0
0
0
0
0
0
0
0
0
0
0
0
0
0
0
0
0
0
0
0
0
0
0
1
1
1
1
1
1
1
1
1
1
1
1
1
1
1
1
1
1
1
1
1
1
1
1
2
2
2
2
2
2
2
2
2
2
2
2
2
2
2
2
2
2
2
2
2
2
2
2
3
3
3
3
3
3
3
3
3
3
3
3
3
3
3
3
3
3
3
3
3
3
3
3
96
528
0
1
6
30
30
9
1
398
0
1
25
30
32
2
0
4
0
24
25
30
132
1
11
5
0
1
13
37
58
18
4
401
0
1
25
37
59
5
3
1
0
24
25
37
135
4
20
2
0
2
3
27
61
13
7
404
0
2
26
27
62
8
6
10
0
24
26
27
138
7
14
11
0
2
6
30
30
0
10
407
0
2
26
30
31
11
9
7
0
24
26
30
141
10
2
8
0
3
20
44
96
28
13
410
0
3
27
44
98
14
12
6
0
24
27
44
144
13
29
8
0
4
8
32
66
22
16
413
0
4
28
32
67
17
15
19
0
24
28
32
147
16
23
20
0
4
13
37
106
3
19
416
0
4
28
37
107
20
18
16
0
24
28
37
150
19
5
17
0
8
16
40
81
25
22
419
0
8
32
40
82
23
21
15
0
24
32
40
153
22
26
17
0
16
21
45
129
27
25
422
0
16
40
45
131
26
24
21
0
24
40
45
156
25
29
23
0
20
21
45
129
24
28
425
0
20
44
45
130
29
27
12
0
24
44
45
159
28
26
14
1
2
6
30
9
0
31
428
1
2
26
30
10
32
30
34
1
25
26
30
162
31
1
35
1
2
7
31
64
36
34
431
1
2
26
31
65
35
33
31
1
25
26
31
165
34
38
32
1
3
7
31
79
33
37
434
1
3
27
31
80
38
36
40
1
25
27
31
168
37
35
41
1
3
19
43
87
54
40
437
1
3
27
43
89
41
39
37
1
25
27
43
171
40
56
38
1
4
5
29
100
49
43
440
1
4
28
29
101
44
42
46
1
25
28
29
174
43
50
47
1
4
17
41
105
57
46
443
1
4
28
41
107
47
45
43
1
25
28
41
177
46
59
44
1
5
14
38
121
51
49
446
1
5
29
38
122
50
48
42
1
25
29
38
180
49
53
44
1
11
14
38
127
48
52
449
1
11
35
38
128
53
51
55
1
25
35
38
183
52
50
56
1
11
19
43
87
39
55
452
1
11
35
43
88
56
54
52
1
25
35
43
186
55
41
53
1
13
17
41
105
45
58
455
1
13
37
41
106
59
57
3
1
25
37
41
189
58
47
4
2
3
9
33
78
63
61
458
2
3
27
33
80
62
60
6
2
26
27
33
192
61
65
7
2
7
9
33
78
60
64
461
2
7
31
33
79
65
63
33
2
26
31
33
195
64
62
34
3
4
8
32
15
82
67
464
3
4
28
32
16
68
66
70
3
27
28
32
198
67
83
71
3
4
10
34
103
85
70
467
3
4
28
34
104
71
69
67
3
27
28
34
201
70
86
68
3
5
15
39
111
94
73
470
3
5
29
39
113
74
72
76
3
27
29
39
204
73
95
77
3
5
23
47
117
90
76
473
3
5
29
47
119
77
75
73
3
27
29
47
207
76
92
74
3
7
9
33
63
60
79
476
3
7
31
33
64
80
78
36
3
27
31
33
210
79
61
37
3
8
16
40
21
97
82
479
3
8
32
40
22
83
81
66
3
27
32
40
213
82
98
68
3
10
22
46
123
93
85
482
3
10
34
46
125
86
84
69
3
27
34
46
216
85
95
71
3
11
19
43
54
39
88
485
3
11
35
43
55
89
87
91
3
27
35
43
219
88
40
92
3
11
23
47
117
75
91
488
3
11
35
47
118
92
90
88
3
27
35
47
222
91
77
89
3
15
22
46
123
84
94
491
3
15
39
46
124
95
93
72
3
27
39
46
225
94
86
74
3
16
20
44
130
12
97
494
3
16
40
44
131
98
96
81
3
27
40
44
228
97
13
83
4
5
12
36
108
102
100
497
4
5
29
36
110
101
99
42
4
28
29
36
231
100
104
43
4
10
12
36
108
99
103
500
4
10
34
36
109
104
102
69
4
28
34
36
234
103
101
70
4
13
17
41
57
45
106
503
4
13
37
41
58
107
105
18
4
28
37
41
237
106
46
19
5
10
12
36
102
99
109
506
5
10
34
36
103
110
108
112
5
29
34
36
240
109
100
113
5
10
15
39
124
72
112
509
5
10
34
39
125
113
111
109
5
29
34
39
243
112
73
110
5
11
18
42
126
120
115
512
5
11
35
42
128
116
114
118
5
29
35
42
246
115
122
119
5
11
23
47
90
75
118
515
5
11
35
47
91
119
117
115
5
29
35
47
249
118
76
116
5
14
18
42
126
114
121
518
5
14
38
42
127
122
120
48
5
29
38
42
252
121
116
49
10
15
22
46
93
84
124
521
10
15
39
46
94
125
123
111
10
34
39
46
255
124
85
112
11
14
18
42
120
114
127
524
11
14
38
42
121
128
126
51
11
35
38
42
258
127
115
52
16
20
21
45
27
24
130
527
16
20
44
45
28
131
129
96
16
40
44
45
261
130
25
97
24
25
30
54
162
141
133
2
24
25
49
54
164
134
132
136
24
48
49
54
264
133
143
137
24
25
37
61
190
150
136
5
24
25
49
61
191
137
135
133
24
48
49
61
267
136
152
134
24
26
27
51
193
145
139
8
24
26
50
51
194
140
138
142
24
48
50
51
270
139
146
143
24
26
30
54
162
132
142
11
24
26
50
54
163
143
141
139
24
48
50
54
273
142
134
140
24
27
44
68
228
160
145
14
24
27
51
68
230
146
144
138
24
48
51
68
276
145
161
140
24
28
32
56
198
154
148
17
24
28
52
56
199
149
147
151
24
48
52
56
279
148
155
152
24
28
37
61
238
135
151
20
24
28
52
61
239
152
150
148
24
48
52
61
282
151
137
149
24
32
40
64
213
157
154
23
24
32
56
64
214
155
153
147
24
48
56
64
285
154
158
149
24
40
45
69
261
159
157
26
24
40
64
69
263
158
156
153
24
48
64
69
288
157
161
155
24
44
45
69
261
156
160
29
24
44
68
69
262
161
159
144
24
48
68
69
291
160
158
146
25
26
30
54
141
132
163
32
25
26
50
54
142
164
162
166
25
49
50
54
294
163
133
167
25
26
31
55
196
168
166
35
25
26
50
55
197
167
165
163
25
49
50
55
297
166
170
164
25
27
31
55
211
165
169
38
25
27
51
55
212
170
168
172
25
49
51
55
300
169
167
173
25
27
43
67
219
186
172
41
25
27
51
67
221
173
171
169
25
49
51
67
303
172
188
170
25
28
29
53
232
181
175
44
25
28
52
53
233
176
174
178
25
49
52
53
306
175
182
179
25
28
41
65
237
189
178
47
25
28
52
65
239
179
177
175
25
49
52
65
309
178
191
176
25
29
38
62
253
183
181
50
25
29
53
62
254
182
180
174
25
49
53
62
312
181
185
176
25
35
38
62
259
180
184
53
25
35
59
62
260
185
183
187
25
49
59
62
315
184
182
188
25
35
43
67
219
171
187
56
25
35
59
67
220
188
186
184
25
49
59
67
318
187
173
185
25
37
41
65
237
177
190
59
25
37
61
65
238
191
189
135
25
49
61
65
321
190
179
136
26
27
33
57
210
195
193
62
26
27
51
57
212
194
192
138
26
50
51
57
324
193
197
139
26
31
33
57
210
192
196
65
26
31
55
57
211
197
195
165
26
50
55
57
327
196
194
166
27
28
32
56
147
214
199
68
27
28
52
56
148
200
198
202
27
51
52
56
330
199
215
203
27
28
34
58
235
217
202
71
27
28
52
58
236
203
201
199
27
51
52
58
333
202
218
200
27
29
39
63
243
226
205
74
27
29
53
63
245
206
204
208
27
51
53
63
336
205
227
209
27
29
47
71
249
222
208
77
27
29
53
71
251
209
207
205
27
51
53
71
339
208
224
206
27
31
33
57
195
192
211
80
27
31
55
57
196
212
210
168
27
51
55
57
342
211
193
169
27
32
40
64
153
229
214
83
27
32
56
64
154
215
213
198
27
51
56
64
345
214
230
200
27
34
46
70
255
225
217
86
27
34
58
70
257
218
216
201
27
51
58
70
348
217
227
203
27
35
43
67
186
171
220
89
27
35
59
67
187
221
219
223
27
51
59
67
351
220
172
224
27
35
47
71
249
207
223
92
27
35
59
71
250
224
222
220
27
51
59
71
354
223
209
221
27
39
46
70
255
216
226
95
27
39
63
70
256
227
225
204
27
51
63
70
357
226
218
206
27
40
44
68
262
144
229
98
27
40
64
68
263
230
228
213
27
51
64
68
360
229
145
215
28
29
36
60
240
234
232
101
28
29
53
60
242
233
231
174
28
52
53
60
363
232
236
175
28
34
36
60
240
231
235
104
28
34
58
60
241
236
234
201
28
52
58
60
366
235
233
202
28
37
41
65
189
177
238
107
28
37
61
65
190
239
237
150
28
52
61
65
369
238
178
151
29
34
36
60
234
231
241
110
29
34
58
60
235
242
240
244
29
53
58
60
372
241
232
245
29
34
39
63
256
204
244
113
29
34
58
63
257
245
243
241
29
53
58
63
375
244
205
242
29
35
42
66
258
252
247
116
29
35
59
66
260
248
246
250
29
53
59
66
378
247
254
251
29
35
47
71
222
207
250
119
29
35
59
71
223
251
249
247
29
53
59
71
381
250
208
248
29
38
42
66
258
246
253
122
29
38
62
66
259
254
252
180
29
53
62
66
384
253
248
181
34
39
46
70
225
216
256
125
34
39
63
70
226
257
255
243
34
58
63
70
387
256
217
244
35
38
42
66
252
246
259
128
35
38
62
66
253
260
258
183
35
59
62
66
390
259
247
184
40
44
45
69
159
156
262
131
40
44
68
69
160
263
261
228
40
64
68
69
393
262
157
229
48
49
54
78
294
273
265
134
48
49
73
78
296
266
264
268
48
72
73
78
396
265
275
269
48
49
61
85
322
282
268
137
48
49
73
85
323
269
267
265
48
72
73
85
399
268
284
266
48
50
51
75
325
277
271
140
48
50
74
75
326
272
270
274
48
72
74
75
402
271
278
275
48
50
54
78
294
264
274
143
48
50
74
78
295
275
273
271
48
72
74
78
405
274
266
272
48
51
68
92
360
292
277
146
48
51
75
92
362
278
276
270
48
72
75
92
408
277
293
272
48
52
56
80
330
286
280
149
48
52
76
80
331
281
279
283
48
72
76
80
411
280
287
284
48
52
61
85
370
267
283
152
48
52
76
85
371
284
282
280
48
72
76
85
414
283
269
281
48
56
64
88
345
289
286
155
48
56
80
88
346
287
285
279
48
72
80
88
417
286
290
281
48
64
69
93
393
291
289
158
48
64
88
93
395
290
288
285
48
72
88
93
420
289
293
287
48
68
69
93
393
288
292
161
48
68
92
93
394
293
291
276
48
72
92
93
423
292
290
278
49
50
54
78
273
264
295
164
49
50
74
78
274
296
294
298
49
73
74
78
426
295
265
299
49
50
55
79
328
300
298
167
49
50
74
79
329
299
297
295
49
73
74
79
429
298
302
296
49
51
55
79
343
297
301
170
49
51
75
79
344
302
300
304
49
73
75
79
432
301
299
305
49
51
67
91
351
318
304
173
49
51
75
91
353
305
303
301
49
73
75
91
435
304
320
302
49
52
53
77
364
313
307
176
49
52
76
77
365
308
306
310
49
73
76
77
438
307
314
311
49
52
65
89
369
321
310
179
49
52
76
89
371
311
309
307
49
73
76
89
441
310
323
308
49
53
62
86
385
315
313
182
49
53
77
86
386
314
312
306
49
73
77
86
444
313
317
308
49
59
62
86
391
312
316
185
49
59
83
86
392
317
315
319
49
73
83
86
447
316
314
320
49
59
67
91
351
303
319
188
49
59
83
91
352
320
318
316
49
73
83
91
450
319
305
317
49
61
65
89
369
309
322
191
49
61
85
89
370
323
321
267
49
73
85
89
453
322
311
268
50
51
57
81
342
327
325
194
50
51
75
81
344
326
324
270
50
74
75
81
456
325
329
271
50
55
57
81
342
324
328
197
50
55
79
81
343
329
327
297
50
74
79
81
459
328
326
298
51
52
56
80
279
346
331
200
51
52
76
80
280
332
330
334
51
75
76
80
462
331
347
335
51
52
58
82
367
349
334
203
51
52
76
82
368
335
333
331
51
75
76
82
465
334
350
332
51
53
63
87
375
358
337
206
51
53
77
87
377
338
336
340
51
75
77
87
468
337
359
341
51
53
71
95
381
354
340
209
51
53
77
95
383
341
339
337
51
75
77
95
471
340
356
338
51
55
57
81
327
324
343
212
51
55
79
81
328
344
342
300
51
75
79
81
474
343
325
301
51
56
64
88
285
361
346
215
51
56
80
88
286
347
345
330
51
75
80
88
477
346
362
332
51
58
70
94
387
357
349
218
51
58
82
94
389
350
348
333
51
75
82
94
480
349
359
335
51
59
67
91
318
303
352
221
51
59
83
91
319
353
351
355
51
75
83
91
483
352
304
356
51
59
71
95
381
339
355
224
51
59
83
95
382
356
354
352
51
75
83
95
486
355
341
353
51
63
70
94
387
348
358
227
51
63
87
94
388
359
357
336
51
75
87
94
489
358
350
338
51
64
68
92
394
276
361
230
51
64
88
92
395
362
360
345
51
75
88
92
492
361
277
347
52
53
60
84
372
366
364
233
52
53
77
84
374
365
363
306
52
76
77
84
495
364
368
307
52
58
60
84
372
363
367
236
52
58
82
84
373
368
366
333
52
76
82
84
498
367
365
334
52
61
65
89
321
309
370
239
52
61
85
89
322
371
369
282
52
76
85
89
501
370
310
283
53
58
60
84
366
363
373
242
53
58
82
84
367
374
372
376
53
77
82
84
504
373
364
377
53
58
63
87
388
336
376
245
53
58
82
87
389
377
375
373
53
77
82
87
507
376
337
374
53
59
66
90
390
384
379
248
53
59
83
90
392
380
378
382
53
77
83
90
510
379
386
383
53
59
71
95
354
339
382
251
53
59
83
95
355
383
381
379
53
77
83
95
513
382
340
380
53
62
66
90
390
378
385
254
53
62
86
90
391
386
384
312
53
77
86
90
516
385
380
313
58
63
70
94
357
348
388
257
58
63
87
94
358
389
387
375
58
82
87
94
519
388
349
376
59
62
66
90
384
378
391
260
59
62
86
90
385
392
390
315
59
83
86
90
522
391
379
316
64
68
69
93
291
288
394
263
64
68
92
93
292
395
393
360
64
88
92
93
525
394
289
361
72
73
78
6
426
405
397
266
72
73
1
6
428
398
396
400
72
0
1
6
0
397
407
401
72
73
85
13
454
414
400
269
72
73
1
13
455
401
399
397
72
0
1
13
3
400
416
398
72
74
75
3
457
409
403
272
72
74
2
3
458
404
402
406
72
0
2
3
6
403
410
407
72
74
78
6
426
396
406
275
72
74
2
6
427
407
405
403
72
0
2
6
9
406
398
404
72
75
92
20
492
424
409
278
72
75
3
20
494
410
408
402
72
0
3
20
12
409
425
404
72
76
80
8
462
418
412
281
72
76
4
8
463
413
411
415
72
0
4
8
15
412
419
416
72
76
85
13
502
399
415
284
72
76
4
13
503
416
414
412
72
0
4
13
18
415
401
413
72
80
88
16
477
421
418
287
72
80
8
16
478
419
417
411
72
0
8
16
21
418
422
413
72
88
93
21
525
423
421
290
72
88
16
21
527
422
420
417
72
0
16
21
24
421
425
419
72
92
93
21
525
420
424
293
72
92
20
21
526
425
423
408
72
0
20
21
27
424
422
410
73
74
78
6
405
396
427
296
73
74
2
6
406
428
426
430
73
1
2
6
30
427
397
431
73
74
79
7
460
432
430
299
73
74
2
7
461
431
429
427
73
1
2
7
33
430
434
428
73
75
79
7
475
429
433
302
73
75
3
7
476
434
432
436
73
1
3
7
36
433
431
437
73
75
91
19
483
450
436
305
73
75
3
19
485
437
435
433
73
1
3
19
39
436
452
434
73
76
77
5
496
445
439
308
73
76
4
5
497
440
438
442
73
1
4
5
42
439
446
443
73
76
89
17
501
453
442
311
73
76
4
17
503
443
441
439
73
1
4
17
45
442
455
440
73
77
86
14
517
447
445
314
73
77
5
14
518
446
444
438
73
1
5
14
48
445
449
440
73
83
86
14
523
444
448
317
73
83
11
14
524
449
447
451
73
1
11
14
51
448
446
452
73
83
91
19
483
435
451
320
73
83
11
19
484
452
450
448
73
1
11
19
54
451
437
449
73
85
89
17
501
441
454
323
73
85
13
17
502
455
453
399
73
1
13
17
57
454
443
400
74
75
81
9
474
459
457
326
74
75
3
9
476
458
456
402
74
2
3
9
60
457
461
403
74
79
81
9
474
456
460
329
74
79
7
9
475
461
459
429
74
2
7
9
63
460
458
430
75
76
80
8
411
478
463
332
75
76
4
8
412
464
462
466
75
3
4
8
66
463
479
467
75
76
82
10
499
481
466
335
75
76
4
10
500
467
465
463
75
3
4
10
69
466
482
464
75
77
87
15
507
490
469
338
75
77
5
15
509
470
468
472
75
3
5
15
72
469
491
473
75
77
95
23
513
486
472
341
75
77
5
23
515
473
471
469
75
3
5
23
75
472
488
470
75
79
81
9
459
456
475
344
75
79
7
9
460
476
474
432
75
3
7
9
78
475
457
433
75
80
88
16
417
493
478
347
75
80
8
16
418
479
477
462
75
3
8
16
81
478
494
464
75
82
94
22
519
489
481
350
75
82
10
22
521
482
480
465
75
3
10
22
84
481
491
467
75
83
91
19
450
435
484
353
75
83
11
19
451
485
483
487
75
3
11
19
87
484
436
488
75
83
95
23
513
471
487
356
75
83
11
23
514
488
486
484
75
3
11
23
90
487
473
485
75
87
94
22
519
480
490
359
75
87
15
22
520
491
489
468
75
3
15
22
93
490
482
470
75
88
92
20
526
408
493
362
75
88
16
20
527
494
492
477
75
3
16
20
96
493
409
479
76
77
84
12
504
498
496
365
76
77
5
12
506
497
495
438
76
4
5
12
99
496
500
439
76
82
84
12
504
495
499
368
76
82
10
12
505
500
498
465
76
4
10
12
102
499
497
466
76
85
89
17
453
441
502
371
76
85
13
17
454
503
501
414
76
4
13
17
105
502
442
415
77
82
84
12
498
495
505
374
77
82
10
12
499
506
504
508
77
5
10
12
108
505
496
509
77
82
87
15
520
468
508
377
77
82
10
15
521
509
507
505
77
5
10
15
111
508
469
506
77
83
90
18
522
516
511
380
77
83
11
18
524
512
510
514
77
5
11
18
114
511
518
515
77
83
95
23
486
471
514
383
77
83
11
23
487
515
513
511
77
5
11
23
117
514
472
512
77
86
90
18
522
510
517
386
77
86
14
18
523
518
516
444
77
5
14
18
120
517
512
445
82
87
94
22
489
480
520
389
82
87
15
22
490
521
519
507
82
10
15
22
123
520
481
508
83
86
90
18
516
510
523
392
83
86
14
18
517
524
522
447
83
11
14
18
126
523
511
448
88
92
93
21
423
420
526
395
88
92
20
21
424
527
525
492
88
16
20
21
129
526
421
493
528
