1
96
0
0
0
0
0
0
0
0
0
0
0
0
0
0
0
0
0
0
0
0
0
0
0
0
1
1
1
1
1
1
1
1
1
1
1
1
1
1
1
1
1
1
1
1
1
1
1
1
2
2
2
2
2
2
2
2
2
2
2
2
2
2
2
2
2
2
2
2
2
2
2
2
3
3
3
3
3
3
3
3
3
3
3
3
3
3
3
3
3
3
3
3
3
3
3
3
96
528
0
2
10
34
45
13
1
398
0
2
26
34
47
2
0
4
0
24
26
34
132
1
14
5
0
2
12
36
48
16
4
401
0
2
26
36
50
5
3
1
0
24
26
36
135
4
17
2
0
3
15
39
61
22
7
404
0
3
27
39
62
8
6
10
0
24
27
39
138
7
23
11
0
3
18
42
64
15
10
407
0
3
27
42
65
11
9
7
0
24
27
42
141
10
17
8
0
10
14
38
115
19
13
410
0
10
34
38
116
14
12
0
0
24
34
38
144
13
20
2
0
12
18
42
102
9
16
413
0
12
36
42
103
17
15
3
0
24
36
42
147
16
11
5
0
14
19
43
124
24
19
416
0
14
38
43
125
20
18
12
0
24
38
43
150
19
26
14
0
15
16
40
60
25
22
419
0
15
39
40
61
23
21
6
0
24
39
40
153
22
26
8
0
16
19
43
127
18
25
422
0
16
40
43
128
26
24
21
0
24
40
43
156
25
20
23
1
2
3
27
43
34
28
425
1
2
26
27
44
29
27
31
1
25
26
27
159
28
35
32
1
2
13
37
51
36
31
428
1
2
26
37
53
32
30
28
1
25
26
37
162
31
38
29
1
3
20
44
63
39
34
431
1
3
27
44
65
35
33
27
1
25
27
44
165
34
41
29
1
9
13
37
51
30
37
434
1
9
33
37
52
38
36
40
1
25
33
37
168
37
32
41
1
9
20
44
105
33
40
437
1
9
33
44
107
41
39
37
1
25
33
44
171
40
35
38
2
3
7
31
55
46
43
440
2
3
27
31
56
44
42
27
2
26
27
31
174
43
47
28
2
7
10
34
54
0
46
443
2
7
31
34
55
47
45
42
2
26
31
34
177
46
1
44
2
9
12
36
103
3
49
446
2
9
33
36
104
50
48
52
2
26
33
36
180
49
4
53
2
9
13
37
36
30
52
449
2
9
33
37
37
53
51
49
2
26
33
37
183
52
31
50
3
7
10
34
45
58
55
452
3
7
31
34
46
56
54
42
3
27
31
34
186
55
59
43
3
10
16
40
108
60
58
455
3
10
34
40
110
59
57
54
3
27
34
40
189
58
62
56
3
15
16
40
21
57
61
458
3
15
39
40
22
62
60
6
3
27
39
40
192
61
59
7
3
18
20
44
105
33
64
461
3
18
42
44
106
65
63
9
3
27
42
44
195
64
34
10
4
6
14
38
97
73
67
464
4
6
30
38
98
68
66
70
4
28
30
38
198
67
74
71
4
6
21
45
99
75
70
467
4
6
30
45
101
71
69
67
4
28
30
45
201
70
77
68
4
14
17
41
114
76
73
470
4
14
38
41
115
74
72
66
4
28
38
41
204
73
77
68
4
17
21
45
99
69
76
473
4
17
41
45
100
77
75
72
4
28
41
45
207
76
71
74
5
6
8
32
91
85
79
476
5
6
30
32
92
80
78
82
5
29
30
32
210
79
86
83
5
6
10
34
94
88
82
479
5
6
30
34
95
83
81
79
5
29
30
34
213
82
89
80
5
8
22
46
90
87
85
482
5
8
32
46
91
86
84
78
5
29
32
46
216
85
89
80
5
10
22
46
111
84
88
485
5
10
34
46
113
89
87
81
5
29
34
46
219
88
86
83
6
8
22
46
84
96
91
488
6
8
32
46
85
92
90
78
6
30
32
46
222
91
98
79
6
10
17
41
114
100
94
491
6
10
34
41
116
95
93
81
6
30
34
41
225
94
101
82
6
14
22
46
123
90
97
494
6
14
38
46
125
98
96
66
6
30
38
46
228
97
92
67
6
17
21
45
75
69
100
497
6
17
41
45
76
101
99
93
6
30
41
45
231
100
70
95
9
12
18
42
15
106
103
500
9
12
36
42
16
104
102
48
9
33
36
42
234
103
107
49
9
18
20
44
63
39
106
503
9
18
42
44
64
107
105
102
9
33
42
44
237
106
40
104
10
11
16
40
118
57
109
506
10
11
35
40
119
110
108
112
10
34
35
40
240
109
58
113
10
11
22
46
121
87
112
509
10
11
35
46
122
113
111
109
10
34
35
46
243
112
88
110
10
14
17
41
72
93
115
512
10
14
38
41
73
116
114
12
10
34
38
41
246
115
94
13
11
16
23
47
126
120
118
515
11
16
40
47
128
119
117
108
11
35
40
47
249
118
122
109
11
22
23
47
129
117
121
518
11
22
46
47
130
122
120
111
11
35
46
47
252
121
119
112
14
19
22
46
130
96
124
521
14
19
43
46
131
125
123
18
14
38
43
46
255
124
97
19
16
19
23
47
129
117
127
524
16
19
43
47
131
128
126
24
16
40
43
47
258
127
118
25
19
22
23
47
120
126
130
527
19
22
46
47
121
131
129
123
19
43
46
47
261
130
127
124
24
26
34
58
177
145
133
2
24
26
50
58
179
134
132
136
24
48
50
58
264
133
146
137
24
26
36
60
180
148
136
5
24
26
50
60
182
137
135
133
24
48
50
60
267
136
149
134
24
27
39
63
193
154
139
8
24
27
51
63
194
140
138
142
24
48
51
63
270
139
155
143
24
27
42
66
196
147
142
11
24
27
51
66
197
143
141
139
24
48
51
66
273
142
149
140
24
34
38
62
247
151
145
14
24
34
58
62
248
146
144
132
24
48
58
62
276
145
152
134
24
36
42
66
234
141
148
17
24
36
60
66
235
149
147
135
24
48
60
66
279
148
143
137
24
38
43
67
256
156
151
20
24
38
62
67
257
152
150
144
24
48
62
67
282
151
158
146
24
39
40
64
192
157
154
23
24
39
63
64
193
155
153
138
24
48
63
64
285
154
158
140
24
40
43
67
259
150
157
26
24
40
64
67
260
158
156
153
24
48
64
67
288
157
152
155
25
26
27
51
175
166
160
29
25
26
50
51
176
161
159
163
25
49
50
51
291
160
167
164
25
26
37
61
183
168
163
32
25
26
50
61
185
164
162
160
25
49
50
61
294
163
170
161
25
27
44
68
195
171
166
35
25
27
51
68
197
167
165
159
25
49
51
68
297
166
173
161
25
33
37
61
183
162
169
38
25
33
57
61
184
170
168
172
25
49
57
61
300
169
164
173
25
33
44
68
237
165
172
41
25
33
57
68
239
173
171
169
25
49
57
68
303
172
167
170
26
27
31
55
187
178
175
44
26
27
51
55
188
176
174
159
26
50
51
55
306
175
179
160
26
31
34
58
186
132
178
47
26
31
55
58
187
179
177
174
26
50
55
58
309
178
133
176
26
33
36
60
235
135
181
50
26
33
57
60
236
182
180
184
26
50
57
60
312
181
136
185
26
33
37
61
168
162
184
53
26
33
57
61
169
185
183
181
26
50
57
61
315
184
163
182
27
31
34
58
177
190
187
56
27
31
55
58
178
188
186
174
27
51
55
58
318
187
191
175
27
34
40
64
240
192
190
59
27
34
58
64
242
191
189
186
27
51
58
64
321
190
194
188
27
39
40
64
153
189
193
62
27
39
63
64
154
194
192
138
27
51
63
64
324
193
191
139
27
42
44
68
237
165
196
65
27
42
66
68
238
197
195
141
27
51
66
68
327
196
166
142
28
30
38
62
229
205
199
68
28
30
54
62
230
200
198
202
28
52
54
62
330
199
206
203
28
30
45
69
231
207
202
71
28
30
54
69
233
203
201
199
28
52
54
69
333
202
209
200
28
38
41
65
246
208
205
74
28
38
62
65
247
206
204
198
28
52
62
65
336
205
209
200
28
41
45
69
231
201
208
77
28
41
65
69
232
209
207
204
28
52
65
69
339
208
203
206
29
30
32
56
223
217
211
80
29
30
54
56
224
212
210
214
29
53
54
56
342
211
218
215
29
30
34
58
226
220
214
83
29
30
54
58
227
215
213
211
29
53
54
58
345
214
221
212
29
32
46
70
222
219
217
86
29
32
56
70
223
218
216
210
29
53
56
70
348
217
221
212
29
34
46
70
243
216
220
89
29
34
58
70
245
221
219
213
29
53
58
70
351
220
218
215
30
32
46
70
216
228
223
92
30
32
56
70
217
224
222
210
30
54
56
70
354
223
230
211
30
34
41
65
246
232
226
95
30
34
58
65
248
227
225
213
30
54
58
65
357
226
233
214
30
38
46
70
255
222
229
98
30
38
62
70
257
230
228
198
30
54
62
70
360
229
224
199
30
41
45
69
207
201
232
101
30
41
65
69
208
233
231
225
30
54
65
69
363
232
202
227
33
36
42
66
147
238
235
104
33
36
60
66
148
236
234
180
33
57
60
66
366
235
239
181
33
42
44
68
195
171
238
107
33
42
66
68
196
239
237
234
33
57
66
68
369
238
172
236
34
35
40
64
250
189
241
110
34
35
59
64
251
242
240
244
34
58
59
64
372
241
190
245
34
35
46
70
253
219
244
113
34
35
59
70
254
245
243
241
34
58
59
70
375
244
220
242
34
38
41
65
204
225
247
116
34
38
62
65
205
248
246
144
34
58
62
65
378
247
226
145
35
40
47
71
258
252
250
119
35
40
64
71
260
251
249
240
35
59
64
71
381
250
254
241
35
46
47
71
261
249
253
122
35
46
70
71
262
254
252
243
35
59
70
71
384
253
251
244
38
43
46
70
262
228
256
125
38
43
67
70
263
257
255
150
38
62
67
70
387
256
229
151
40
43
47
71
261
249
259
128
40
43
67
71
263
260
258
156
40
64
67
71
390
259
250
157
43
46
47
71
252
258
262
131
43
46
70
71
253
263
261
255
43
67
70
71
393
262
259
256
48
50
58
82
309
277
265
134
48
50
74
82
311
266
264
268
48
72
74
82
396
265
278
269
48
50
60
84
312
280
268
137
48
50
74
84
314
269
267
265
48
72
74
84
399
268
281
266
48
51
63
87
325
286
271
140
48
51
75
87
326
272
270
274
48
72
75
87
402
271
287
275
48
51
66
90
328
279
274
143
48
51
75
90
329
275
273
271
48
72
75
90
405
274
281
272
48
58
62
86
379
283
277
146
48
58
82
86
380
278
276
264
48
72
82
86
408
277
284
266
48
60
66
90
366
273
280
149
48
60
84
90
367
281
279
267
48
72
84
90
411
280
275
269
48
62
67
91
388
288
283
152
48
62
86
91
389
284
282
276
48
72
86
91
414
283
290
278
48
63
64
88
324
289
286
155
48
63
87
88
325
287
285
270
48
72
87
88
417
286
290
272
48
64
67
91
391
282
289
158
48
64
88
91
392
290
288
285
48
72
88
91
420
289
284
287
49
50
51
75
307
298
292
161
49
50
74
75
308
293
291
295
49
73
74
75
423
292
299
296
49
50
61
85
315
300
295
164
49
50
74
85
317
296
294
292
49
73
74
85
426
295
302
293
49
51
68
92
327
303
298
167
49
51
75
92
329
299
297
291
49
73
75
92
429
298
305
293
49
57
61
85
315
294
301
170
49
57
81
85
316
302
300
304
49
73
81
85
432
301
296
305
49
57
68
92
369
297
304
173
49
57
81
92
371
305
303
301
49
73
81
92
435
304
299
302
50
51
55
79
319
310
307
176
50
51
75
79
320
308
306
291
50
74
75
79
438
307
311
292
50
55
58
82
318
264
310
179
50
55
79
82
319
311
309
306
50
74
79
82
441
310
265
308
50
57
60
84
367
267
313
182
50
57
81
84
368
314
312
316
50
74
81
84
444
313
268
317
50
57
61
85
300
294
316
185
50
57
81
85
301
317
315
313
50
74
81
85
447
316
295
314
51
55
58
82
309
322
319
188
51
55
79
82
310
320
318
306
51
75
79
82
450
319
323
307
51
58
64
88
372
324
322
191
51
58
82
88
374
323
321
318
51
75
82
88
453
322
326
320
51
63
64
88
285
321
325
194
51
63
87
88
286
326
324
270
51
75
87
88
456
325
323
271
51
66
68
92
369
297
328
197
51
66
90
92
370
329
327
273
51
75
90
92
459
328
298
274
52
54
62
86
361
337
331
200
52
54
78
86
362
332
330
334
52
76
78
86
462
331
338
335
52
54
69
93
363
339
334
203
52
54
78
93
365
335
333
331
52
76
78
93
465
334
341
332
52
62
65
89
378
340
337
206
52
62
86
89
379
338
336
330
52
76
86
89
468
337
341
332
52
65
69
93
363
333
340
209
52
65
89
93
364
341
339
336
52
76
89
93
471
340
335
338
53
54
56
80
355
349
343
212
53
54
78
80
356
344
342
346
53
77
78
80
474
343
350
347
53
54
58
82
358
352
346
215
53
54
78
82
359
347
345
343
53
77
78
82
477
346
353
344
53
56
70
94
354
351
349
218
53
56
80
94
355
350
348
342
53
77
80
94
480
349
353
344
53
58
70
94
375
348
352
221
53
58
82
94
377
353
351
345
53
77
82
94
483
352
350
347
54
56
70
94
348
360
355
224
54
56
80
94
349
356
354
342
54
78
80
94
486
355
362
343
54
58
65
89
378
364
358
227
54
58
82
89
380
359
357
345
54
78
82
89
489
358
365
346
54
62
70
94
387
354
361
230
54
62
86
94
389
362
360
330
54
78
86
94
492
361
356
331
54
65
69
93
339
333
364
233
54
65
89
93
340
365
363
357
54
78
89
93
495
364
334
359
57
60
66
90
279
370
367
236
57
60
84
90
280
368
366
312
57
81
84
90
498
367
371
313
57
66
68
92
327
303
370
239
57
66
90
92
328
371
369
366
57
81
90
92
501
370
304
368
58
59
64
88
382
321
373
242
58
59
83
88
383
374
372
376
58
82
83
88
504
373
322
377
58
59
70
94
385
351
376
245
58
59
83
94
386
377
375
373
58
82
83
94
507
376
352
374
58
62
65
89
336
357
379
248
58
62
86
89
337
380
378
276
58
82
86
89
510
379
358
277
59
64
71
95
390
384
382
251
59
64
88
95
392
383
381
372
59
83
88
95
513
382
386
373
59
70
71
95
393
381
385
254
59
70
94
95
394
386
384
375
59
83
94
95
516
385
383
376
62
67
70
94
394
360
388
257
62
67
91
94
395
389
387
282
62
86
91
94
519
388
361
283
64
67
71
95
393
381
391
260
64
67
91
95
395
392
390
288
64
88
91
95
522
391
382
289
67
70
71
95
384
390
394
263
67
70
94
95
385
395
393
387
67
91
94
95
525
394
391
388
72
74
82
10
441
409
397
266
72
74
2
10
443
398
396
400
72
0
2
10
0
397
410
401
72
74
84
12
444
412
400
269
72
74
2
12
446
401
399
397
72
0
2
12
3
400
413
398
72
75
87
15
457
418
403
272
72
75
3
15
458
404
402
406
72
0
3
15
6
403
419
407
72
75
90
18
460
411
406
275
72
75
3
18
461
407
405
403
72
0
3
18
9
406
413
404
72
82
86
14
511
415
409
278
72
82
10
14
512
410
408
396
72
0
10
14
12
409
416
398
72
84
90
18
498
405
412
281
72
84
12
18
499
413
411
399
72
0
12
18
15
412
407
401
72
86
91
19
520
420
415
284
72
86
14
19
521
416
414
408
72
0
14
19
18
415
422
410
72
87
88
16
456
421
418
287
72
87
15
16
457
419
417
402
72
0
15
16
21
418
422
404
72
88
91
19
523
414
421
290
72
88
16
19
524
422
420
417
72
0
16
19
24
421
416
419
73
74
75
3
439
430
424
293
73
74
2
3
440
425
423
427
73
1
2
3
27
424
431
428
73
74
85
13
447
432
427
296
73
74
2
13
449
428
426
424
73
1
2
13
30
427
434
425
73
75
92
20
459
435
430
299
73
75
3
20
461
431
429
423
73
1
3
20
33
430
437
425
73
81
85
13
447
426
433
302
73
81
9
13
448
434
432
436
73
1
9
13
36
433
428
437
73
81
92
20
501
429
436
305
73
81
9
20
503
437
435
433
73
1
9
20
39
436
431
434
74
75
79
7
451
442
439
308
74
75
3
7
452
440
438
423
74
2
3
7
42
439
443
424
74
79
82
10
450
396
442
311
74
79
7
10
451
443
441
438
74
2
7
10
45
442
397
440
74
81
84
12
499
399
445
314
74
81
9
12
500
446
444
448
74
2
9
12
48
445
400
449
74
81
85
13
432
426
448
317
74
81
9
13
433
449
447
445
74
2
9
13
51
448
427
446
75
79
82
10
441
454
451
320
75
79
7
10
442
452
450
438
75
3
7
10
54
451
455
439
75
82
88
16
504
456
454
323
75
82
10
16
506
455
453
450
75
3
10
16
57
454
458
452
75
87
88
16
417
453
457
326
75
87
15
16
418
458
456
402
75
3
15
16
60
457
455
403
75
90
92
20
501
429
460
329
75
90
18
20
502
461
459
405
75
3
18
20
63
460
430
406
76
78
86
14
493
469
463
332
76
78
6
14
494
464
462
466
76
4
6
14
66
463
470
467
76
78
93
21
495
471
466
335
76
78
6
21
497
467
465
463
76
4
6
21
69
466
473
464
76
86
89
17
510
472
469
338
76
86
14
17
511
470
468
462
76
4
14
17
72
469
473
464
76
89
93
21
495
465
472
341
76
89
17
21
496
473
471
468
76
4
17
21
75
472
467
470
77
78
80
8
487
481
475
344
77
78
6
8
488
476
474
478
77
5
6
8
78
475
482
479
77
78
82
10
490
484
478
347
77
78
6
10
491
479
477
475
77
5
6
10
81
478
485
476
77
80
94
22
486
483
481
350
77
80
8
22
487
482
480
474
77
5
8
22
84
481
485
476
77
82
94
22
507
480
484
353
77
82
10
22
509
485
483
477
77
5
10
22
87
484
482
479
78
80
94
22
480
492
487
356
78
80
8
22
481
488
486
474
78
6
8
22
90
487
494
475
78
82
89
17
510
496
490
359
78
82
10
17
512
491
489
477
78
6
10
17
93
490
497
478
78
86
94
22
519
486
493
362
78
86
14
22
521
494
492
462
78
6
14
22
96
493
488
463
78
89
93
21
471
465
496
365
78
89
17
21
472
497
495
489
78
6
17
21
99
496
466
491
81
84
90
18
411
502
499
368
81
84
12
18
412
500
498
444
81
9
12
18
102
499
503
445
81
90
92
20
459
435
502
371
81
90
18
20
460
503
501
498
81
9
18
20
105
502
436
500
82
83
88
16
514
453
505
374
82
83
11
16
515
506
504
508
82
10
11
16
108
505
454
509
82
83
94
22
517
483
508
377
82
83
11
22
518
509
507
505
82
10
11
22
111
508
484
506
82
86
89
17
468
489
511
380
82
86
14
17
469
512
510
408
82
10
14
17
114
511
490
409
83
88
95
23
522
516
514
383
83
88
16
23
524
515
513
504
83
11
16
23
117
514
518
505
83
94
95
23
525
513
517
386
83
94
22
23
526
518
516
507
83
11
22
23
120
517
515
508
86
91
94
22
526
492
520
389
86
91
19
22
527
521
519
414
86
14
19
22
123
520
493
415
88
91
95
23
525
513
523
392
88
91
19
23
527
524
522
420
88
16
19
23
126
523
514
421
91
94
95
23
516
522
526
395
91
94
22
23
517
527
525
519
91
19
22
23
129
526
523
520
528
