1
96
0
0
0
0
0
0
0
0
0
0
0
0
0
0
0
0
0
0
0
0
0
0
0
0
1
1
1
1
1
1
1
1
1
1
1
1
1
1
1
1
1
1
1
1
1
1
1
1
2
2
2
2
2
2
2
2
2
2
2
2
2
2
2
2
2
2
2
2
2
2
2
2
3
3
3
3
3
3
3
3
3
3
3
3
3
3
3
3
3
3
3
3
3
3
3
3
96
528
0
4
19
43
48
6
1
398
0
4
28
43
50
2
0
4
0
24
28
43
132
1
8
5
0
4
23
47
63
9
4
401
0
4
28
47
65
5
3
1
0
24
28
47
135
4
11
2
0
6
19
43
66
0
7
404
0
6
30
43
68
8
6
10
0
24
30
43
138
7
2
11
0
6
23
47
72
3
10
407
0
6
30
47
74
11
9
7
0
24
30
47
141
10
5
8
1
5
12
36
30
19
13
410
1
5
29
36
31
14
12
16
1
25
29
36
144
13
20
17
1
5
21
45
33
18
16
413
1
5
29
45
34
17
15
13
1
25
29
45
147
16
20
14
1
12
21
45
90
15
19
416
1
12
36
45
91
20
18
12
1
25
36
45
150
19
17
14
2
15
22
46
39
28
22
419
2
15
39
46
40
23
21
25
2
26
39
46
153
22
29
26
2
15
23
47
129
27
25
422
2
15
39
47
131
26
24
22
2
26
39
47
156
25
29
23
2
22
23
47
72
24
28
425
2
22
46
47
73
29
27
21
2
26
46
47
159
28
26
23
3
5
12
36
12
37
31
428
3
5
29
36
13
32
30
34
3
27
29
36
162
31
38
35
3
5
21
45
15
43
34
431
3
5
29
45
16
35
33
31
3
27
29
45
165
34
44
32
3
12
15
39
87
40
37
434
3
12
36
39
88
38
36
30
3
27
36
39
168
37
41
32
3
15
22
46
21
42
40
437
3
15
39
46
22
41
39
36
3
27
39
46
171
40
44
38
3
21
22
46
99
39
43
440
3
21
45
46
100
44
42
33
3
27
45
46
174
43
41
35
4
7
9
33
76
51
46
443
4
7
31
33
77
47
45
49
4
28
31
33
177
46
53
50
4
7
19
43
78
0
49
446
4
7
31
43
80
50
48
46
4
28
31
43
180
49
1
47
4
8
9
33
82
45
52
449
4
8
32
33
83
53
51
55
4
28
32
33
183
52
47
56
4
8
18
42
84
60
55
452
4
8
32
42
86
56
54
52
4
28
32
42
186
55
62
53
4
14
17
41
127
64
58
455
4
14
38
41
128
59
57
61
4
28
38
41
189
58
65
62
4
14
18
42
126
54
61
458
4
14
38
42
128
62
60
58
4
28
38
42
192
61
56
59
4
17
23
47
117
3
64
461
4
17
41
47
118
65
63
57
4
28
41
47
195
64
4
59
6
11
19
43
78
6
67
464
6
11
35
43
79
68
66
70
6
30
35
43
198
67
7
71
6
11
22
46
105
73
70
467
6
11
35
46
107
71
69
67
6
30
35
46
201
70
74
68
6
22
23
47
27
9
73
470
6
22
46
47
28
74
72
69
6
30
46
47
204
73
10
71
7
9
11
35
81
79
76
473
7
9
33
35
82
77
75
45
7
31
33
35
207
76
80
46
7
11
19
43
66
48
79
476
7
11
35
43
67
80
78
75
7
31
35
43
210
79
49
77
8
9
11
35
75
85
82
479
8
9
33
35
76
83
81
51
8
32
33
35
213
82
86
52
8
11
18
42
114
54
85
482
8
11
35
42
116
86
84
81
8
32
35
42
216
85
55
83
10
12
15
39
36
94
88
485
10
12
36
39
37
89
87
91
10
34
36
39
219
88
95
92
10
12
21
45
18
100
91
488
10
12
36
45
19
92
90
88
10
34
36
45
222
91
101
89
10
15
20
44
120
97
94
491
10
15
39
44
121
95
93
87
10
34
39
44
225
94
98
89
10
20
22
46
123
99
97
494
10
20
44
46
124
98
96
93
10
34
44
46
228
97
101
95
10
21
22
46
42
96
100
497
10
21
45
46
43
101
99
90
10
34
45
46
231
100
98
92
11
13
15
39
121
109
103
500
11
13
37
39
122
104
102
106
11
35
37
39
234
103
110
107
11
13
22
46
123
69
106
503
11
13
37
46
125
107
105
103
11
35
37
46
237
106
70
104
11
15
16
40
130
112
109
506
11
15
39
40
131
110
108
102
11
35
39
40
240
109
113
104
11
16
23
47
129
117
112
509
11
16
40
47
130
113
111
108
11
35
40
47
243
112
119
110
11
17
18
42
126
84
115
512
11
17
41
42
127
116
114
118
11
35
41
42
246
115
85
119
11
17
23
47
63
111
118
515
11
17
41
47
64
119
117
115
11
35
41
47
249
118
113
116
13
15
20
44
93
124
121
518
13
15
39
44
94
122
120
102
13
37
39
44
252
121
125
103
13
20
22
46
96
105
124
521
13
20
44
46
97
125
123
120
13
37
44
46
255
124
106
122
14
17
18
42
114
60
127
524
14
17
41
42
115
128
126
57
14
38
41
42
258
127
61
58
15
16
23
47
111
24
130
527
15
16
40
47
112
131
129
108
15
39
40
47
261
130
25
109
24
28
43
67
180
138
133
2
24
28
52
67
182
134
132
136
24
48
52
67
264
133
140
137
24
28
47
71
195
141
136
5
24
28
52
71
197
137
135
133
24
48
52
71
267
136
143
134
24
30
43
67
198
132
139
8
24
30
54
67
200
140
138
142
24
48
54
67
270
139
134
143
24
30
47
71
204
135
142
11
24
30
54
71
206
143
141
139
24
48
54
71
273
142
137
140
25
29
36
60
162
151
145
14
25
29
53
60
163
146
144
148
25
49
53
60
276
145
152
149
25
29
45
69
165
150
148
17
25
29
53
69
166
149
147
145
25
49
53
69
279
148
152
146
25
36
45
69
222
147
151
20
25
36
60
69
223
152
150
144
25
49
60
69
282
151
149
146
26
39
46
70
171
160
154
23
26
39
63
70
172
155
153
157
26
50
63
70
285
154
161
158
26
39
47
71
261
159
157
26
26
39
63
71
263
158
156
154
26
50
63
71
288
157
161
155
26
46
47
71
204
156
160
29
26
46
70
71
205
161
159
153
26
50
70
71
291
160
158
155
27
29
36
60
144
169
163
32
27
29
53
60
145
164
162
166
27
51
53
60
294
163
170
167
27
29
45
69
147
175
166
35
27
29
53
69
148
167
165
163
27
51
53
69
297
166
176
164
27
36
39
63
219
172
169
38
27
36
60
63
220
170
168
162
27
51
60
63
300
169
173
164
27
39
46
70
153
174
172
41
27
39
63
70
154
173
171
168
27
51
63
70
303
172
176
170
27
45
46
70
231
171
175
44
27
45
69
70
232
176
174
165
27
51
69
70
306
175
173
167
28
31
33
57
208
183
178
47
28
31
55
57
209
179
177
181
28
52
55
57
309
178
185
182
28
31
43
67
210
132
181
50
28
31
55
67
212
182
180
178
28
52
55
67
312
181
133
179
28
32
33
57
214
177
184
53
28
32
56
57
215
185
183
187
28
52
56
57
315
184
179
188
28
32
42
66
216
192
187
56
28
32
56
66
218
188
186
184
28
52
56
66
318
187
194
185
28
38
41
65
259
196
190
59
28
38
62
65
260
191
189
193
28
52
62
65
321
190
197
194
28
38
42
66
258
186
193
62
28
38
62
66
260
194
192
190
28
52
62
66
324
193
188
191
28
41
47
71
249
135
196
65
28
41
65
71
250
197
195
189
28
52
65
71
327
196
136
191
30
35
43
67
210
138
199
68
30
35
59
67
211
200
198
202
30
54
59
67
330
199
139
203
30
35
46
70
237
205
202
71
30
35
59
70
239
203
201
199
30
54
59
70
333
202
206
200
30
46
47
71
159
141
205
74
30
46
70
71
160
206
204
201
30
54
70
71
336
205
142
203
31
33
35
59
213
211
208
77
31
33
57
59
214
209
207
177
31
55
57
59
339
208
212
178
31
35
43
67
198
180
211
80
31
35
59
67
199
212
210
207
31
55
59
67
342
211
181
209
32
33
35
59
207
217
214
83
32
33
57
59
208
215
213
183
32
56
57
59
345
214
218
184
32
35
42
66
246
186
217
86
32
35
59
66
248
218
216
213
32
56
59
66
348
217
187
215
34
36
39
63
168
226
220
89
34
36
60
63
169
221
219
223
34
58
60
63
351
220
227
224
34
36
45
69
150
232
223
92
34
36
60
69
151
224
222
220
34
58
60
69
354
223
233
221
34
39
44
68
252
229
226
95
34
39
63
68
253
227
225
219
34
58
63
68
357
226
230
221
34
44
46
70
255
231
229
98
34
44
68
70
256
230
228
225
34
58
68
70
360
229
233
227
34
45
46
70
174
228
232
101
34
45
69
70
175
233
231
222
34
58
69
70
363
232
230
224
35
37
39
63
253
241
235
104
35
37
61
63
254
236
234
238
35
59
61
63
366
235
242
239
35
37
46
70
255
201
238
107
35
37
61
70
257
239
237
235
35
59
61
70
369
238
202
236
35
39
40
64
262
244
241
110
35
39
63
64
263
242
240
234
35
59
63
64
372
241
245
236
35
40
47
71
261
249
244
113
35
40
64
71
262
245
243
240
35
59
64
71
375
244
251
242
35
41
42
66
258
216
247
116
35
41
65
66
259
248
246
250
35
59
65
66
378
247
217
251
35
41
47
71
195
243
250
119
35
41
65
71
196
251
249
247
35
59
65
71
381
250
245
248
37
39
44
68
225
256
253
122
37
39
63
68
226
254
252
234
37
61
63
68
384
253
257
235
37
44
46
70
228
237
256
125
37
44
68
70
229
257
255
252
37
61
68
70
387
256
238
254
38
41
42
66
246
192
259
128
38
41
65
66
247
260
258
189
38
62
65
66
390
259
193
190
39
40
47
71
243
156
262
131
39
40
64
71
244
263
261
240
39
63
64
71
393
262
157
241
48
52
67
91
312
270
265
134
48
52
76
91
314
266
264
268
48
72
76
91
396
265
272
269
48
52
71
95
327
273
268
137
48
52
76
95
329
269
267
265
48
72
76
95
399
268
275
266
48
54
67
91
330
264
271
140
48
54
78
91
332
272
270
274
48
72
78
91
402
271
266
275
48
54
71
95
336
267
274
143
48
54
78
95
338
275
273
271
48
72
78
95
405
274
269
272
49
53
60
84
294
283
277
146
49
53
77
84
295
278
276
280
49
73
77
84
408
277
284
281
49
53
69
93
297
282
280
149
49
53
77
93
298
281
279
277
49
73
77
93
411
280
284
278
49
60
69
93
354
279
283
152
49
60
84
93
355
284
282
276
49
73
84
93
414
283
281
278
50
63
70
94
303
292
286
155
50
63
87
94
304
287
285
289
50
74
87
94
417
286
293
290
50
63
71
95
393
291
289
158
50
63
87
95
395
290
288
286
50
74
87
95
420
289
293
287
50
70
71
95
336
288
292
161
50
70
94
95
337
293
291
285
50
74
94
95
423
292
290
287
51
53
60
84
276
301
295
164
51
53
77
84
277
296
294
298
51
75
77
84
426
295
302
299
51
53
69
93
279
307
298
167
51
53
77
93
280
299
297
295
51
75
77
93
429
298
308
296
51
60
63
87
351
304
301
170
51
60
84
87
352
302
300
294
51
75
84
87
432
301
305
296
51
63
70
94
285
306
304
173
51
63
87
94
286
305
303
300
51
75
87
94
435
304
308
302
51
69
70
94
363
303
307
176
51
69
93
94
364
308
306
297
51
75
93
94
438
307
305
299
52
55
57
81
340
315
310
179
52
55
79
81
341
311
309
313
52
76
79
81
441
310
317
314
52
55
67
91
342
264
313
182
52
55
79
91
344
314
312
310
52
76
79
91
444
313
265
311
52
56
57
81
346
309
316
185
52
56
80
81
347
317
315
319
52
76
80
81
447
316
311
320
52
56
66
90
348
324
319
188
52
56
80
90
350
320
318
316
52
76
80
90
450
319
326
317
52
62
65
89
391
328
322
191
52
62
86
89
392
323
321
325
52
76
86
89
453
322
329
326
52
62
66
90
390
318
325
194
52
62
86
90
392
326
324
322
52
76
86
90
456
325
320
323
52
65
71
95
381
267
328
197
52
65
89
95
382
329
327
321
52
76
89
95
459
328
268
323
54
59
67
91
342
270
331
200
54
59
83
91
343
332
330
334
54
78
83
91
462
331
271
335
54
59
70
94
369
337
334
203
54
59
83
94
371
335
333
331
54
78
83
94
465
334
338
332
54
70
71
95
291
273
337
206
54
70
94
95
292
338
336
333
54
78
94
95
468
337
274
335
55
57
59
83
345
343
340
209
55
57
81
83
346
341
339
309
55
79
81
83
471
340
344
310
55
59
67
91
330
312
343
212
55
59
83
91
331
344
342
339
55
79
83
91
474
343
313
341
56
57
59
83
339
349
346
215
56
57
81
83
340
347
345
315
56
80
81
83
477
346
350
316
56
59
66
90
378
318
349
218
56
59
83
90
380
350
348
345
56
80
83
90
480
349
319
347
58
60
63
87
300
358
352
221
58
60
84
87
301
353
351
355
58
82
84
87
483
352
359
356
58
60
69
93
282
364
355
224
58
60
84
93
283
356
354
352
58
82
84
93
486
355
365
353
58
63
68
92
384
361
358
227
58
63
87
92
385
359
357
351
58
82
87
92
489
358
362
353
58
68
70
94
387
363
361
230
58
68
92
94
388
362
360
357
58
82
92
94
492
361
365
359
58
69
70
94
306
360
364
233
58
69
93
94
307
365
363
354
58
82
93
94
495
364
362
356
59
61
63
87
385
373
367
236
59
61
85
87
386
368
366
370
59
83
85
87
498
367
374
371
59
61
70
94
387
333
370
239
59
61
85
94
389
371
369
367
59
83
85
94
501
370
334
368
59
63
64
88
394
376
373
242
59
63
87
88
395
374
372
366
59
83
87
88
504
373
377
368
59
64
71
95
393
381
376
245
59
64
88
95
394
377
375
372
59
83
88
95
507
376
383
374
59
65
66
90
390
348
379
248
59
65
89
90
391
380
378
382
59
83
89
90
510
379
349
383
59
65
71
95
327
375
382
251
59
65
89
95
328
383
381
379
59
83
89
95
513
382
377
380
61
63
68
92
357
388
385
254
61
63
87
92
358
386
384
366
61
85
87
92
516
385
389
367
61
68
70
94
360
369
388
257
61
68
92
94
361
389
387
384
61
85
92
94
519
388
370
386
62
65
66
90
378
324
391
260
62
65
89
90
379
392
390
321
62
86
89
90
522
391
325
322
63
64
71
95
375
288
394
263
63
64
88
95
376
395
393
372
63
87
88
95
525
394
289
373
72
76
91
19
444
402
397
266
72
76
4
19
446
398
396
400
72
0
4
19
0
397
404
401
72
76
95
23
459
405
400
269
72
76
4
23
461
401
399
397
72
0
4
23
3
400
407
398
72
78
91
19
462
396
403
272
72
78
6
19
464
404
402
406
72
0
6
19
6
403
398
407
72
78
95
23
468
399
406
275
72
78
6
23
470
407
405
403
72
0
6
23
9
406
401
404
73
77
84
12
426
415
409
278
73
77
5
12
427
410
408
412
73
1
5
12
12
409
416
413
73
77
93
21
429
414
412
281
73
77
5
21
430
413
411
409
73
1
5
21
15
412
416
410
73
84
93
21
486
411
415
284
73
84
12
21
487
416
414
408
73
1
12
21
18
415
413
410
74
87
94
22
435
424
418
287
74
87
15
22
436
419
417
421
74
2
15
22
21
418
425
422
74
87
95
23
525
423
421
290
74
87
15
23
527
422
420
418
74
2
15
23
24
421
425
419
74
94
95
23
468
420
424
293
74
94
22
23
469
425
423
417
74
2
22
23
27
424
422
419
75
77
84
12
408
433
427
296
75
77
5
12
409
428
426
430
75
3
5
12
30
427
434
431
75
77
93
21
411
439
430
299
75
77
5
21
412
431
429
427
75
3
5
21
33
430
440
428
75
84
87
15
483
436
433
302
75
84
12
15
484
434
432
426
75
3
12
15
36
433
437
428
75
87
94
22
417
438
436
305
75
87
15
22
418
437
435
432
75
3
15
22
39
436
440
434
75
93
94
22
495
435
439
308
75
93
21
22
496
440
438
429
75
3
21
22
42
439
437
431
76
79
81
9
472
447
442
311
76
79
7
9
473
443
441
445
76
4
7
9
45
442
449
446
76
79
91
19
474
396
445
314
76
79
7
19
476
446
444
442
76
4
7
19
48
445
397
443
76
80
81
9
478
441
448
317
76
80
8
9
479
449
447
451
76
4
8
9
51
448
443
452
76
80
90
18
480
456
451
320
76
80
8
18
482
452
450
448
76
4
8
18
54
451
458
449
76
86
89
17
523
460
454
323
76
86
14
17
524
455
453
457
76
4
14
17
57
454
461
458
76
86
90
18
522
450
457
326
76
86
14
18
524
458
456
454
76
4
14
18
60
457
452
455
76
89
95
23
513
399
460
329
76
89
17
23
514
461
459
453
76
4
17
23
63
460
400
455
78
83
91
19
474
402
463
332
78
83
11
19
475
464
462
466
78
6
11
19
66
463
403
467
78
83
94
22
501
469
466
335
78
83
11
22
503
467
465
463
78
6
11
22
69
466
470
464
78
94
95
23
423
405
469
338
78
94
22
23
424
470
468
465
78
6
22
23
72
469
406
467
79
81
83
11
477
475
472
341
79
81
9
11
478
473
471
441
79
7
9
11
75
472
476
442
79
83
91
19
462
444
475
344
79
83
11
19
463
476
474
471
79
7
11
19
78
475
445
473
80
81
83
11
471
481
478
347
80
81
9
11
472
479
477
447
80
8
9
11
81
478
482
448
80
83
90
18
510
450
481
350
80
83
11
18
512
482
480
477
80
8
11
18
84
481
451
479
82
84
87
15
432
490
484
353
82
84
12
15
433
485
483
487
82
10
12
15
87
484
491
488
82
84
93
21
414
496
487
356
82
84
12
21
415
488
486
484
82
10
12
21
90
487
497
485
82
87
92
20
516
493
490
359
82
87
15
20
517
491
489
483
82
10
15
20
93
490
494
485
82
92
94
22
519
495
493
362
82
92
20
22
520
494
492
489
82
10
20
22
96
493
497
491
82
93
94
22
438
492
496
365
82
93
21
22
439
497
495
486
82
10
21
22
99
496
494
488
83
85
87
15
517
505
499
368
83
85
13
15
518
500
498
502
83
11
13
15
102
499
506
503
83
85
94
22
519
465
502
371
83
85
13
22
521
503
501
499
83
11
13
22
105
502
466
500
83
87
88
16
526
508
505
374
83
87
15
16
527
506
504
498
83
11
15
16
108
505
509
500
83
88
95
23
525
513
508
377
83
88
16
23
526
509
507
504
83
11
16
23
111
508
515
506
83
89
90
18
522
480
511
380
83
89
17
18
523
512
510
514
83
11
17
18
114
511
481
515
83
89
95
23
459
507
514
383
83
89
17
23
460
515
513
511
83
11
17
23
117
514
509
512
85
87
92
20
489
520
517
386
85
87
15
20
490
518
516
498
85
13
15
20
120
517
521
499
85
92
94
22
492
501
520
389
85
92
20
22
493
521
519
516
85
13
20
22
123
520
502
518
86
89
90
18
510
456
523
392
86
89
17
18
511
524
522
453
86
14
17
18
126
523
457
454
87
88
95
23
507
420
526
395
87
88
16
23
508
527
525
504
87
15
16
23
129
526
421
505
528
