1
96
0
0
0
0
0
0
0
0
0
0
0
0
0
0
0
0
0
0
0
0
0
0
0
0
1
1
1
1
1
1
1
1
1
1
1
1
1
1
1
1
1
1
1
1
1
1
1
1
2
2
2
2
2
2
2
2
2
2
2
2
2
2
2
2
2
2
2
2
2
2
2
2
3
3
3
3
3
3
3
3
3
3
3
3
3
3
3
3
3
3
3
3
3
3
3
3
96
528
0
14
16
40
75
7
1
398
0
14
38
40
76
2
0
4
0
24
38
40
132
1
8
5
0
14
23
47
81
9
4
401
0
14
38
47
82
5
3
1
0
24
38
47
135
4
11
2
0
16
17
41
130
10
7
404
0
16
40
41
131
8
6
0
0
24
40
41
138
7
11
2
0
17
23
47
129
3
10
407
0
17
41
47
130
11
9
6
0
24
41
47
141
10
5
8
1
2
12
36
37
28
13
410
1
2
26
36
38
14
12
16
1
25
26
36
144
13
29
17
1
2
21
45
36
33
16
413
1
2
26
45
38
17
15
13
1
25
26
45
147
16
35
14
1
3
7
31
40
25
19
416
1
3
27
31
41
20
18
22
1
25
27
31
150
19
26
23
1
3
19
43
42
27
22
419
1
3
27
43
44
23
21
19
1
25
27
43
153
22
29
20
1
7
13
37
84
31
25
422
1
7
31
37
86
26
24
18
1
25
31
37
156
25
32
20
1
12
19
43
54
21
28
425
1
12
36
43
55
29
27
12
1
25
36
43
159
28
23
14
1
13
20
44
124
34
31
428
1
13
37
44
125
32
30
24
1
25
37
44
162
31
35
26
1
20
21
45
123
15
34
431
1
20
44
45
124
35
33
30
1
25
44
45
165
34
17
32
2
12
21
45
118
15
37
434
2
12
36
45
119
38
36
12
2
26
36
45
168
37
16
13
3
7
22
46
87
45
40
437
3
7
31
46
89
41
39
18
3
27
31
46
171
40
47
19
3
15
19
43
127
21
43
440
3
15
39
43
128
44
42
46
3
27
39
43
174
43
22
47
3
15
22
46
126
39
46
443
3
15
39
46
128
47
45
43
3
27
39
46
177
46
41
44
4
6
13
37
79
61
49
446
4
6
30
37
80
50
48
52
4
28
30
37
180
49
62
53
4
6
23
47
81
57
52
449
4
6
30
47
83
53
51
49
4
28
30
47
183
52
59
50
4
12
19
43
27
60
55
452
4
12
36
43
28
56
54
58
4
28
36
43
186
55
62
59
4
12
23
47
117
51
58
455
4
12
36
47
119
59
57
55
4
28
36
47
189
58
53
56
4
13
19
43
121
54
61
458
4
13
37
43
122
62
60
48
4
28
37
43
192
61
56
50
5
9
16
40
109
75
64
461
5
9
33
40
110
65
63
67
5
29
33
40
195
64
77
68
5
9
18
42
93
72
67
464
5
9
33
42
94
68
66
64
5
29
33
42
198
67
74
65
5
10
14
38
96
76
70
467
5
10
34
38
97
71
69
73
5
29
34
38
201
70
77
74
5
10
18
42
99
66
73
470
5
10
34
42
100
74
72
70
5
29
34
42
204
73
68
71
5
14
16
40
0
63
76
473
5
14
38
40
1
77
75
69
5
29
38
40
207
76
65
71
6
13
14
38
102
82
79
476
6
13
37
38
103
80
78
48
6
30
37
38
210
79
83
49
6
14
23
47
3
51
82
479
6
14
38
47
4
83
81
78
6
30
38
47
213
82
52
80
7
11
13
37
115
24
85
482
7
11
35
37
116
86
84
88
7
31
35
37
216
85
25
89
7
11
22
46
114
39
88
485
7
11
35
46
116
89
87
85
7
31
35
46
219
88
40
86
8
9
14
38
102
96
91
488
8
9
33
38
104
92
90
94
8
32
33
38
222
91
98
95
8
9
18
42
66
99
94
491
8
9
33
42
67
95
93
91
8
32
33
42
225
94
101
92
8
10
14
38
69
90
97
494
8
10
34
38
70
98
96
100
8
32
34
38
228
97
92
101
8
10
18
42
72
93
100
497
8
10
34
42
73
101
99
97
8
32
34
42
231
100
95
98
9
13
14
38
78
90
103
500
9
13
37
38
79
104
102
106
9
33
37
38
234
103
91
107
9
13
21
45
123
112
106
503
9
13
37
45
125
107
105
103
9
33
37
45
237
106
113
104
9
16
23
47
129
111
109
506
9
16
40
47
131
110
108
63
9
33
40
47
240
109
113
64
9
21
23
47
117
108
112
509
9
21
45
47
118
113
111
105
9
33
45
47
243
112
110
107
11
13
22
46
120
87
115
512
11
13
37
46
122
116
114
84
11
35
37
46
246
115
88
85
12
21
23
47
111
57
118
515
12
21
45
47
112
119
117
36
12
36
45
47
249
118
58
37
13
19
22
46
126
114
121
518
13
19
43
46
127
122
120
60
13
37
43
46
252
121
115
61
13
20
21
45
33
105
124
521
13
20
44
45
34
125
123
30
13
37
44
45
255
124
106
31
15
19
22
46
120
45
127
524
15
19
43
46
121
128
126
42
15
39
43
46
258
127
46
43
16
17
23
47
9
108
130
527
16
17
41
47
10
131
129
6
16
40
41
47
261
130
109
7
24
38
40
64
207
139
133
2
24
38
62
64
208
134
132
136
24
48
62
64
264
133
140
137
24
38
47
71
213
141
136
5
24
38
62
71
214
137
135
133
24
48
62
71
267
136
143
134
24
40
41
65
262
142
139
8
24
40
64
65
263
140
138
132
24
48
64
65
270
139
143
134
24
41
47
71
261
135
142
11
24
41
65
71
262
143
141
138
24
48
65
71
273
142
137
140
25
26
36
60
169
160
145
14
25
26
50
60
170
146
144
148
25
49
50
60
276
145
161
149
25
26
45
69
168
165
148
17
25
26
50
69
170
149
147
145
25
49
50
69
279
148
167
146
25
27
31
55
172
157
151
20
25
27
51
55
173
152
150
154
25
49
51
55
282
151
158
155
25
27
43
67
174
159
154
23
25
27
51
67
176
155
153
151
25
49
51
67
285
154
161
152
25
31
37
61
216
163
157
26
25
31
55
61
218
158
156
150
25
49
55
61
288
157
164
152
25
36
43
67
186
153
160
29
25
36
60
67
187
161
159
144
25
49
60
67
291
160
155
146
25
37
44
68
256
166
163
32
25
37
61
68
257
164
162
156
25
49
61
68
294
163
167
158
25
44
45
69
255
147
166
35
25
44
68
69
256
167
165
162
25
49
68
69
297
166
149
164
26
36
45
69
250
147
169
38
26
36
60
69
251
170
168
144
26
50
60
69
300
169
148
145
27
31
46
70
219
177
172
41
27
31
55
70
221
173
171
150
27
51
55
70
303
172
179
151
27
39
43
67
259
153
175
44
27
39
63
67
260
176
174
178
27
51
63
67
306
175
154
179
27
39
46
70
258
171
178
47
27
39
63
70
260
179
177
175
27
51
63
70
309
178
173
176
28
30
37
61
211
193
181
50
28
30
54
61
212
182
180
184
28
52
54
61
312
181
194
185
28
30
47
71
213
189
184
53
28
30
54
71
215
185
183
181
28
52
54
71
315
184
191
182
28
36
43
67
159
192
187
56
28
36
60
67
160
188
186
190
28
52
60
67
318
187
194
191
28
36
47
71
249
183
190
59
28
36
60
71
251
191
189
187
28
52
60
71
321
190
185
188
28
37
43
67
253
186
193
62
28
37
61
67
254
194
192
180
28
52
61
67
324
193
188
182
29
33
40
64
241
207
196
65
29
33
57
64
242
197
195
199
29
53
57
64
327
196
209
200
29
33
42
66
225
204
199
68
29
33
57
66
226
200
198
196
29
53
57
66
330
199
206
197
29
34
38
62
228
208
202
71
29
34
58
62
229
203
201
205
29
53
58
62
333
202
209
206
29
34
42
66
231
198
205
74
29
34
58
66
232
206
204
202
29
53
58
66
336
205
200
203
29
38
40
64
132
195
208
77
29
38
62
64
133
209
207
201
29
53
62
64
339
208
197
203
30
37
38
62
234
214
211
80
30
37
61
62
235
212
210
180
30
54
61
62
342
211
215
181
30
38
47
71
135
183
214
83
30
38
62
71
136
215
213
210
30
54
62
71
345
214
184
212
31
35
37
61
247
156
217
86
31
35
59
61
248
218
216
220
31
55
59
61
348
217
157
221
31
35
46
70
246
171
220
89
31
35
59
70
248
221
219
217
31
55
59
70
351
220
172
218
32
33
38
62
234
228
223
92
32
33
57
62
236
224
222
226
32
56
57
62
354
223
230
227
32
33
42
66
198
231
226
95
32
33
57
66
199
227
225
223
32
56
57
66
357
226
233
224
32
34
38
62
201
222
229
98
32
34
58
62
202
230
228
232
32
56
58
62
360
229
224
233
32
34
42
66
204
225
232
101
32
34
58
66
205
233
231
229
32
56
58
66
363
232
227
230
33
37
38
62
210
222
235
104
33
37
61
62
211
236
234
238
33
57
61
62
366
235
223
239
33
37
45
69
255
244
238
107
33
37
61
69
257
239
237
235
33
57
61
69
369
238
245
236
33
40
47
71
261
243
241
110
33
40
64
71
263
242
240
195
33
57
64
71
372
241
245
196
33
45
47
71
249
240
244
113
33
45
69
71
250
245
243
237
33
57
69
71
375
244
242
239
35
37
46
70
252
219
247
116
35
37
61
70
254
248
246
216
35
59
61
70
378
247
220
217
36
45
47
71
243
189
250
119
36
45
69
71
244
251
249
168
36
60
69
71
381
250
190
169
37
43
46
70
258
246
253
122
37
43
67
70
259
254
252
192
37
61
67
70
384
253
247
193
37
44
45
69
165
237
256
125
37
44
68
69
166
257
255
162
37
61
68
69
387
256
238
163
39
43
46
70
252
177
259
128
39
43
67
70
253
260
258
174
39
63
67
70
390
259
178
175
40
41
47
71
141
240
262
131
40
41
65
71
142
263
261
138
40
64
65
71
393
262
241
139
48
62
64
88
339
271
265
134
48
62
86
88
340
266
264
268
48
72
86
88
396
265
272
269
48
62
71
95
345
273
268
137
48
62
86
95
346
269
267
265
48
72
86
95
399
268
275
266
48
64
65
89
394
274
271
140
48
64
88
89
395
272
270
264
48
72
88
89
402
271
275
266
48
65
71
95
393
267
274
143
48
65
89
95
394
275
273
270
48
72
89
95
405
274
269
272
49
50
60
84
301
292
277
146
49
50
74
84
302
278
276
280
49
73
74
84
408
277
293
281
49
50
69
93
300
297
280
149
49
50
74
93
302
281
279
277
49
73
74
93
411
280
299
278
49
51
55
79
304
289
283
152
49
51
75
79
305
284
282
286
49
73
75
79
414
283
290
287
49
51
67
91
306
291
286
155
49
51
75
91
308
287
285
283
49
73
75
91
417
286
293
284
49
55
61
85
348
295
289
158
49
55
79
85
350
290
288
282
49
73
79
85
420
289
296
284
49
60
67
91
318
285
292
161
49
60
84
91
319
293
291
276
49
73
84
91
423
292
287
278
49
61
68
92
388
298
295
164
49
61
85
92
389
296
294
288
49
73
85
92
426
295
299
290
49
68
69
93
387
279
298
167
49
68
92
93
388
299
297
294
49
73
92
93
429
298
281
296
50
60
69
93
382
279
301
170
50
60
84
93
383
302
300
276
50
74
84
93
432
301
280
277
51
55
70
94
351
309
304
173
51
55
79
94
353
305
303
282
51
75
79
94
435
304
311
283
51
63
67
91
391
285
307
176
51
63
87
91
392
308
306
310
51
75
87
91
438
307
286
311
51
63
70
94
390
303
310
179
51
63
87
94
392
311
309
307
51
75
87
94
441
310
305
308
52
54
61
85
343
325
313
182
52
54
78
85
344
314
312
316
52
76
78
85
444
313
326
317
52
54
71
95
345
321
316
185
52
54
78
95
347
317
315
313
52
76
78
95
447
316
323
314
52
60
67
91
291
324
319
188
52
60
84
91
292
320
318
322
52
76
84
91
450
319
326
323
52
60
71
95
381
315
322
191
52
60
84
95
383
323
321
319
52
76
84
95
453
322
317
320
52
61
67
91
385
318
325
194
52
61
85
91
386
326
324
312
52
76
85
91
456
325
320
314
53
57
64
88
373
339
328
197
53
57
81
88
374
329
327
331
53
77
81
88
459
328
341
332
53
57
66
90
357
336
331
200
53
57
81
90
358
332
330
328
53
77
81
90
462
331
338
329
53
58
62
86
360
340
334
203
53
58
82
86
361
335
333
337
53
77
82
86
465
334
341
338
53
58
66
90
363
330
337
206
53
58
82
90
364
338
336
334
53
77
82
90
468
337
332
335
53
62
64
88
264
327
340
209
53
62
86
88
265
341
339
333
53
77
86
88
471
340
329
335
54
61
62
86
366
346
343
212
54
61
85
86
367
344
342
312
54
78
85
86
474
343
347
313
54
62
71
95
267
315
346
215
54
62
86
95
268
347
345
342
54
78
86
95
477
346
316
344
55
59
61
85
379
288
349
218
55
59
83
85
380
350
348
352
55
79
83
85
480
349
289
353
55
59
70
94
378
303
352
221
55
59
83
94
380
353
351
349
55
79
83
94
483
352
304
350
56
57
62
86
366
360
355
224
56
57
81
86
368
356
354
358
56
80
81
86
486
355
362
359
56
57
66
90
330
363
358
227
56
57
81
90
331
359
357
355
56
80
81
90
489
358
365
356
56
58
62
86
333
354
361
230
56
58
82
86
334
362
360
364
56
80
82
86
492
361
356
365
56
58
66
90
336
357
364
233
56
58
82
90
337
365
363
361
56
80
82
90
495
364
359
362
57
61
62
86
342
354
367
236
57
61
85
86
343
368
366
370
57
81
85
86
498
367
355
371
57
61
69
93
387
376
370
239
57
61
85
93
389
371
369
367
57
81
85
93
501
370
377
368
57
64
71
95
393
375
373
242
57
64
88
95
395
374
372
327
57
81
88
95
504
373
377
328
57
69
71
95
381
372
376
245
57
69
93
95
382
377
375
369
57
81
93
95
507
376
374
371
59
61
70
94
384
351
379
248
59
61
85
94
386
380
378
348
59
83
85
94
510
379
352
349
60
69
71
95
375
321
382
251
60
69
93
95
376
383
381
300
60
84
93
95
513
382
322
301
61
67
70
94
390
378
385
254
61
67
91
94
391
386
384
324
61
85
91
94
516
385
379
325
61
68
69
93
297
369
388
257
61
68
92
93
298
389
387
294
61
85
92
93
519
388
370
295
63
67
70
94
384
309
391
260
63
67
91
94
385
392
390
306
63
87
91
94
522
391
310
307
64
65
71
95
273
372
394
263
64
65
89
95
274
395
393
270
64
88
89
95
525
394
373
271
72
86
88
16
471
403
397
266
72
86
14
16
472
398
396
400
72
0
14
16
0
397
404
401
72
86
95
23
477
405
400
269
72
86
14
23
478
401
399
397
72
0
14
23
3
400
407
398
72
88
89
17
526
406
403
272
72
88
16
17
527
404
402
396
72
0
16
17
6
403
407
398
72
89
95
23
525
399
406
275
72
89
17
23
526
407
405
402
72
0
17
23
9
406
401
404
73
74
84
12
433
424
409
278
73
74
2
12
434
410
408
412
73
1
2
12
12
409
425
413
73
74
93
21
432
429
412
281
73
74
2
21
434
413
411
409
73
1
2
21
15
412
431
410
73
75
79
7
436
421
415
284
73
75
3
7
437
416
414
418
73
1
3
7
18
415
422
419
73
75
91
19
438
423
418
287
73
75
3
19
440
419
417
415
73
1
3
19
21
418
425
416
73
79
85
13
480
427
421
290
73
79
7
13
482
422
420
414
73
1
7
13
24
421
428
416
73
84
91
19
450
417
424
293
73
84
12
19
451
425
423
408
73
1
12
19
27
424
419
410
73
85
92
20
520
430
427
296
73
85
13
20
521
428
426
420
73
1
13
20
30
427
431
422
73
92
93
21
519
411
430
299
73
92
20
21
520
431
429
426
73
1
20
21
33
430
413
428
74
84
93
21
514
411
433
302
74
84
12
21
515
434
432
408
74
2
12
21
36
433
412
409
75
79
94
22
483
441
436
305
75
79
7
22
485
437
435
414
75
3
7
22
39
436
443
415
75
87
91
19
523
417
439
308
75
87
15
19
524
440
438
442
75
3
15
19
42
439
418
443
75
87
94
22
522
435
442
311
75
87
15
22
524
443
441
439
75
3
15
22
45
442
437
440
76
78
85
13
475
457
445
314
76
78
6
13
476
446
444
448
76
4
6
13
48
445
458
449
76
78
95
23
477
453
448
317
76
78
6
23
479
449
447
445
76
4
6
23
51
448
455
446
76
84
91
19
423
456
451
320
76
84
12
19
424
452
450
454
76
4
12
19
54
451
458
455
76
84
95
23
513
447
454
323
76
84
12
23
515
455
453
451
76
4
12
23
57
454
449
452
76
85
91
19
517
450
457
326
76
85
13
19
518
458
456
444
76
4
13
19
60
457
452
446
77
81
88
16
505
471
460
329
77
81
9
16
506
461
459
463
77
5
9
16
63
460
473
464
77
81
90
18
489
468
463
332
77
81
9
18
490
464
462
460
77
5
9
18
66
463
470
461
77
82
86
14
492
472
466
335
77
82
10
14
493
467
465
469
77
5
10
14
69
466
473
470
77
82
90
18
495
462
469
338
77
82
10
18
496
470
468
466
77
5
10
18
72
469
464
467
77
86
88
16
396
459
472
341
77
86
14
16
397
473
471
465
77
5
14
16
75
472
461
467
78
85
86
14
498
478
475
344
78
85
13
14
499
476
474
444
78
6
13
14
78
475
479
445
78
86
95
23
399
447
478
347
78
86
14
23
400
479
477
474
78
6
14
23
81
478
448
476
79
83
85
13
511
420
481
350
79
83
11
13
512
482
480
484
79
7
11
13
84
481
421
485
79
83
94
22
510
435
484
353
79
83
11
22
512
485
483
481
79
7
11
22
87
484
436
482
80
81
86
14
498
492
487
356
80
81
9
14
500
488
486
490
80
8
9
14
90
487
494
491
80
81
90
18
462
495
490
359
80
81
9
18
463
491
489
487
80
8
9
18
93
490
497
488
80
82
86
14
465
486
493
362
80
82
10
14
466
494
492
496
80
8
10
14
96
493
488
497
80
82
90
18
468
489
496
365
80
82
10
18
469
497
495
493
80
8
10
18
99
496
491
494
81
85
86
14
474
486
499
368
81
85
13
14
475
500
498
502
81
9
13
14
102
499
487
503
81
85
93
21
519
508
502
371
81
85
13
21
521
503
501
499
81
9
13
21
105
502
509
500
81
88
95
23
525
507
505
374
81
88
16
23
527
506
504
459
81
9
16
23
108
505
509
460
81
93
95
23
513
504
508
377
81
93
21
23
514
509
507
501
81
9
21
23
111
508
506
503
83
85
94
22
516
483
511
380
83
85
13
22
518
512
510
480
83
11
13
22
114
511
484
481
84
93
95
23
507
453
514
383
84
93
21
23
508
515
513
432
84
12
21
23
117
514
454
433
85
91
94
22
522
510
517
386
85
91
19
22
523
518
516
456
85
13
19
22
120
517
511
457
85
92
93
21
429
501
520
389
85
92
20
21
430
521
519
426
85
13
20
21
123
520
502
427
87
91
94
22
516
441
523
392
87
91
19
22
517
524
522
438
87
15
19
22
126
523
442
439
88
89
95
23
405
504
526
395
88
89
17
23
406
527
525
402
88
16
17
23
129
526
505
403
528
