1
96
0
0
0
0
0
0
0
0
0
0
0
0
0
0
0
0
0
0
0
0
0
0
0
0
1
1
1
1
1
1
1
1
1
1
1
1
1
1
1
1
1
1
1
1
1
1
1
1
2
2
2
2
2
2
2
2
2
2
2
2
2
2
2
2
2
2
2
2
2
2
2
2
3
3
3
3
3
3
3
3
3
3
3
3
3
3
3
3
3
3
3
3
3
3
3
3
96
528
0
2
11
35
49
25
1
398
0
2
26
35
50
2
0
4
0
24
26
35
132
1
26
5
0
2
21
45
60
21
4
401
0
2
26
45
62
5
3
1
0
24
26
45
135
4
23
2
0
3
7
31
64
19
7
404
0
3
27
31
65
8
6
10
0
24
27
31
138
7
20
11
0
3
22
46
69
12
10
407
0
3
27
46
71
11
9
7
0
24
27
46
141
10
14
8
0
6
22
46
90
9
13
410
0
6
30
46
91
14
12
16
0
24
30
46
144
13
11
17
0
6
23
47
102
30
16
413
0
6
30
47
104
17
15
13
0
24
30
47
147
16
32
14
0
7
8
32
96
22
19
416
0
7
31
32
97
20
18
6
0
24
31
32
150
19
23
8
0
8
21
45
112
3
22
419
0
8
32
45
113
23
21
18
0
24
32
45
153
22
5
20
0
11
15
39
117
27
25
422
0
11
35
39
119
26
24
0
0
24
35
39
156
25
29
2
0
14
15
39
117
24
28
425
0
14
38
39
118
29
27
31
0
24
38
39
159
28
26
32
0
14
23
47
120
15
31
428
0
14
38
47
121
32
30
28
0
24
38
47
162
31
17
29
1
12
19
43
124
46
34
431
1
12
36
43
125
35
33
37
1
25
36
43
165
34
47
38
1
12
23
47
126
42
37
434
1
12
36
47
128
38
36
34
1
25
36
47
168
37
44
35
1
17
21
45
129
45
40
437
1
17
41
45
131
41
39
43
1
25
41
45
171
40
47
44
1
17
23
47
57
36
43
440
1
17
41
47
58
44
42
40
1
25
41
47
174
43
38
41
1
19
21
45
123
39
46
443
1
19
43
45
124
47
45
33
1
25
43
45
177
46
41
35
2
11
13
37
115
52
49
446
2
11
35
37
116
50
48
0
2
26
35
37
180
49
53
1
2
13
23
47
114
57
52
449
2
13
37
47
115
53
51
48
2
26
37
47
183
52
59
50
2
17
20
44
130
61
55
452
2
17
41
44
131
56
54
58
2
26
41
44
186
55
62
59
2
17
23
47
42
51
58
455
2
17
41
47
43
59
57
55
2
26
41
47
189
58
53
56
2
20
21
45
129
3
61
458
2
20
44
45
130
62
60
54
2
26
44
45
192
61
4
56
3
7
10
34
109
67
64
461
3
7
31
34
110
65
63
6
3
27
31
34
195
64
68
7
3
10
16
40
84
70
67
464
3
10
34
40
85
68
66
63
3
27
34
40
198
67
71
65
3
16
22
46
87
9
70
467
3
16
40
46
88
71
69
66
3
27
40
46
201
70
10
68
4
5
6
30
91
79
73
470
4
5
29
30
92
74
72
76
4
28
29
30
204
73
80
77
4
5
9
33
94
82
76
473
4
5
29
33
95
77
75
73
4
28
29
33
207
76
83
74
4
6
10
34
106
85
79
476
4
6
30
34
107
80
78
72
4
28
30
34
210
79
86
74
4
9
22
46
93
87
82
479
4
9
33
46
94
83
81
75
4
28
33
46
213
82
89
77
4
10
16
40
66
88
85
482
4
10
34
40
67
86
84
78
4
28
34
40
216
85
89
80
4
16
22
46
69
81
88
485
4
16
40
46
70
89
87
84
4
28
40
46
219
88
83
86
5
6
22
46
12
93
91
488
5
6
30
46
13
92
90
72
5
29
30
46
222
91
95
73
5
9
22
46
81
90
94
491
5
9
33
46
82
95
93
75
5
29
33
46
225
94
92
76
6
7
8
32
18
103
97
494
6
7
31
32
19
98
96
100
6
30
31
32
228
97
104
101
6
7
18
42
108
105
100
497
6
7
31
42
110
101
99
97
6
30
31
42
231
100
107
98
6
8
23
47
111
15
103
500
6
8
32
47
113
104
102
96
6
30
32
47
234
103
16
98
6
10
18
42
108
99
106
503
6
10
34
42
109
107
105
78
6
30
34
42
237
106
101
79
7
10
18
42
105
99
109
506
7
10
34
42
106
110
108
63
7
31
34
42
240
109
100
64
8
21
23
47
126
102
112
509
8
21
45
47
127
113
111
21
8
32
45
47
243
112
103
22
11
13
23
47
51
120
115
512
11
13
37
47
52
116
114
48
11
35
37
47
246
115
122
49
11
14
15
39
27
24
118
515
11
14
38
39
28
119
117
121
11
35
38
39
249
118
25
122
11
14
23
47
30
114
121
518
11
14
38
47
31
122
120
118
11
35
38
47
252
121
116
119
12
19
21
45
45
127
124
521
12
19
43
45
46
125
123
33
12
36
43
45
255
124
128
34
12
21
23
47
111
36
127
524
12
21
45
47
112
128
126
123
12
36
45
47
258
127
37
125
17
20
21
45
60
39
130
527
17
20
44
45
61
131
129
54
17
41
44
45
261
130
40
55
24
26
35
59
181
157
133
2
24
26
50
59
182
134
132
136
24
48
50
59
264
133
158
137
24
26
45
69
192
153
136
5
24
26
50
69
194
137
135
133
24
48
50
69
267
136
155
134
24
27
31
55
196
151
139
8
24
27
51
55
197
140
138
142
24
48
51
55
270
139
152
143
24
27
46
70
201
144
142
11
24
27
51
70
203
143
141
139
24
48
51
70
273
142
146
140
24
30
46
70
222
141
145
14
24
30
54
70
223
146
144
148
24
48
54
70
276
145
143
149
24
30
47
71
234
162
148
17
24
30
54
71
236
149
147
145
24
48
54
71
279
148
164
146
24
31
32
56
228
154
151
20
24
31
55
56
229
152
150
138
24
48
55
56
282
151
155
140
24
32
45
69
244
135
154
23
24
32
56
69
245
155
153
150
24
48
56
69
285
154
137
152
24
35
39
63
249
159
157
26
24
35
59
63
251
158
156
132
24
48
59
63
288
157
161
134
24
38
39
63
249
156
160
29
24
38
62
63
250
161
159
163
24
48
62
63
291
160
158
164
24
38
47
71
252
147
163
32
24
38
62
71
253
164
162
160
24
48
62
71
294
163
149
161
25
36
43
67
256
178
166
35
25
36
60
67
257
167
165
169
25
49
60
67
297
166
179
170
25
36
47
71
258
174
169
38
25
36
60
71
260
170
168
166
25
49
60
71
300
169
176
167
25
41
45
69
261
177
172
41
25
41
65
69
263
173
171
175
25
49
65
69
303
172
179
176
25
41
47
71
189
168
175
44
25
41
65
71
190
176
174
172
25
49
65
71
306
175
170
173
25
43
45
69
255
171
178
47
25
43
67
69
256
179
177
165
25
49
67
69
309
178
173
167
26
35
37
61
247
184
181
50
26
35
59
61
248
182
180
132
26
50
59
61
312
181
185
133
26
37
47
71
246
189
184
53
26
37
61
71
247
185
183
180
26
50
61
71
315
184
191
182
26
41
44
68
262
193
187
56
26
41
65
68
263
188
186
190
26
50
65
68
318
187
194
191
26
41
47
71
174
183
190
59
26
41
65
71
175
191
189
187
26
50
65
71
321
190
185
188
26
44
45
69
261
135
193
62
26
44
68
69
262
194
192
186
26
50
68
69
324
193
136
188
27
31
34
58
241
199
196
65
27
31
55
58
242
197
195
138
27
51
55
58
327
196
200
139
27
34
40
64
216
202
199
68
27
34
58
64
217
200
198
195
27
51
58
64
330
199
203
197
27
40
46
70
219
141
202
71
27
40
64
70
220
203
201
198
27
51
64
70
333
202
142
200
28
29
30
54
223
211
205
74
28
29
53
54
224
206
204
208
28
52
53
54
336
205
212
209
28
29
33
57
226
214
208
77
28
29
53
57
227
209
207
205
28
52
53
57
339
208
215
206
28
30
34
58
238
217
211
80
28
30
54
58
239
212
210
204
28
52
54
58
342
211
218
206
28
33
46
70
225
219
214
83
28
33
57
70
226
215
213
207
28
52
57
70
345
214
221
209
28
34
40
64
198
220
217
86
28
34
58
64
199
218
216
210
28
52
58
64
348
217
221
212
28
40
46
70
201
213
220
89
28
40
64
70
202
221
219
216
28
52
64
70
351
220
215
218
29
30
46
70
144
225
223
92
29
30
54
70
145
224
222
204
29
53
54
70
354
223
227
205
29
33
46
70
213
222
226
95
29
33
57
70
214
227
225
207
29
53
57
70
357
226
224
208
30
31
32
56
150
235
229
98
30
31
55
56
151
230
228
232
30
54
55
56
360
229
236
233
30
31
42
66
240
237
232
101
30
31
55
66
242
233
231
229
30
54
55
66
363
232
239
230
30
32
47
71
243
147
235
104
30
32
56
71
245
236
234
228
30
54
56
71
366
235
148
230
30
34
42
66
240
231
238
107
30
34
58
66
241
239
237
210
30
54
58
66
369
238
233
211
31
34
42
66
237
231
241
110
31
34
58
66
238
242
240
195
31
55
58
66
372
241
232
196
32
45
47
71
258
234
244
113
32
45
69
71
259
245
243
153
32
56
69
71
375
244
235
154
35
37
47
71
183
252
247
116
35
37
61
71
184
248
246
180
35
59
61
71
378
247
254
181
35
38
39
63
159
156
250
119
35
38
62
63
160
251
249
253
35
59
62
63
381
250
157
254
35
38
47
71
162
246
253
122
35
38
62
71
163
254
252
250
35
59
62
71
384
253
248
251
36
43
45
69
177
259
256
125
36
43
67
69
178
257
255
165
36
60
67
69
387
256
260
166
36
45
47
71
243
168
259
128
36
45
69
71
244
260
258
255
36
60
69
71
390
259
169
257
41
44
45
69
192
171
262
131
41
44
68
69
193
263
261
186
41
65
68
69
393
262
172
187
48
50
59
83
313
289
265
134
48
50
74
83
314
266
264
268
48
72
74
83
396
265
290
269
48
50
69
93
324
285
268
137
48
50
74
93
326
269
267
265
48
72
74
93
399
268
287
266
48
51
55
79
328
283
271
140
48
51
75
79
329
272
270
274
48
72
75
79
402
271
284
275
48
51
70
94
333
276
274
143
48
51
75
94
335
275
273
271
48
72
75
94
405
274
278
272
48
54
70
94
354
273
277
146
48
54
78
94
355
278
276
280
48
72
78
94
408
277
275
281
48
54
71
95
366
294
280
149
48
54
78
95
368
281
279
277
48
72
78
95
411
280
296
278
48
55
56
80
360
286
283
152
48
55
79
80
361
284
282
270
48
72
79
80
414
283
287
272
48
56
69
93
376
267
286
155
48
56
80
93
377
287
285
282
48
72
80
93
417
286
269
284
48
59
63
87
381
291
289
158
48
59
83
87
383
290
288
264
48
72
83
87
420
289
293
266
48
62
63
87
381
288
292
161
48
62
86
87
382
293
291
295
48
72
86
87
423
292
290
296
48
62
71
95
384
279
295
164
48
62
86
95
385
296
294
292
48
72
86
95
426
295
281
293
49
60
67
91
388
310
298
167
49
60
84
91
389
299
297
301
49
73
84
91
429
298
311
302
49
60
71
95
390
306
301
170
49
60
84
95
392
302
300
298
49
73
84
95
432
301
308
299
49
65
69
93
393
309
304
173
49
65
89
93
395
305
303
307
49
73
89
93
435
304
311
308
49
65
71
95
321
300
307
176
49
65
89
95
322
308
306
304
49
73
89
95
438
307
302
305
49
67
69
93
387
303
310
179
49
67
91
93
388
311
309
297
49
73
91
93
441
310
305
299
50
59
61
85
379
316
313
182
50
59
83
85
380
314
312
264
50
74
83
85
444
313
317
265
50
61
71
95
378
321
316
185
50
61
85
95
379
317
315
312
50
74
85
95
447
316
323
314
50
65
68
92
394
325
319
188
50
65
89
92
395
320
318
322
50
74
89
92
450
319
326
323
50
65
71
95
306
315
322
191
50
65
89
95
307
323
321
319
50
74
89
95
453
322
317
320
50
68
69
93
393
267
325
194
50
68
92
93
394
326
324
318
50
74
92
93
456
325
268
320
51
55
58
82
373
331
328
197
51
55
79
82
374
329
327
270
51
75
79
82
459
328
332
271
51
58
64
88
348
334
331
200
51
58
82
88
349
332
330
327
51
75
82
88
462
331
335
329
51
64
70
94
351
273
334
203
51
64
88
94
352
335
333
330
51
75
88
94
465
334
274
332
52
53
54
78
355
343
337
206
52
53
77
78
356
338
336
340
52
76
77
78
468
337
344
341
52
53
57
81
358
346
340
209
52
53
77
81
359
341
339
337
52
76
77
81
471
340
347
338
52
54
58
82
370
349
343
212
52
54
78
82
371
344
342
336
52
76
78
82
474
343
350
338
52
57
70
94
357
351
346
215
52
57
81
94
358
347
345
339
52
76
81
94
477
346
353
341
52
58
64
88
330
352
349
218
52
58
82
88
331
350
348
342
52
76
82
88
480
349
353
344
52
64
70
94
333
345
352
221
52
64
88
94
334
353
351
348
52
76
88
94
483
352
347
350
53
54
70
94
276
357
355
224
53
54
78
94
277
356
354
336
53
77
78
94
486
355
359
337
53
57
70
94
345
354
358
227
53
57
81
94
346
359
357
339
53
77
81
94
489
358
356
340
54
55
56
80
282
367
361
230
54
55
79
80
283
362
360
364
54
78
79
80
492
361
368
365
54
55
66
90
372
369
364
233
54
55
79
90
374
365
363
361
54
78
79
90
495
364
371
362
54
56
71
95
375
279
367
236
54
56
80
95
377
368
366
360
54
78
80
95
498
367
280
362
54
58
66
90
372
363
370
239
54
58
82
90
373
371
369
342
54
78
82
90
501
370
365
343
55
58
66
90
369
363
373
242
55
58
82
90
370
374
372
327
55
79
82
90
504
373
364
328
56
69
71
95
390
366
376
245
56
69
93
95
391
377
375
285
56
80
93
95
507
376
367
286
59
61
71
95
315
384
379
248
59
61
85
95
316
380
378
312
59
83
85
95
510
379
386
313
59
62
63
87
291
288
382
251
59
62
86
87
292
383
381
385
59
83
86
87
513
382
289
386
59
62
71
95
294
378
385
254
59
62
86
95
295
386
384
382
59
83
86
95
516
385
380
383
60
67
69
93
309
391
388
257
60
67
91
93
310
389
387
297
60
84
91
93
519
388
392
298
60
69
71
95
375
300
391
260
60
69
93
95
376
392
390
387
60
84
93
95
522
391
301
389
65
68
69
93
324
303
394
263
65
68
92
93
325
395
393
318
65
89
92
93
525
394
304
319
72
74
83
11
445
421
397
266
72
74
2
11
446
398
396
400
72
0
2
11
0
397
422
401
72
74
93
21
456
417
400
269
72
74
2
21
458
401
399
397
72
0
2
21
3
400
419
398
72
75
79
7
460
415
403
272
72
75
3
7
461
404
402
406
72
0
3
7
6
403
416
407
72
75
94
22
465
408
406
275
72
75
3
22
467
407
405
403
72
0
3
22
9
406
410
404
72
78
94
22
486
405
409
278
72
78
6
22
487
410
408
412
72
0
6
22
12
409
407
413
72
78
95
23
498
426
412
281
72
78
6
23
500
413
411
409
72
0
6
23
15
412
428
410
72
79
80
8
492
418
415
284
72
79
7
8
493
416
414
402
72
0
7
8
18
415
419
404
72
80
93
21
508
399
418
287
72
80
8
21
509
419
417
414
72
0
8
21
21
418
401
416
72
83
87
15
513
423
421
290
72
83
11
15
515
422
420
396
72
0
11
15
24
421
425
398
72
86
87
15
513
420
424
293
72
86
14
15
514
425
423
427
72
0
14
15
27
424
422
428
72
86
95
23
516
411
427
296
72
86
14
23
517
428
426
424
72
0
14
23
30
427
413
425
73
84
91
19
520
442
430
299
73
84
12
19
521
431
429
433
73
1
12
19
33
430
443
434
73
84
95
23
522
438
433
302
73
84
12
23
524
434
432
430
73
1
12
23
36
433
440
431
73
89
93
21
525
441
436
305
73
89
17
21
527
437
435
439
73
1
17
21
39
436
443
440
73
89
95
23
453
432
439
308
73
89
17
23
454
440
438
436
73
1
17
23
42
439
434
437
73
91
93
21
519
435
442
311
73
91
19
21
520
443
441
429
73
1
19
21
45
442
437
431
74
83
85
13
511
448
445
314
74
83
11
13
512
446
444
396
74
2
11
13
48
445
449
397
74
85
95
23
510
453
448
317
74
85
13
23
511
449
447
444
74
2
13
23
51
448
455
446
74
89
92
20
526
457
451
320
74
89
17
20
527
452
450
454
74
2
17
20
54
451
458
455
74
89
95
23
438
447
454
323
74
89
17
23
439
455
453
451
74
2
17
23
57
454
449
452
74
92
93
21
525
399
457
326
74
92
20
21
526
458
456
450
74
2
20
21
60
457
400
452
75
79
82
10
505
463
460
329
75
79
7
10
506
461
459
402
75
3
7
10
63
460
464
403
75
82
88
16
480
466
463
332
75
82
10
16
481
464
462
459
75
3
10
16
66
463
467
461
75
88
94
22
483
405
466
335
75
88
16
22
484
467
465
462
75
3
16
22
69
466
406
464
76
77
78
6
487
475
469
338
76
77
5
6
488
470
468
472
76
4
5
6
72
469
476
473
76
77
81
9
490
478
472
341
76
77
5
9
491
473
471
469
76
4
5
9
75
472
479
470
76
78
82
10
502
481
475
344
76
78
6
10
503
476
474
468
76
4
6
10
78
475
482
470
76
81
94
22
489
483
478
347
76
81
9
22
490
479
477
471
76
4
9
22
81
478
485
473
76
82
88
16
462
484
481
350
76
82
10
16
463
482
480
474
76
4
10
16
84
481
485
476
76
88
94
22
465
477
484
353
76
88
16
22
466
485
483
480
76
4
16
22
87
484
479
482
77
78
94
22
408
489
487
356
77
78
6
22
409
488
486
468
77
5
6
22
90
487
491
469
77
81
94
22
477
486
490
359
77
81
9
22
478
491
489
471
77
5
9
22
93
490
488
472
78
79
80
8
414
499
493
362
78
79
7
8
415
494
492
496
78
6
7
8
96
493
500
497
78
79
90
18
504
501
496
365
78
79
7
18
506
497
495
493
78
6
7
18
99
496
503
494
78
80
95
23
507
411
499
368
78
80
8
23
509
500
498
492
78
6
8
23
102
499
412
494
78
82
90
18
504
495
502
371
78
82
10
18
505
503
501
474
78
6
10
18
105
502
497
475
79
82
90
18
501
495
505
374
79
82
10
18
502
506
504
459
79
7
10
18
108
505
496
460
80
93
95
23
522
498
508
377
80
93
21
23
523
509
507
417
80
8
21
23
111
508
499
418
83
85
95
23
447
516
511
380
83
85
13
23
448
512
510
444
83
11
13
23
114
511
518
445
83
86
87
15
423
420
514
383
83
86
14
15
424
515
513
517
83
11
14
15
117
514
421
518
83
86
95
23
426
510
517
386
83
86
14
23
427
518
516
514
83
11
14
23
120
517
512
515
84
91
93
21
441
523
520
389
84
91
19
21
442
521
519
429
84
12
19
21
123
520
524
430
84
93
95
23
507
432
523
392
84
93
21
23
508
524
522
519
84
12
21
23
126
523
433
521
89
92
93
21
456
435
526
395
89
92
20
21
457
527
525
450
89
17
20
21
129
526
436
451
528
