1
192
0
0
0
0
0
0
0
0
0
0
0
0
0
0
0
0
0
0
0
0
0
0
0
0
0
0
0
0
0
0
0
0
0
0
0
0
0
0
0
0
0
0
0
0
0
0
0
0
1
1
1
1
1
1
1
1
1
1
1
1
1
1
1
1
1
1
1
1
1
1
1
1
1
1
1
1
1
1
1
1
1
1
1
1
1
1
1
1
1
1
1
1
1
1
1
1
2
2
2
2
2
2
2
2
2
2
2
2
2
2
2
2
2
2
2
2
2
2
2
2
2
2
2
2
2
2
2
2
2
2
2
2
2
2
2
2
2
2
2
2
2
2
2
2
3
3
3
3
3
3
3
3
3
3
3
3
3
3
3
3
3
3
3
3
3
3
3
3
3
3
3
3
3
3
3
3
3
3
3
3
3
3
3
3
3
3
3
3
3
3
3
3
192
1104
0
6
11
59
114
7
1
830
0
6
54
59
116
2
0
4
0
48
54
59
276
1
8
5
0
6
13
61
121
10
4
833
0
6
54
61
122
5
3
1
0
48
54
61
279
4
11
2
0
11
37
85
48
24
7
836
0
11
59
85
49
8
6
0
0
48
59
85
282
7
26
2
0
13
15
63
178
13
10
839
0
13
61
63
179
11
9
3
0
48
61
63
285
10
14
5
0
15
17
65
105
22
13
842
0
15
63
65
106
14
12
9
0
48
63
65
288
13
23
11
0
16
34
82
190
25
16
845
0
16
64
82
191
17
15
19
0
48
64
82
291
16
26
20
0
16
43
91
195
21
19
848
0
16
64
91
197
20
18
16
0
48
64
91
294
19
23
17
0
17
43
91
204
18
22
851
0
17
65
91
206
23
21
12
0
48
65
91
297
22
20
14
0
34
37
85
189
6
25
854
0
34
82
85
190
26
24
15
0
48
82
85
300
25
8
17
1
2
29
77
40
33
28
857
1
2
50
77
41
29
27
31
1
49
50
77
303
28
35
32
1
2
30
78
39
36
31
860
1
2
50
78
41
32
30
28
1
49
50
78
306
31
38
29
1
4
29
77
100
27
34
863
1
4
52
77
101
35
33
37
1
49
52
77
309
34
29
38
1
4
30
78
57
30
37
866
1
4
52
78
59
38
36
34
1
49
52
78
312
37
32
35
2
29
30
78
126
30
40
869
2
29
77
78
127
41
39
27
2
50
77
78
315
40
31
28
3
10
11
59
145
49
43
872
3
10
58
59
146
44
42
46
3
51
58
59
318
43
50
47
3
10
27
75
151
52
46
875
3
10
58
75
152
47
45
43
3
51
58
75
321
46
53
44
3
11
37
85
6
51
49
878
3
11
59
85
7
50
48
42
3
51
59
85
324
49
53
44
3
27
37
85
150
48
52
881
3
27
75
85
151
53
51
45
3
51
75
85
327
52
50
47
4
7
22
70
124
66
55
884
4
7
55
70
125
56
54
58
4
52
55
70
330
55
68
59
4
7
30
78
126
36
58
887
4
7
55
78
128
59
57
55
4
52
55
78
333
58
37
56
4
8
36
84
136
96
61
890
4
8
56
84
137
62
60
64
4
52
56
84
336
61
98
65
4
8
44
92
135
102
64
893
4
8
56
92
137
65
63
61
4
52
56
92
339
64
104
62
4
10
22
70
148
54
67
896
4
10
58
70
149
68
66
70
4
52
58
70
342
67
56
71
4
10
31
79
144
93
70
899
4
10
58
79
146
71
69
67
4
52
58
79
345
70
95
68
4
17
28
76
201
97
73
902
4
17
65
76
203
74
72
76
4
52
65
76
348
73
98
77
4
17
33
81
205
84
76
905
4
17
65
81
206
77
75
73
4
52
65
81
351
76
86
74
4
18
24
72
208
91
79
908
4
18
66
72
209
80
78
82
4
52
66
72
354
79
92
83
4
18
38
86
213
103
82
911
4
18
66
86
215
83
81
79
4
52
66
86
357
82
104
80
4
20
33
81
229
75
85
914
4
20
68
81
230
86
84
88
4
52
68
81
360
85
77
89
4
20
42
90
225
99
88
917
4
20
68
90
227
89
87
85
4
52
68
90
363
88
101
86
4
24
26
74
207
94
91
920
4
24
72
74
208
92
90
78
4
52
72
74
366
91
95
80
4
26
31
79
141
69
94
923
4
26
74
79
142
95
93
90
4
52
74
79
369
94
71
92
4
28
36
84
265
60
97
926
4
28
76
84
266
98
96
72
4
52
76
84
372
97
62
74
4
29
42
90
267
87
100
929
4
29
77
90
269
101
99
33
4
52
77
90
375
100
89
34
4
38
44
92
274
63
103
932
4
38
86
92
275
104
102
81
4
52
86
92
378
103
65
83
5
15
17
65
12
112
106
935
5
15
63
65
13
107
105
109
5
53
63
65
381
106
113
110
5
15
45
93
177
111
109
938
5
15
63
93
178
110
108
106
5
53
63
93
384
109
113
107
5
17
45
93
183
108
112
941
5
17
65
93
184
113
111
105
5
53
65
93
387
112
110
107
6
9
11
59
139
0
115
944
6
9
57
59
140
116
114
118
6
54
57
59
390
115
1
119
6
9
26
74
142
120
118
947
6
9
57
74
143
119
117
115
6
54
57
74
393
118
122
116
6
13
26
74
180
117
121
950
6
13
61
74
182
122
120
3
6
54
61
74
396
121
119
4
7
22
43
91
249
132
124
953
7
22
70
91
251
125
123
54
7
55
70
91
399
124
134
55
7
29
30
78
39
57
127
956
7
29
77
78
40
128
126
130
7
55
77
78
402
127
58
131
7
29
33
81
231
133
130
959
7
29
77
81
232
131
129
127
7
55
77
81
405
130
134
128
7
33
43
91
204
123
133
962
7
33
81
91
205
134
132
129
7
55
81
91
408
133
125
131
8
36
44
92
264
63
136
965
8
36
84
92
265
137
135
60
8
56
84
92
411
136
64
61
9
11
31
79
144
141
139
968
9
11
59
79
145
140
138
114
9
57
59
79
414
139
143
115
9
26
31
79
93
138
142
971
9
26
74
79
94
143
141
117
9
57
74
79
417
142
140
118
10
11
31
79
138
69
145
974
10
11
59
79
139
146
144
42
10
58
59
79
420
145
70
43
10
22
32
80
247
154
148
977
10
22
70
80
248
149
147
66
10
58
70
80
423
148
155
67
10
27
37
85
51
157
151
980
10
27
75
85
52
152
150
45
10
58
75
85
426
151
158
46
10
32
40
88
270
156
154
983
10
32
80
88
272
155
153
147
10
58
80
88
429
154
158
149
10
37
40
88
198
153
157
986
10
37
85
88
199
158
156
150
10
58
85
88
432
157
155
152
12
14
29
77
187
175
160
989
12
14
62
77
188
161
159
163
12
60
62
77
435
160
176
164
12
14
41
89
186
171
163
992
12
14
62
89
188
164
162
160
12
60
62
89
438
163
173
161
12
19
25
73
217
172
166
995
12
19
67
73
218
167
165
169
12
60
67
73
441
166
173
170
12
19
47
95
219
174
169
998
12
19
67
95
221
170
168
166
12
60
67
95
444
169
176
167
12
25
41
89
216
162
172
1001
12
25
73
89
217
173
171
165
12
60
73
89
447
172
164
167
12
29
47
95
234
168
175
1004
12
29
77
95
235
176
174
159
12
60
77
95
450
175
170
161
13
15
45
93
108
183
178
1007
13
15
63
93
109
179
177
9
13
61
63
93
453
178
185
10
13
17
26
74
202
120
181
1010
13
17
65
74
203
182
180
184
13
61
65
74
456
181
121
185
13
17
45
93
111
177
184
1013
13
17
65
93
112
185
183
181
13
61
65
93
459
184
179
182
14
29
41
89
268
162
187
1016
14
29
77
89
269
188
186
159
14
62
77
89
462
187
163
160
16
34
37
85
24
199
190
1019
16
34
82
85
25
191
189
15
16
64
82
85
465
190
200
16
16
35
40
88
270
198
193
1022
16
35
83
88
271
194
192
196
16
64
83
88
468
193
200
197
16
35
43
91
249
18
196
1025
16
35
83
91
250
197
195
193
16
64
83
91
471
196
19
194
16
37
40
88
156
192
199
1028
16
37
85
88
157
200
198
189
16
64
85
88
474
199
194
191
17
26
28
76
210
72
202
1031
17
26
74
76
211
203
201
180
17
65
74
76
477
202
73
181
17
33
43
91
132
21
205
1034
17
33
81
91
133
206
204
75
17
65
81
91
480
205
22
76
18
24
26
74
90
211
208
1037
18
24
72
74
91
209
207
78
18
66
72
74
483
208
212
79
18
26
28
76
201
214
211
1040
18
26
74
76
202
212
210
207
18
66
74
76
486
211
215
209
18
28
38
86
252
81
214
1043
18
28
76
86
253
215
213
210
18
66
76
86
489
214
82
212
19
25
41
89
171
220
217
1046
19
25
73
89
172
218
216
165
19
67
73
89
492
217
221
166
19
41
47
95
243
168
220
1049
19
41
89
95
244
221
219
216
19
67
89
95
495
220
169
218
20
21
39
87
237
228
223
1052
20
21
69
87
239
224
222
226
20
68
69
87
498
223
230
227
20
21
42
90
240
87
226
1055
20
21
69
90
242
227
225
223
20
68
69
90
501
226
88
224
20
33
39
87
237
222
229
1058
20
33
81
87
238
230
228
84
20
68
81
87
504
229
224
85
21
29
33
81
129
238
232
1061
21
29
77
81
130
233
231
235
21
69
77
81
507
232
239
236
21
29
47
95
174
243
235
1064
21
29
77
95
175
236
234
232
21
69
77
95
510
235
245
233
21
33
39
87
228
222
238
1067
21
33
81
87
229
239
237
231
21
69
81
87
513
238
223
233
21
41
42
90
267
225
241
1070
21
41
89
90
268
242
240
244
21
69
89
90
516
241
226
245
21
41
47
95
219
234
244
1073
21
41
89
95
220
245
243
241
21
69
89
95
519
244
236
242
22
32
35
83
271
250
247
1076
22
32
80
83
272
248
246
147
22
70
80
83
522
247
251
148
22
35
43
91
195
123
250
1079
22
35
83
91
196
251
249
246
22
70
83
91
525
250
124
248
23
28
38
86
213
259
253
1082
23
28
76
86
214
254
252
256
23
71
76
86
528
253
260
257
23
28
44
92
264
262
256
1085
23
28
76
92
266
257
255
253
23
71
76
92
531
256
263
254
23
38
46
94
273
261
259
1088
23
38
86
94
275
260
258
252
23
71
86
94
534
259
263
254
23
44
46
94
273
258
262
1091
23
44
92
94
274
263
261
255
23
71
92
94
537
262
260
257
28
36
44
92
135
255
265
1094
28
36
84
92
136
266
264
96
28
76
84
92
540
265
256
97
29
41
42
90
240
99
268
1097
29
41
89
90
241
269
267
186
29
77
89
90
543
268
100
187
32
35
40
88
192
153
271
1100
32
35
83
88
193
272
270
246
32
80
83
88
546
271
154
247
38
44
46
94
261
258
274
1103
38
44
92
94
262
275
273
102
38
86
92
94
549
274
259
103
48
54
59
107
390
283
277
2
48
54
102
107
392
278
276
280
48
96
102
107
552
277
284
281
48
54
61
109
397
286
280
5
48
54
102
109
398
281
279
277
48
96
102
109
555
280
287
278
48
59
85
133
324
300
283
8
48
59
107
133
325
284
282
276
48
96
107
133
558
283
302
278
48
61
63
111
454
289
286
11
48
61
109
111
455
287
285
279
48
96
109
111
561
286
290
281
48
63
65
113
381
298
289
14
48
63
111
113
382
290
288
285
48
96
111
113
564
289
299
287
48
64
82
130
466
301
292
17
48
64
112
130
467
293
291
295
48
96
112
130
567
292
302
296
48
64
91
139
471
297
295
20
48
64
112
139
473
296
294
292
48
96
112
139
570
295
299
293
48
65
91
139
480
294
298
23
48
65
113
139
482
299
297
288
48
96
113
139
573
298
296
290
48
82
85
133
465
282
301
26
48
82
130
133
466
302
300
291
48
96
130
133
576
301
284
293
49
50
77
125
316
309
304
29
49
50
98
125
317
305
303
307
49
97
98
125
579
304
311
308
49
50
78
126
315
312
307
32
49
50
98
126
317
308
306
304
49
97
98
126
582
307
314
305
49
52
77
125
376
303
310
35
49
52
100
125
377
311
309
313
49
97
100
125
585
310
305
314
49
52
78
126
333
306
313
38
49
52
100
126
335
314
312
310
49
97
100
126
588
313
308
311
50
77
78
126
402
306
316
41
50
77
125
126
403
317
315
303
50
98
125
126
591
316
307
304
51
58
59
107
421
325
319
44
51
58
106
107
422
320
318
322
51
99
106
107
594
319
326
323
51
58
75
123
427
328
322
47
51
58
106
123
428
323
321
319
51
99
106
123
597
322
329
320
51
59
85
133
282
327
325
50
51
59
107
133
283
326
324
318
51
99
107
133
600
325
329
320
51
75
85
133
426
324
328
53
51
75
123
133
427
329
327
321
51
99
123
133
603
328
326
323
52
55
70
118
400
342
331
56
52
55
103
118
401
332
330
334
52
100
103
118
606
331
344
335
52
55
78
126
402
312
334
59
52
55
103
126
404
335
333
331
52
100
103
126
609
334
313
332
52
56
84
132
412
372
337
62
52
56
104
132
413
338
336
340
52
100
104
132
612
337
374
341
52
56
92
140
411
378
340
65
52
56
104
140
413
341
339
337
52
100
104
140
615
340
380
338
52
58
70
118
424
330
343
68
52
58
106
118
425
344
342
346
52
100
106
118
618
343
332
347
52
58
79
127
420
369
346
71
52
58
106
127
422
347
345
343
52
100
106
127
621
346
371
344
52
65
76
124
477
373
349
74
52
65
113
124
479
350
348
352
52
100
113
124
624
349
374
353
52
65
81
129
481
360
352
77
52
65
113
129
482
353
351
349
52
100
113
129
627
352
362
350
52
66
72
120
484
367
355
80
52
66
114
120
485
356
354
358
52
100
114
120
630
355
368
359
52
66
86
134
489
379
358
83
52
66
114
134
491
359
357
355
52
100
114
134
633
358
380
356
52
68
81
129
505
351
361
86
52
68
116
129
506
362
360
364
52
100
116
129
636
361
353
365
52
68
90
138
501
375
364
89
52
68
116
138
503
365
363
361
52
100
116
138
639
364
377
362
52
72
74
122
483
370
367
92
52
72
120
122
484
368
366
354
52
100
120
122
642
367
371
356
52
74
79
127
417
345
370
95
52
74
122
127
418
371
369
366
52
100
122
127
645
370
347
368
52
76
84
132
541
336
373
98
52
76
124
132
542
374
372
348
52
100
124
132
648
373
338
350
52
77
90
138
543
363
376
101
52
77
125
138
545
377
375
309
52
100
125
138
651
376
365
310
52
86
92
140
550
339
379
104
52
86
134
140
551
380
378
357
52
100
134
140
654
379
341
359
53
63
65
113
288
388
382
107
53
63
111
113
289
383
381
385
53
101
111
113
657
382
389
386
53
63
93
141
453
387
385
110
53
63
111
141
454
386
384
382
53
101
111
141
660
385
389
383
53
65
93
141
459
384
388
113
53
65
113
141
460
389
387
381
53
101
113
141
663
388
386
383
54
57
59
107
415
276
391
116
54
57
105
107
416
392
390
394
54
102
105
107
666
391
277
395
54
57
74
122
418
396
394
119
54
57
105
122
419
395
393
391
54
102
105
122
669
394
398
392
54
61
74
122
456
393
397
122
54
61
109
122
458
398
396
279
54
102
109
122
672
397
395
280
55
70
91
139
525
408
400
125
55
70
118
139
527
401
399
330
55
103
118
139
675
400
410
331
55
77
78
126
315
333
403
128
55
77
125
126
316
404
402
406
55
103
125
126
678
403
334
407
55
77
81
129
507
409
406
131
55
77
125
129
508
407
405
403
55
103
125
129
681
406
410
404
55
81
91
139
480
399
409
134
55
81
129
139
481
410
408
405
55
103
129
139
684
409
401
407
56
84
92
140
540
339
412
137
56
84
132
140
541
413
411
336
56
104
132
140
687
412
340
337
57
59
79
127
420
417
415
140
57
59
107
127
421
416
414
390
57
105
107
127
690
415
419
391
57
74
79
127
369
414
418
143
57
74
122
127
370
419
417
393
57
105
122
127
693
418
416
394
58
59
79
127
414
345
421
146
58
59
107
127
415
422
420
318
58
106
107
127
696
421
346
319
58
70
80
128
523
430
424
149
58
70
118
128
524
425
423
342
58
106
118
128
699
424
431
343
58
75
85
133
327
433
427
152
58
75
123
133
328
428
426
321
58
106
123
133
702
427
434
322
58
80
88
136
546
432
430
155
58
80
128
136
548
431
429
423
58
106
128
136
705
430
434
425
58
85
88
136
474
429
433
158
58
85
133
136
475
434
432
426
58
106
133
136
708
433
431
428
60
62
77
125
463
451
436
161
60
62
110
125
464
437
435
439
60
108
110
125
711
436
452
440
60
62
89
137
462
447
439
164
60
62
110
137
464
440
438
436
60
108
110
137
714
439
449
437
60
67
73
121
493
448
442
167
60
67
115
121
494
443
441
445
60
108
115
121
717
442
449
446
60
67
95
143
495
450
445
170
60
67
115
143
497
446
444
442
60
108
115
143
720
445
452
443
60
73
89
137
492
438
448
173
60
73
121
137
493
449
447
441
60
108
121
137
723
448
440
443
60
77
95
143
510
444
451
176
60
77
125
143
511
452
450
435
60
108
125
143
726
451
446
437
61
63
93
141
384
459
454
179
61
63
111
141
385
455
453
285
61
109
111
141
729
454
461
286
61
65
74
122
478
396
457
182
61
65
113
122
479
458
456
460
61
109
113
122
732
457
397
461
61
65
93
141
387
453
460
185
61
65
113
141
388
461
459
457
61
109
113
141
735
460
455
458
62
77
89
137
544
438
463
188
62
77
125
137
545
464
462
435
62
110
125
137
738
463
439
436
64
82
85
133
300
475
466
191
64
82
130
133
301
467
465
291
64
112
130
133
741
466
476
292
64
83
88
136
546
474
469
194
64
83
131
136
547
470
468
472
64
112
131
136
744
469
476
473
64
83
91
139
525
294
472
197
64
83
131
139
526
473
471
469
64
112
131
139
747
472
295
470
64
85
88
136
432
468
475
200
64
85
133
136
433
476
474
465
64
112
133
136
750
475
470
467
65
74
76
124
486
348
478
203
65
74
122
124
487
479
477
456
65
113
122
124
753
478
349
457
65
81
91
139
408
297
481
206
65
81
129
139
409
482
480
351
65
113
129
139
756
481
298
352
66
72
74
122
366
487
484
209
66
72
120
122
367
485
483
354
66
114
120
122
759
484
488
355
66
74
76
124
477
490
487
212
66
74
122
124
478
488
486
483
66
114
122
124
762
487
491
485
66
76
86
134
528
357
490
215
66
76
124
134
529
491
489
486
66
114
124
134
765
490
358
488
67
73
89
137
447
496
493
218
67
73
121
137
448
494
492
441
67
115
121
137
768
493
497
442
67
89
95
143
519
444
496
221
67
89
137
143
520
497
495
492
67
115
137
143
771
496
445
494
68
69
87
135
513
504
499
224
68
69
117
135
515
500
498
502
68
116
117
135
774
499
506
503
68
69
90
138
516
363
502
227
68
69
117
138
518
503
501
499
68
116
117
138
777
502
364
500
68
81
87
135
513
498
505
230
68
81
129
135
514
506
504
360
68
116
129
135
780
505
500
361
69
77
81
129
405
514
508
233
69
77
125
129
406
509
507
511
69
117
125
129
783
508
515
512
69
77
95
143
450
519
511
236
69
77
125
143
451
512
510
508
69
117
125
143
786
511
521
509
69
81
87
135
504
498
514
239
69
81
129
135
505
515
513
507
69
117
129
135
789
514
499
509
69
89
90
138
543
501
517
242
69
89
137
138
544
518
516
520
69
117
137
138
792
517
502
521
69
89
95
143
495
510
520
245
69
89
137
143
496
521
519
517
69
117
137
143
795
520
512
518
70
80
83
131
547
526
523
248
70
80
128
131
548
524
522
423
70
118
128
131
798
523
527
424
70
83
91
139
471
399
526
251
70
83
131
139
472
527
525
522
70
118
131
139
801
526
400
524
71
76
86
134
489
535
529
254
71
76
124
134
490
530
528
532
71
119
124
134
804
529
536
533
71
76
92
140
540
538
532
257
71
76
124
140
542
533
531
529
71
119
124
140
807
532
539
530
71
86
94
142
549
537
535
260
71
86
134
142
551
536
534
528
71
119
134
142
810
535
539
530
71
92
94
142
549
534
538
263
71
92
140
142
550
539
537
531
71
119
140
142
813
538
536
533
76
84
92
140
411
531
541
266
76
84
132
140
412
542
540
372
76
124
132
140
816
541
532
373
77
89
90
138
516
375
544
269
77
89
137
138
517
545
543
462
77
125
137
138
819
544
376
463
80
83
88
136
468
429
547
272
80
83
131
136
469
548
546
522
80
128
131
136
822
547
430
523
86
92
94
142
537
534
550
275
86
92
140
142
538
551
549
378
86
134
140
142
825
550
535
379
96
102
107
155
666
559
553
278
96
102
150
155
668
554
552
556
96
144
150
155
828
553
560
557
96
102
109
157
673
562
556
281
96
102
150
157
674
557
555
553
96
144
150
157
831
556
563
554
96
107
133
181
600
576
559
284
96
107
155
181
601
560
558
552
96
144
155
181
834
559
578
554
96
109
111
159
730
565
562
287
96
109
157
159
731
563
561
555
96
144
157
159
837
562
566
557
96
111
113
161
657
574
565
290
96
111
159
161
658
566
564
561
96
144
159
161
840
565
575
563
96
112
130
178
742
577
568
293
96
112
160
178
743
569
567
571
96
144
160
178
843
568
578
572
96
112
139
187
747
573
571
296
96
112
160
187
749
572
570
568
96
144
160
187
846
571
575
569
96
113
139
187
756
570
574
299
96
113
161
187
758
575
573
564
96
144
161
187
849
574
572
566
96
130
133
181
741
558
577
302
96
130
178
181
742
578
576
567
96
144
178
181
852
577
560
569
97
98
125
173
592
585
580
305
97
98
146
173
593
581
579
583
97
145
146
173
855
580
587
584
97
98
126
174
591
588
583
308
97
98
146
174
593
584
582
580
97
145
146
174
858
583
590
581
97
100
125
173
652
579
586
311
97
100
148
173
653
587
585
589
97
145
148
173
861
586
581
590
97
100
126
174
609
582
589
314
97
100
148
174
611
590
588
586
97
145
148
174
864
589
584
587
98
125
126
174
678
582
592
317
98
125
173
174
679
593
591
579
98
146
173
174
867
592
583
580
99
106
107
155
697
601
595
320
99
106
154
155
698
596
594
598
99
147
154
155
870
595
602
599
99
106
123
171
703
604
598
323
99
106
154
171
704
599
597
595
99
147
154
171
873
598
605
596
99
107
133
181
558
603
601
326
99
107
155
181
559
602
600
594
99
147
155
181
876
601
605
596
99
123
133
181
702
600
604
329
99
123
171
181
703
605
603
597
99
147
171
181
879
604
602
599
100
103
118
166
676
618
607
332
100
103
151
166
677
608
606
610
100
148
151
166
882
607
620
611
100
103
126
174
678
588
610
335
100
103
151
174
680
611
609
607
100
148
151
174
885
610
589
608
100
104
132
180
688
648
613
338
100
104
152
180
689
614
612
616
100
148
152
180
888
613
650
617
100
104
140
188
687
654
616
341
100
104
152
188
689
617
615
613
100
148
152
188
891
616
656
614
100
106
118
166
700
606
619
344
100
106
154
166
701
620
618
622
100
148
154
166
894
619
608
623
100
106
127
175
696
645
622
347
100
106
154
175
698
623
621
619
100
148
154
175
897
622
647
620
100
113
124
172
753
649
625
350
100
113
161
172
755
626
624
628
100
148
161
172
900
625
650
629
100
113
129
177
757
636
628
353
100
113
161
177
758
629
627
625
100
148
161
177
903
628
638
626
100
114
120
168
760
643
631
356
100
114
162
168
761
632
630
634
100
148
162
168
906
631
644
635
100
114
134
182
765
655
634
359
100
114
162
182
767
635
633
631
100
148
162
182
909
634
656
632
100
116
129
177
781
627
637
362
100
116
164
177
782
638
636
640
100
148
164
177
912
637
629
641
100
116
138
186
777
651
640
365
100
116
164
186
779
641
639
637
100
148
164
186
915
640
653
638
100
120
122
170
759
646
643
368
100
120
168
170
760
644
642
630
100
148
168
170
918
643
647
632
100
122
127
175
693
621
646
371
100
122
170
175
694
647
645
642
100
148
170
175
921
646
623
644
100
124
132
180
817
612
649
374
100
124
172
180
818
650
648
624
100
148
172
180
924
649
614
626
100
125
138
186
819
639
652
377
100
125
173
186
821
653
651
585
100
148
173
186
927
652
641
586
100
134
140
188
826
615
655
380
100
134
182
188
827
656
654
633
100
148
182
188
930
655
617
635
101
111
113
161
564
664
658
383
101
111
159
161
565
659
657
661
101
149
159
161
933
658
665
662
101
111
141
189
729
663
661
386
101
111
159
189
730
662
660
658
101
149
159
189
936
661
665
659
101
113
141
189
735
660
664
389
101
113
161
189
736
665
663
657
101
149
161
189
939
664
662
659
102
105
107
155
691
552
667
392
102
105
153
155
692
668
666
670
102
150
153
155
942
667
553
671
102
105
122
170
694
672
670
395
102
105
153
170
695
671
669
667
102
150
153
170
945
670
674
668
102
109
122
170
732
669
673
398
102
109
157
170
734
674
672
555
102
150
157
170
948
673
671
556
103
118
139
187
801
684
676
401
103
118
166
187
803
677
675
606
103
151
166
187
951
676
686
607
103
125
126
174
591
609
679
404
103
125
173
174
592
680
678
682
103
151
173
174
954
679
610
683
103
125
129
177
783
685
682
407
103
125
173
177
784
683
681
679
103
151
173
177
957
682
686
680
103
129
139
187
756
675
685
410
103
129
177
187
757
686
684
681
103
151
177
187
960
685
677
683
104
132
140
188
816
615
688
413
104
132
180
188
817
689
687
612
104
152
180
188
963
688
616
613
105
107
127
175
696
693
691
416
105
107
155
175
697
692
690
666
105
153
155
175
966
691
695
667
105
122
127
175
645
690
694
419
105
122
170
175
646
695
693
669
105
153
170
175
969
694
692
670
106
107
127
175
690
621
697
422
106
107
155
175
691
698
696
594
106
154
155
175
972
697
622
595
106
118
128
176
799
706
700
425
106
118
166
176
800
701
699
618
106
154
166
176
975
700
707
619
106
123
133
181
603
709
703
428
106
123
171
181
604
704
702
597
106
154
171
181
978
703
710
598
106
128
136
184
822
708
706
431
106
128
176
184
824
707
705
699
106
154
176
184
981
706
710
701
106
133
136
184
750
705
709
434
106
133
181
184
751
710
708
702
106
154
181
184
984
709
707
704
108
110
125
173
739
727
712
437
108
110
158
173
740
713
711
715
108
156
158
173
987
712
728
716
108
110
137
185
738
723
715
440
108
110
158
185
740
716
714
712
108
156
158
185
990
715
725
713
108
115
121
169
769
724
718
443
108
115
163
169
770
719
717
721
108
156
163
169
993
718
725
722
108
115
143
191
771
726
721
446
108
115
163
191
773
722
720
718
108
156
163
191
996
721
728
719
108
121
137
185
768
714
724
449
108
121
169
185
769
725
723
717
108
156
169
185
999
724
716
719
108
125
143
191
786
720
727
452
108
125
173
191
787
728
726
711
108
156
173
191
1002
727
722
713
109
111
141
189
660
735
730
455
109
111
159
189
661
731
729
561
109
157
159
189
1005
730
737
562
109
113
122
170
754
672
733
458
109
113
161
170
755
734
732
736
109
157
161
170
1008
733
673
737
109
113
141
189
663
729
736
461
109
113
161
189
664
737
735
733
109
157
161
189
1011
736
731
734
110
125
137
185
820
714
739
464
110
125
173
185
821
740
738
711
110
158
173
185
1014
739
715
712
112
130
133
181
576
751
742
467
112
130
178
181
577
743
741
567
112
160
178
181
1017
742
752
568
112
131
136
184
822
750
745
470
112
131
179
184
823
746
744
748
112
160
179
184
1020
745
752
749
112
131
139
187
801
570
748
473
112
131
179
187
802
749
747
745
112
160
179
187
1023
748
571
746
112
133
136
184
708
744
751
476
112
133
181
184
709
752
750
741
112
160
181
184
1026
751
746
743
113
122
124
172
762
624
754
479
113
122
170
172
763
755
753
732
113
161
170
172
1029
754
625
733
113
129
139
187
684
573
757
482
113
129
177
187
685
758
756
627
113
161
177
187
1032
757
574
628
114
120
122
170
642
763
760
485
114
120
168
170
643
761
759
630
114
162
168
170
1035
760
764
631
114
122
124
172
753
766
763
488
114
122
170
172
754
764
762
759
114
162
170
172
1038
763
767
761
114
124
134
182
804
633
766
491
114
124
172
182
805
767
765
762
114
162
172
182
1041
766
634
764
115
121
137
185
723
772
769
494
115
121
169
185
724
770
768
717
115
163
169
185
1044
769
773
718
115
137
143
191
795
720
772
497
115
137
185
191
796
773
771
768
115
163
185
191
1047
772
721
770
116
117
135
183
789
780
775
500
116
117
165
183
791
776
774
778
116
164
165
183
1050
775
782
779
116
117
138
186
792
639
778
503
116
117
165
186
794
779
777
775
116
164
165
186
1053
778
640
776
116
129
135
183
789
774
781
506
116
129
177
183
790
782
780
636
116
164
177
183
1056
781
776
637
117
125
129
177
681
790
784
509
117
125
173
177
682
785
783
787
117
165
173
177
1059
784
791
788
117
125
143
191
726
795
787
512
117
125
173
191
727
788
786
784
117
165
173
191
1062
787
797
785
117
129
135
183
780
774
790
515
117
129
177
183
781
791
789
783
117
165
177
183
1065
790
775
785
117
137
138
186
819
777
793
518
117
137
185
186
820
794
792
796
117
165
185
186
1068
793
778
797
117
137
143
191
771
786
796
521
117
137
185
191
772
797
795
793
117
165
185
191
1071
796
788
794
118
128
131
179
823
802
799
524
118
128
176
179
824
800
798
699
118
166
176
179
1074
799
803
700
118
131
139
187
747
675
802
527
118
131
179
187
748
803
801
798
118
166
179
187
1077
802
676
800
119
124
134
182
765
811
805
530
119
124
172
182
766
806
804
808
119
167
172
182
1080
805
812
809
119
124
140
188
816
814
808
533
119
124
172
188
818
809
807
805
119
167
172
188
1083
808
815
806
119
134
142
190
825
813
811
536
119
134
182
190
827
812
810
804
119
167
182
190
1086
811
815
806
119
140
142
190
825
810
814
539
119
140
188
190
826
815
813
807
119
167
188
190
1089
814
812
809
124
132
140
188
687
807
817
542
124
132
180
188
688
818
816
648
124
172
180
188
1092
817
808
649
125
137
138
186
792
651
820
545
125
137
185
186
793
821
819
738
125
173
185
186
1095
820
652
739
128
131
136
184
744
705
823
548
128
131
179
184
745
824
822
798
128
176
179
184
1098
823
706
799
134
140
142
190
813
810
826
551
134
140
188
190
814
827
825
654
134
182
188
190
1101
826
811
655
144
150
155
11
942
835
829
554
144
150
6
11
944
830
828
832
144
0
6
11
0
829
836
833
144
150
157
13
949
838
832
557
144
150
6
13
950
833
831
829
144
0
6
13
3
832
839
830
144
155
181
37
876
852
835
560
144
155
11
37
877
836
834
828
144
0
11
37
6
835
854
830
144
157
159
15
1006
841
838
563
144
157
13
15
1007
839
837
831
144
0
13
15
9
838
842
833
144
159
161
17
933
850
841
566
144
159
15
17
934
842
840
837
144
0
15
17
12
841
851
839
144
160
178
34
1018
853
844
569
144
160
16
34
1019
845
843
847
144
0
16
34
15
844
854
848
144
160
187
43
1023
849
847
572
144
160
16
43
1025
848
846
844
144
0
16
43
18
847
851
845
144
161
187
43
1032
846
850
575
144
161
17
43
1034
851
849
840
144
0
17
43
21
850
848
842
144
178
181
37
1017
834
853
578
144
178
34
37
1018
854
852
843
144
0
34
37
24
853
836
845
145
146
173
29
868
861
856
581
145
146
2
29
869
857
855
859
145
1
2
29
27
856
863
860
145
146
174
30
867
864
859
584
145
146
2
30
869
860
858
856
145
1
2
30
30
859
866
857
145
148
173
29
928
855
862
587
145
148
4
29
929
863
861
865
145
1
4
29
33
862
857
866
145
148
174
30
885
858
865
590
145
148
4
30
887
866
864
862
145
1
4
30
36
865
860
863
146
173
174
30
954
858
868
593
146
173
29
30
955
869
867
855
146
2
29
30
39
868
859
856
147
154
155
11
973
877
871
596
147
154
10
11
974
872
870
874
147
3
10
11
42
871
878
875
147
154
171
27
979
880
874
599
147
154
10
27
980
875
873
871
147
3
10
27
45
874
881
872
147
155
181
37
834
879
877
602
147
155
11
37
835
878
876
870
147
3
11
37
48
877
881
872
147
171
181
37
978
876
880
605
147
171
27
37
979
881
879
873
147
3
27
37
51
880
878
875
148
151
166
22
952
894
883
608
148
151
7
22
953
884
882
886
148
4
7
22
54
883
896
887
148
151
174
30
954
864
886
611
148
151
7
30
956
887
885
883
148
4
7
30
57
886
865
884
148
152
180
36
964
924
889
614
148
152
8
36
965
890
888
892
148
4
8
36
60
889
926
893
148
152
188
44
963
930
892
617
148
152
8
44
965
893
891
889
148
4
8
44
63
892
932
890
148
154
166
22
976
882
895
620
148
154
10
22
977
896
894
898
148
4
10
22
66
895
884
899
148
154
175
31
972
921
898
623
148
154
10
31
974
899
897
895
148
4
10
31
69
898
923
896
148
161
172
28
1029
925
901
626
148
161
17
28
1031
902
900
904
148
4
17
28
72
901
926
905
148
161
177
33
1033
912
904
629
148
161
17
33
1034
905
903
901
148
4
17
33
75
904
914
902
148
162
168
24
1036
919
907
632
148
162
18
24
1037
908
906
910
148
4
18
24
78
907
920
911
148
162
182
38
1041
931
910
635
148
162
18
38
1043
911
909
907
148
4
18
38
81
910
932
908
148
164
177
33
1057
903
913
638
148
164
20
33
1058
914
912
916
148
4
20
33
84
913
905
917
148
164
186
42
1053
927
916
641
148
164
20
42
1055
917
915
913
148
4
20
42
87
916
929
914
148
168
170
26
1035
922
919
644
148
168
24
26
1036
920
918
906
148
4
24
26
90
919
923
908
148
170
175
31
969
897
922
647
148
170
26
31
970
923
921
918
148
4
26
31
93
922
899
920
148
172
180
36
1093
888
925
650
148
172
28
36
1094
926
924
900
148
4
28
36
96
925
890
902
148
173
186
42
1095
915
928
653
148
173
29
42
1097
929
927
861
148
4
29
42
99
928
917
862
148
182
188
44
1102
891
931
656
148
182
38
44
1103
932
930
909
148
4
38
44
102
931
893
911
149
159
161
17
840
940
934
659
149
159
15
17
841
935
933
937
149
5
15
17
105
934
941
938
149
159
189
45
1005
939
937
662
149
159
15
45
1006
938
936
934
149
5
15
45
108
937
941
935
149
161
189
45
1011
936
940
665
149
161
17
45
1012
941
939
933
149
5
17
45
111
940
938
935
150
153
155
11
967
828
943
668
150
153
9
11
968
944
942
946
150
6
9
11
114
943
829
947
150
153
170
26
970
948
946
671
150
153
9
26
971
947
945
943
150
6
9
26
117
946
950
944
150
157
170
26
1008
945
949
674
150
157
13
26
1010
950
948
831
150
6
13
26
120
949
947
832
151
166
187
43
1077
960
952
677
151
166
22
43
1079
953
951
882
151
7
22
43
123
952
962
883
151
173
174
30
867
885
955
680
151
173
29
30
868
956
954
958
151
7
29
30
126
955
886
959
151
173
177
33
1059
961
958
683
151
173
29
33
1060
959
957
955
151
7
29
33
129
958
962
956
151
177
187
43
1032
951
961
686
151
177
33
43
1033
962
960
957
151
7
33
43
132
961
953
959
152
180
188
44
1092
891
964
689
152
180
36
44
1093
965
963
888
152
8
36
44
135
964
892
889
153
155
175
31
972
969
967
692
153
155
11
31
973
968
966
942
153
9
11
31
138
967
971
943
153
170
175
31
921
966
970
695
153
170
26
31
922
971
969
945
153
9
26
31
141
970
968
946
154
155
175
31
966
897
973
698
154
155
11
31
967
974
972
870
154
10
11
31
144
973
898
871
154
166
176
32
1075
982
976
701
154
166
22
32
1076
977
975
894
154
10
22
32
147
976
983
895
154
171
181
37
879
985
979
704
154
171
27
37
880
980
978
873
154
10
27
37
150
979
986
874
154
176
184
40
1098
984
982
707
154
176
32
40
1100
983
981
975
154
10
32
40
153
982
986
977
154
181
184
40
1026
981
985
710
154
181
37
40
1027
986
984
978
154
10
37
40
156
985
983
980
156
158
173
29
1015
1003
988
713
156
158
14
29
1016
989
987
991
156
12
14
29
159
988
1004
992
156
158
185
41
1014
999
991
716
156
158
14
41
1016
992
990
988
156
12
14
41
162
991
1001
989
156
163
169
25
1045
1000
994
719
156
163
19
25
1046
995
993
997
156
12
19
25
165
994
1001
998
156
163
191
47
1047
1002
997
722
156
163
19
47
1049
998
996
994
156
12
19
47
168
997
1004
995
156
169
185
41
1044
990
1000
725
156
169
25
41
1045
1001
999
993
156
12
25
41
171
1000
992
995
156
173
191
47
1062
996
1003
728
156
173
29
47
1063
1004
1002
987
156
12
29
47
174
1003
998
989
157
159
189
45
936
1011
1006
731
157
159
15
45
937
1007
1005
837
157
13
15
45
177
1006
1013
838
157
161
170
26
1030
948
1009
734
157
161
17
26
1031
1010
1008
1012
157
13
17
26
180
1009
949
1013
157
161
189
45
939
1005
1012
737
157
161
17
45
940
1013
1011
1009
157
13
17
45
183
1012
1007
1010
158
173
185
41
1096
990
1015
740
158
173
29
41
1097
1016
1014
987
158
14
29
41
186
1015
991
988
160
178
181
37
852
1027
1018
743
160
178
34
37
853
1019
1017
843
160
16
34
37
189
1018
1028
844
160
179
184
40
1098
1026
1021
746
160
179
35
40
1099
1022
1020
1024
160
16
35
40
192
1021
1028
1025
160
179
187
43
1077
846
1024
749
160
179
35
43
1078
1025
1023
1021
160
16
35
43
195
1024
847
1022
160
181
184
40
984
1020
1027
752
160
181
37
40
985
1028
1026
1017
160
16
37
40
198
1027
1022
1019
161
170
172
28
1038
900
1030
755
161
170
26
28
1039
1031
1029
1008
161
17
26
28
201
1030
901
1009
161
177
187
43
960
849
1033
758
161
177
33
43
961
1034
1032
903
161
17
33
43
204
1033
850
904
162
168
170
26
918
1039
1036
761
162
168
24
26
919
1037
1035
906
162
18
24
26
207
1036
1040
907
162
170
172
28
1029
1042
1039
764
162
170
26
28
1030
1040
1038
1035
162
18
26
28
210
1039
1043
1037
162
172
182
38
1080
909
1042
767
162
172
28
38
1081
1043
1041
1038
162
18
28
38
213
1042
910
1040
163
169
185
41
999
1048
1045
770
163
169
25
41
1000
1046
1044
993
163
19
25
41
216
1045
1049
994
163
185
191
47
1071
996
1048
773
163
185
41
47
1072
1049
1047
1044
163
19
41
47
219
1048
997
1046
164
165
183
39
1065
1056
1051
776
164
165
21
39
1067
1052
1050
1054
164
20
21
39
222
1051
1058
1055
164
165
186
42
1068
915
1054
779
164
165
21
42
1070
1055
1053
1051
164
20
21
42
225
1054
916
1052
164
177
183
39
1065
1050
1057
782
164
177
33
39
1066
1058
1056
912
164
20
33
39
228
1057
1052
913
165
173
177
33
957
1066
1060
785
165
173
29
33
958
1061
1059
1063
165
21
29
33
231
1060
1067
1064
165
173
191
47
1002
1071
1063
788
165
173
29
47
1003
1064
1062
1060
165
21
29
47
234
1063
1073
1061
165
177
183
39
1056
1050
1066
791
165
177
33
39
1057
1067
1065
1059
165
21
33
39
237
1066
1051
1061
165
185
186
42
1095
1053
1069
794
165
185
41
42
1096
1070
1068
1072
165
21
41
42
240
1069
1054
1073
165
185
191
47
1047
1062
1072
797
165
185
41
47
1048
1073
1071
1069
165
21
41
47
243
1072
1064
1070
166
176
179
35
1099
1078
1075
800
166
176
32
35
1100
1076
1074
975
166
22
32
35
246
1075
1079
976
166
179
187
43
1023
951
1078
803
166
179
35
43
1024
1079
1077
1074
166
22
35
43
249
1078
952
1076
167
172
182
38
1041
1087
1081
806
167
172
28
38
1042
1082
1080
1084
167
23
28
38
252
1081
1088
1085
167
172
188
44
1092
1090
1084
809
167
172
28
44
1094
1085
1083
1081
167
23
28
44
255
1084
1091
1082
167
182
190
46
1101
1089
1087
812
167
182
38
46
1103
1088
1086
1080
167
23
38
46
258
1087
1091
1082
167
188
190
46
1101
1086
1090
815
167
188
44
46
1102
1091
1089
1083
167
23
44
46
261
1090
1088
1085
172
180
188
44
963
1083
1093
818
172
180
36
44
964
1094
1092
924
172
28
36
44
264
1093
1084
925
173
185
186
42
1068
927
1096
821
173
185
41
42
1069
1097
1095
1014
173
29
41
42
267
1096
928
1015
176
179
184
40
1020
981
1099
824
176
179
35
40
1021
1100
1098
1074
176
32
35
40
270
1099
982
1075
182
188
190
46
1089
1086
1102
827
182
188
44
46
1090
1103
1101
930
182
38
44
46
273
1102
1087
931
1104
