1
96
0
0
0
0
0
0
0
0
0
0
0
0
0
0
0
0
0
0
0
0
0
0
0
0
1
1
1
1
1
1
1
1
1
1
1
1
1
1
1
1
1
1
1
1
1
1
1
1
2
2
2
2
2
2
2
2
2
2
2
2
2
2
2
2
2
2
2
2
2
2
2
2
3
3
3
3
3
3
3
3
3
3
3
3
3
3
3
3
3
3
3
3
3
3
3
3
96
528
0
4
8
32
76
19
1
398
0
4
28
32
77
2
0
4
0
24
28
32
132
1
20
5
0
4
16
40
54
15
4
401
0
4
28
40
55
5
3
1
0
24
28
40
135
4
17
2
0
5
14
38
82
18
7
404
0
5
29
38
83
8
6
10
0
24
29
38
138
7
20
11
0
5
19
43
78
21
10
407
0
5
29
43
80
11
9
7
0
24
29
43
141
10
23
8
0
6
11
35
84
22
13
410
0
6
30
35
86
14
12
16
0
24
30
35
144
13
23
17
0
6
16
40
87
3
16
413
0
6
30
40
89
17
15
13
0
24
30
40
147
16
5
14
0
8
14
38
103
6
19
416
0
8
32
38
104
20
18
0
0
24
32
38
150
19
8
2
0
11
19
43
78
9
22
419
0
11
35
43
79
23
21
12
0
24
35
43
153
22
11
14
1
2
5
29
36
31
25
422
1
2
26
29
38
26
24
28
1
25
26
29
156
25
32
29
1
2
23
47
48
33
28
425
1
2
26
47
50
29
27
25
1
25
26
47
159
28
35
26
1
5
11
35
79
34
31
428
1
5
29
35
80
32
30
24
1
25
29
35
162
31
35
26
1
11
23
47
105
27
34
431
1
11
35
47
107
35
33
30
1
25
35
47
165
34
29
32
2
3
5
29
58
24
37
434
2
3
27
29
59
38
36
40
2
26
27
29
168
37
25
41
2
3
16
40
54
42
40
437
2
3
27
40
56
41
39
37
2
26
27
40
171
40
44
38
2
9
16
40
90
39
43
440
2
9
33
40
91
44
42
46
2
26
33
40
174
43
41
47
2
9
18
42
93
49
46
443
2
9
33
42
94
47
45
43
2
26
33
42
177
46
50
44
2
18
23
47
105
27
49
446
2
18
42
47
106
50
48
45
2
26
42
47
180
49
28
47
3
4
10
34
75
60
52
449
3
4
28
34
77
53
51
55
3
27
28
34
183
52
62
56
3
4
16
40
3
39
55
452
3
4
28
40
4
56
54
52
3
27
28
40
186
55
40
53
3
5
21
45
81
69
58
455
3
5
29
45
83
59
57
36
3
27
29
45
189
58
71
37
3
8
10
34
75
51
61
458
3
8
32
34
76
62
60
64
3
27
32
34
192
61
53
65
3
8
13
37
100
73
64
461
3
8
32
37
101
65
63
61
3
27
32
37
195
64
74
62
3
12
15
39
115
72
67
464
3
12
36
39
116
68
66
70
3
27
36
39
198
67
74
71
3
12
21
45
117
57
70
467
3
12
36
45
119
71
69
67
3
27
36
45
201
70
59
68
3
13
15
39
99
66
73
470
3
13
37
39
100
74
72
63
3
27
37
39
204
73
68
65
4
8
10
34
60
51
76
473
4
8
32
34
61
77
75
0
4
28
32
34
207
76
52
1
5
11
19
43
21
9
79
476
5
11
35
43
22
80
78
30
5
29
35
43
210
79
10
31
5
14
21
45
127
57
82
479
5
14
38
45
128
83
81
6
5
29
38
45
213
82
58
7
6
7
11
35
97
12
85
482
6
7
31
35
98
86
84
88
6
30
31
35
216
85
13
89
6
7
16
40
90
15
88
485
6
7
31
40
92
89
87
85
6
30
31
40
219
88
16
86
7
9
16
40
42
87
91
488
7
9
33
40
43
92
90
94
7
31
33
40
222
91
88
95
7
9
18
42
45
96
94
491
7
9
33
42
46
95
93
91
7
31
33
42
225
94
98
92
7
11
18
42
106
93
97
494
7
11
35
42
107
98
96
84
7
31
35
42
228
97
95
85
8
13
15
39
72
102
100
497
8
13
37
39
73
101
99
63
8
32
37
39
231
100
104
64
8
14
15
39
124
99
103
500
8
14
38
39
125
104
102
18
8
32
38
39
234
103
101
19
11
18
23
47
48
33
106
503
11
18
42
47
49
107
105
96
11
35
42
47
237
106
34
97
12
14
20
44
123
114
109
506
12
14
38
44
125
110
108
112
12
36
38
44
240
109
116
113
12
14
22
46
126
120
112
509
12
14
38
46
128
113
111
109
12
36
38
46
243
112
122
110
12
15
20
44
123
108
115
512
12
15
39
44
124
116
114
66
12
36
39
44
246
115
110
67
12
17
21
45
130
69
118
515
12
17
41
45
131
119
117
121
12
36
41
45
249
118
70
122
12
17
22
46
129
111
121
518
12
17
41
46
131
122
120
118
12
36
41
46
252
121
113
119
14
15
20
44
114
108
124
521
14
15
39
44
115
125
123
102
14
38
39
44
255
124
109
103
14
21
22
46
129
111
127
524
14
21
45
46
130
128
126
81
14
38
45
46
258
127
112
82
17
21
22
46
126
120
130
527
17
21
45
46
127
131
129
117
17
41
45
46
261
130
121
118
24
28
32
56
208
151
133
2
24
28
52
56
209
134
132
136
24
48
52
56
264
133
152
137
24
28
40
64
186
147
136
5
24
28
52
64
187
137
135
133
24
48
52
64
267
136
149
134
24
29
38
62
214
150
139
8
24
29
53
62
215
140
138
142
24
48
53
62
270
139
152
143
24
29
43
67
210
153
142
11
24
29
53
67
212
143
141
139
24
48
53
67
273
142
155
140
24
30
35
59
216
154
145
14
24
30
54
59
218
146
144
148
24
48
54
59
276
145
155
149
24
30
40
64
219
135
148
17
24
30
54
64
221
149
147
145
24
48
54
64
279
148
137
146
24
32
38
62
235
138
151
20
24
32
56
62
236
152
150
132
24
48
56
62
282
151
140
134
24
35
43
67
210
141
154
23
24
35
59
67
211
155
153
144
24
48
59
67
285
154
143
146
25
26
29
53
168
163
157
26
25
26
50
53
170
158
156
160
25
49
50
53
288
157
164
161
25
26
47
71
180
165
160
29
25
26
50
71
182
161
159
157
25
49
50
71
291
160
167
158
25
29
35
59
211
166
163
32
25
29
53
59
212
164
162
156
25
49
53
59
294
163
167
158
25
35
47
71
237
159
166
35
25
35
59
71
239
167
165
162
25
49
59
71
297
166
161
164
26
27
29
53
190
156
169
38
26
27
51
53
191
170
168
172
26
50
51
53
300
169
157
173
26
27
40
64
186
174
172
41
26
27
51
64
188
173
171
169
26
50
51
64
303
172
176
170
26
33
40
64
222
171
175
44
26
33
57
64
223
176
174
178
26
50
57
64
306
175
173
179
26
33
42
66
225
181
178
47
26
33
57
66
226
179
177
175
26
50
57
66
309
178
182
176
26
42
47
71
237
159
181
50
26
42
66
71
238
182
180
177
26
50
66
71
312
181
160
179
27
28
34
58
207
192
184
53
27
28
52
58
209
185
183
187
27
51
52
58
315
184
194
188
27
28
40
64
135
171
187
56
27
28
52
64
136
188
186
184
27
51
52
64
318
187
172
185
27
29
45
69
213
201
190
59
27
29
53
69
215
191
189
168
27
51
53
69
321
190
203
169
27
32
34
58
207
183
193
62
27
32
56
58
208
194
192
196
27
51
56
58
324
193
185
197
27
32
37
61
232
205
196
65
27
32
56
61
233
197
195
193
27
51
56
61
327
196
206
194
27
36
39
63
247
204
199
68
27
36
60
63
248
200
198
202
27
51
60
63
330
199
206
203
27
36
45
69
249
189
202
71
27
36
60
69
251
203
201
199
27
51
60
69
333
202
191
200
27
37
39
63
231
198
205
74
27
37
61
63
232
206
204
195
27
51
61
63
336
205
200
197
28
32
34
58
192
183
208
77
28
32
56
58
193
209
207
132
28
52
56
58
339
208
184
133
29
35
43
67
153
141
211
80
29
35
59
67
154
212
210
162
29
53
59
67
342
211
142
163
29
38
45
69
259
189
214
83
29
38
62
69
260
215
213
138
29
53
62
69
345
214
190
139
30
31
35
59
229
144
217
86
30
31
55
59
230
218
216
220
30
54
55
59
348
217
145
221
30
31
40
64
222
147
220
89
30
31
55
64
224
221
219
217
30
54
55
64
351
220
148
218
31
33
40
64
174
219
223
92
31
33
57
64
175
224
222
226
31
55
57
64
354
223
220
227
31
33
42
66
177
228
226
95
31
33
57
66
178
227
225
223
31
55
57
66
357
226
230
224
31
35
42
66
238
225
229
98
31
35
59
66
239
230
228
216
31
55
59
66
360
229
227
217
32
37
39
63
204
234
232
101
32
37
61
63
205
233
231
195
32
56
61
63
363
232
236
196
32
38
39
63
256
231
235
104
32
38
62
63
257
236
234
150
32
56
62
63
366
235
233
151
35
42
47
71
180
165
238
107
35
42
66
71
181
239
237
228
35
59
66
71
369
238
166
229
36
38
44
68
255
246
241
110
36
38
62
68
257
242
240
244
36
60
62
68
372
241
248
245
36
38
46
70
258
252
244
113
36
38
62
70
260
245
243
241
36
60
62
70
375
244
254
242
36
39
44
68
255
240
247
116
36
39
63
68
256
248
246
198
36
60
63
68
378
247
242
199
36
41
45
69
262
201
250
119
36
41
65
69
263
251
249
253
36
60
65
69
381
250
202
254
36
41
46
70
261
243
253
122
36
41
65
70
263
254
252
250
36
60
65
70
384
253
245
251
38
39
44
68
246
240
256
125
38
39
63
68
247
257
255
234
38
62
63
68
387
256
241
235
38
45
46
70
261
243
259
128
38
45
69
70
262
260
258
213
38
62
69
70
390
259
244
214
41
45
46
70
258
252
262
131
41
45
69
70
259
263
261
249
41
65
69
70
393
262
253
250
48
52
56
80
340
283
265
134
48
52
76
80
341
266
264
268
48
72
76
80
396
265
284
269
48
52
64
88
318
279
268
137
48
52
76
88
319
269
267
265
48
72
76
88
399
268
281
266
48
53
62
86
346
282
271
140
48
53
77
86
347
272
270
274
48
72
77
86
402
271
284
275
48
53
67
91
342
285
274
143
48
53
77
91
344
275
273
271
48
72
77
91
405
274
287
272
48
54
59
83
348
286
277
146
48
54
78
83
350
278
276
280
48
72
78
83
408
277
287
281
48
54
64
88
351
267
280
149
48
54
78
88
353
281
279
277
48
72
78
88
411
280
269
278
48
56
62
86
367
270
283
152
48
56
80
86
368
284
282
264
48
72
80
86
414
283
272
266
48
59
67
91
342
273
286
155
48
59
83
91
343
287
285
276
48
72
83
91
417
286
275
278
49
50
53
77
300
295
289
158
49
50
74
77
302
290
288
292
49
73
74
77
420
289
296
293
49
50
71
95
312
297
292
161
49
50
74
95
314
293
291
289
49
73
74
95
423
292
299
290
49
53
59
83
343
298
295
164
49
53
77
83
344
296
294
288
49
73
77
83
426
295
299
290
49
59
71
95
369
291
298
167
49
59
83
95
371
299
297
294
49
73
83
95
429
298
293
296
50
51
53
77
322
288
301
170
50
51
75
77
323
302
300
304
50
74
75
77
432
301
289
305
50
51
64
88
318
306
304
173
50
51
75
88
320
305
303
301
50
74
75
88
435
304
308
302
50
57
64
88
354
303
307
176
50
57
81
88
355
308
306
310
50
74
81
88
438
307
305
311
50
57
66
90
357
313
310
179
50
57
81
90
358
311
309
307
50
74
81
90
441
310
314
308
50
66
71
95
369
291
313
182
50
66
90
95
370
314
312
309
50
74
90
95
444
313
292
311
51
52
58
82
339
324
316
185
51
52
76
82
341
317
315
319
51
75
76
82
447
316
326
320
51
52
64
88
267
303
319
188
51
52
76
88
268
320
318
316
51
75
76
88
450
319
304
317
51
53
69
93
345
333
322
191
51
53
77
93
347
323
321
300
51
75
77
93
453
322
335
301
51
56
58
82
339
315
325
194
51
56
80
82
340
326
324
328
51
75
80
82
456
325
317
329
51
56
61
85
364
337
328
197
51
56
80
85
365
329
327
325
51
75
80
85
459
328
338
326
51
60
63
87
379
336
331
200
51
60
84
87
380
332
330
334
51
75
84
87
462
331
338
335
51
60
69
93
381
321
334
203
51
60
84
93
383
335
333
331
51
75
84
93
465
334
323
332
51
61
63
87
363
330
337
206
51
61
85
87
364
338
336
327
51
75
85
87
468
337
332
329
52
56
58
82
324
315
340
209
52
56
80
82
325
341
339
264
52
76
80
82
471
340
316
265
53
59
67
91
285
273
343
212
53
59
83
91
286
344
342
294
53
77
83
91
474
343
274
295
53
62
69
93
391
321
346
215
53
62
86
93
392
347
345
270
53
77
86
93
477
346
322
271
54
55
59
83
361
276
349
218
54
55
79
83
362
350
348
352
54
78
79
83
480
349
277
353
54
55
64
88
354
279
352
221
54
55
79
88
356
353
351
349
54
78
79
88
483
352
280
350
55
57
64
88
306
351
355
224
55
57
81
88
307
356
354
358
55
79
81
88
486
355
352
359
55
57
66
90
309
360
358
227
55
57
81
90
310
359
357
355
55
79
81
90
489
358
362
356
55
59
66
90
370
357
361
230
55
59
83
90
371
362
360
348
55
79
83
90
492
361
359
349
56
61
63
87
336
366
364
233
56
61
85
87
337
365
363
327
56
80
85
87
495
364
368
328
56
62
63
87
388
363
367
236
56
62
86
87
389
368
366
282
56
80
86
87
498
367
365
283
59
66
71
95
312
297
370
239
59
66
90
95
313
371
369
360
59
83
90
95
501
370
298
361
60
62
68
92
387
378
373
242
60
62
86
92
389
374
372
376
60
84
86
92
504
373
380
377
60
62
70
94
390
384
376
245
60
62
86
94
392
377
375
373
60
84
86
94
507
376
386
374
60
63
68
92
387
372
379
248
60
63
87
92
388
380
378
330
60
84
87
92
510
379
374
331
60
65
69
93
394
333
382
251
60
65
89
93
395
383
381
385
60
84
89
93
513
382
334
386
60
65
70
94
393
375
385
254
60
65
89
94
395
386
384
382
60
84
89
94
516
385
377
383
62
63
68
92
378
372
388
257
62
63
87
92
379
389
387
366
62
86
87
92
519
388
373
367
62
69
70
94
393
375
391
260
62
69
93
94
394
392
390
345
62
86
93
94
522
391
376
346
65
69
70
94
390
384
394
263
65
69
93
94
391
395
393
381
65
89
93
94
525
394
385
382
72
76
80
8
472
415
397
266
72
76
4
8
473
398
396
400
72
0
4
8
0
397
416
401
72
76
88
16
450
411
400
269
72
76
4
16
451
401
399
397
72
0
4
16
3
400
413
398
72
77
86
14
478
414
403
272
72
77
5
14
479
404
402
406
72
0
5
14
6
403
416
407
72
77
91
19
474
417
406
275
72
77
5
19
476
407
405
403
72
0
5
19
9
406
419
404
72
78
83
11
480
418
409
278
72
78
6
11
482
410
408
412
72
0
6
11
12
409
419
413
72
78
88
16
483
399
412
281
72
78
6
16
485
413
411
409
72
0
6
16
15
412
401
410
72
80
86
14
499
402
415
284
72
80
8
14
500
416
414
396
72
0
8
14
18
415
404
398
72
83
91
19
474
405
418
287
72
83
11
19
475
419
417
408
72
0
11
19
21
418
407
410
73
74
77
5
432
427
421
290
73
74
2
5
434
422
420
424
73
1
2
5
24
421
428
425
73
74
95
23
444
429
424
293
73
74
2
23
446
425
423
421
73
1
2
23
27
424
431
422
73
77
83
11
475
430
427
296
73
77
5
11
476
428
426
420
73
1
5
11
30
427
431
422
73
83
95
23
501
423
430
299
73
83
11
23
503
431
429
426
73
1
11
23
33
430
425
428
74
75
77
5
454
420
433
302
74
75
3
5
455
434
432
436
74
2
3
5
36
433
421
437
74
75
88
16
450
438
436
305
74
75
3
16
452
437
435
433
74
2
3
16
39
436
440
434
74
81
88
16
486
435
439
308
74
81
9
16
487
440
438
442
74
2
9
16
42
439
437
443
74
81
90
18
489
445
442
311
74
81
9
18
490
443
441
439
74
2
9
18
45
442
446
440
74
90
95
23
501
423
445
314
74
90
18
23
502
446
444
441
74
2
18
23
48
445
424
443
75
76
82
10
471
456
448
317
75
76
4
10
473
449
447
451
75
3
4
10
51
448
458
452
75
76
88
16
399
435
451
320
75
76
4
16
400
452
450
448
75
3
4
16
54
451
436
449
75
77
93
21
477
465
454
323
75
77
5
21
479
455
453
432
75
3
5
21
57
454
467
433
75
80
82
10
471
447
457
326
75
80
8
10
472
458
456
460
75
3
8
10
60
457
449
461
75
80
85
13
496
469
460
329
75
80
8
13
497
461
459
457
75
3
8
13
63
460
470
458
75
84
87
15
511
468
463
332
75
84
12
15
512
464
462
466
75
3
12
15
66
463
470
467
75
84
93
21
513
453
466
335
75
84
12
21
515
467
465
463
75
3
12
21
69
466
455
464
75
85
87
15
495
462
469
338
75
85
13
15
496
470
468
459
75
3
13
15
72
469
464
461
76
80
82
10
456
447
472
341
76
80
8
10
457
473
471
396
76
4
8
10
75
472
448
397
77
83
91
19
417
405
475
344
77
83
11
19
418
476
474
426
77
5
11
19
78
475
406
427
77
86
93
21
523
453
478
347
77
86
14
21
524
479
477
402
77
5
14
21
81
478
454
403
78
79
83
11
493
408
481
350
78
79
7
11
494
482
480
484
78
6
7
11
84
481
409
485
78
79
88
16
486
411
484
353
78
79
7
16
488
485
483
481
78
6
7
16
87
484
412
482
79
81
88
16
438
483
487
356
79
81
9
16
439
488
486
490
79
7
9
16
90
487
484
491
79
81
90
18
441
492
490
359
79
81
9
18
442
491
489
487
79
7
9
18
93
490
494
488
79
83
90
18
502
489
493
362
79
83
11
18
503
494
492
480
79
7
11
18
96
493
491
481
80
85
87
15
468
498
496
365
80
85
13
15
469
497
495
459
80
8
13
15
99
496
500
460
80
86
87
15
520
495
499
368
80
86
14
15
521
500
498
414
80
8
14
15
102
499
497
415
83
90
95
23
444
429
502
371
83
90
18
23
445
503
501
492
83
11
18
23
105
502
430
493
84
86
92
20
519
510
505
374
84
86
14
20
521
506
504
508
84
12
14
20
108
505
512
509
84
86
94
22
522
516
508
377
84
86
14
22
524
509
507
505
84
12
14
22
111
508
518
506
84
87
92
20
519
504
511
380
84
87
15
20
520
512
510
462
84
12
15
20
114
511
506
463
84
89
93
21
526
465
514
383
84
89
17
21
527
515
513
517
84
12
17
21
117
514
466
518
84
89
94
22
525
507
517
386
84
89
17
22
527
518
516
514
84
12
17
22
120
517
509
515
86
87
92
20
510
504
520
389
86
87
15
20
511
521
519
498
86
14
15
20
123
520
505
499
86
93
94
22
525
507
523
392
86
93
21
22
526
524
522
477
86
14
21
22
126
523
508
478
89
93
94
22
522
516
526
395
89
93
21
22
523
527
525
513
89
17
21
22
129
526
517
514
528
