1
48
0
0
0
0
0
0
0
0
0
0
0
0
1
1
1
1
1
1
1
1
1
1
1
1
2
2
2
2
2
2
2
2
2
2
2
2
3
3
3
3
3
3
3
3
3
3
3
3
48
240
0
6
9
21
42
6
1
182
0
6
18
21
43
2
0
4
0
12
18
21
60
1
8
5
0
6
11
23
57
9
4
185
0
6
18
23
59
5
3
1
0
12
18
23
63
4
11
2
0
8
9
21
48
0
7
188
0
8
20
21
49
8
6
10
0
12
20
21
66
7
2
11
0
8
11
23
51
3
10
191
0
8
20
23
52
11
9
7
0
12
20
23
69
10
5
8
1
2
7
19
25
18
13
194
1
2
14
19
26
14
12
16
1
13
14
19
72
13
20
17
1
2
9
21
28
21
16
197
1
2
14
21
29
17
15
13
1
13
14
21
75
16
23
14
1
4
7
19
30
12
19
200
1
4
16
19
31
20
18
22
1
13
16
19
78
19
14
23
1
4
9
21
42
15
22
203
1
4
16
21
44
23
21
19
1
13
16
21
81
22
17
20
2
7
11
23
36
27
25
206
2
7
19
23
37
26
24
12
2
14
19
23
84
25
29
13
2
9
11
23
54
24
28
209
2
9
21
23
55
29
27
15
2
14
21
23
87
28
26
16
3
4
7
19
18
37
31
212
3
4
16
19
19
32
30
34
3
15
16
19
90
31
38
35
3
4
10
22
45
40
34
215
3
4
16
22
47
35
33
31
3
15
16
22
93
34
41
32
3
7
11
23
24
39
37
218
3
7
19
23
25
38
36
30
3
15
19
23
96
37
41
32
3
10
11
23
57
36
40
221
3
10
22
23
58
41
39
33
3
15
22
23
99
40
38
35
4
6
9
21
0
21
43
224
4
6
18
21
1
44
42
46
4
16
18
21
102
43
22
47
4
6
10
22
58
33
46
227
4
6
18
22
59
47
45
43
4
16
18
22
105
46
34
44
5
8
9
21
6
55
49
230
5
8
20
21
7
50
48
52
5
17
20
21
108
49
56
53
5
8
11
23
9
54
52
233
5
8
20
23
10
53
51
49
5
17
20
23
111
52
56
50
5
9
11
23
27
51
55
236
5
9
21
23
28
56
54
48
5
17
21
23
114
55
53
50
6
10
11
23
39
3
58
239
6
10
22
23
40
59
57
45
6
18
22
23
117
58
4
46
12
18
21
33
102
66
61
2
12
18
30
33
103
62
60
64
12
24
30
33
120
61
68
65
12
18
23
35
117
69
64
5
12
18
30
35
119
65
63
61
12
24
30
35
123
64
71
62
12
20
21
33
108
60
67
8
12
20
32
33
109
68
66
70
12
24
32
33
126
67
62
71
12
20
23
35
111
63
70
11
12
20
32
35
112
71
69
67
12
24
32
35
129
70
65
68
13
14
19
31
85
78
73
14
13
14
26
31
86
74
72
76
13
25
26
31
132
73
80
77
13
14
21
33
88
81
76
17
13
14
26
33
89
77
75
73
13
25
26
33
135
76
83
74
13
16
19
31
90
72
79
20
13
16
28
31
91
80
78
82
13
25
28
31
138
79
74
83
13
16
21
33
102
75
82
23
13
16
28
33
104
83
81
79
13
25
28
33
141
82
77
80
14
19
23
35
96
87
85
26
14
19
31
35
97
86
84
72
14
26
31
35
144
85
89
73
14
21
23
35
114
84
88
29
14
21
33
35
115
89
87
75
14
26
33
35
147
88
86
76
15
16
19
31
78
97
91
32
15
16
28
31
79
92
90
94
15
27
28
31
150
91
98
95
15
16
22
34
105
100
94
35
15
16
28
34
107
95
93
91
15
27
28
34
153
94
101
92
15
19
23
35
84
99
97
38
15
19
31
35
85
98
96
90
15
27
31
35
156
97
101
92
15
22
23
35
117
96
100
41
15
22
34
35
118
101
99
93
15
27
34
35
159
100
98
95
16
18
21
33
60
81
103
44
16
18
30
33
61
104
102
106
16
28
30
33
162
103
82
107
16
18
22
34
118
93
106
47
16
18
30
34
119
107
105
103
16
28
30
34
165
106
94
104
17
20
21
33
66
115
109
50
17
20
32
33
67
110
108
112
17
29
32
33
168
109
116
113
17
20
23
35
69
114
112
53
17
20
32
35
70
113
111
109
17
29
32
35
171
112
116
110
17
21
23
35
87
111
115
56
17
21
33
35
88
116
114
108
17
29
33
35
174
115
113
110
18
22
23
35
99
63
118
59
18
22
34
35
100
119
117
105
18
30
34
35
177
118
64
106
24
30
33
45
162
126
121
62
24
30
42
45
163
122
120
124
24
36
42
45
180
121
128
125
24
30
35
47
177
129
124
65
24
30
42
47
179
125
123
121
24
36
42
47
183
124
131
122
24
32
33
45
168
120
127
68
24
32
44
45
169
128
126
130
24
36
44
45
186
127
122
131
24
32
35
47
171
123
130
71
24
32
44
47
172
131
129
127
24
36
44
47
189
130
125
128
25
26
31
43
145
138
133
74
25
26
38
43
146
134
132
136
25
37
38
43
192
133
140
137
25
26
33
45
148
141
136
77
25
26
38
45
149
137
135
133
25
37
38
45
195
136
143
134
25
28
31
43
150
132
139
80
25
28
40
43
151
140
138
142
25
37
40
43
198
139
134
143
25
28
33
45
162
135
142
83
25
28
40
45
164
143
141
139
25
37
40
45
201
142
137
140
26
31
35
47
156
147
145
86
26
31
43
47
157
146
144
132
26
38
43
47
204
145
149
133
26
33
35
47
174
144
148
89
26
33
45
47
175
149
147
135
26
38
45
47
207
148
146
136
27
28
31
43
138
157
151
92
27
28
40
43
139
152
150
154
27
39
40
43
210
151
158
155
27
28
34
46
165
160
154
95
27
28
40
46
167
155
153
151
27
39
40
46
213
154
161
152
27
31
35
47
144
159
157
98
27
31
43
47
145
158
156
150
27
39
43
47
216
157
161
152
27
34
35
47
177
156
160
101
27
34
46
47
178
161
159
153
27
39
46
47
219
160
158
155
28
30
33
45
120
141
163
104
28
30
42
45
121
164
162
166
28
40
42
45
222
163
142
167
28
30
34
46
178
153
166
107
28
30
42
46
179
167
165
163
28
40
42
46
225
166
154
164
29
32
33
45
126
175
169
110
29
32
44
45
127
170
168
172
29
41
44
45
228
169
176
173
29
32
35
47
129
174
172
113
29
32
44
47
130
173
171
169
29
41
44
47
231
172
176
170
29
33
35
47
147
171
175
116
29
33
45
47
148
176
174
168
29
41
45
47
234
175
173
170
30
34
35
47
159
123
178
119
30
34
46
47
160
179
177
165
30
42
46
47
237
178
124
166
36
42
45
9
222
186
181
122
36
42
6
9
223
182
180
184
36
0
6
9
0
181
188
185
36
42
47
11
237
189
184
125
36
42
6
11
239
185
183
181
36
0
6
11
3
184
191
182
36
44
45
9
228
180
187
128
36
44
8
9
229
188
186
190
36
0
8
9
6
187
182
191
36
44
47
11
231
183
190
131
36
44
8
11
232
191
189
187
36
0
8
11
9
190
185
188
37
38
43
7
205
198
193
134
37
38
2
7
206
194
192
196
37
1
2
7
12
193
200
197
37
38
45
9
208
201
196
137
37
38
2
9
209
197
195
193
37
1
2
9
15
196
203
194
37
40
43
7
210
192
199
140
37
40
4
7
211
200
198
202
37
1
4
7
18
199
194
203
37
40
45
9
222
195
202
143
37
40
4
9
224
203
201
199
37
1
4
9
21
202
197
200
38
43
47
11
216
207
205
146
38
43
7
11
217
206
204
192
38
2
7
11
24
205
209
193
38
45
47
11
234
204
208
149
38
45
9
11
235
209
207
195
38
2
9
11
27
208
206
196
39
40
43
7
198
217
211
152
39
40
4
7
199
212
210
214
39
3
4
7
30
211
218
215
39
40
46
10
225
220
214
155
39
40
4
10
227
215
213
211
39
3
4
10
33
214
221
212
39
43
47
11
204
219
217
158
39
43
7
11
205
218
216
210
39
3
7
11
36
217
221
212
39
46
47
11
237
216
220
161
39
46
10
11
238
221
219
213
39
3
10
11
39
220
218
215
40
42
45
9
180
201
223
164
40
42
6
9
181
224
222
226
40
4
6
9
42
223
202
227
40
42
46
10
238
213
226
167
40
42
6
10
239
227
225
223
40
4
6
10
45
226
214
224
41
44
45
9
186
235
229
170
41
44
8
9
187
230
228
232
41
5
8
9
48
229
236
233
41
44
47
11
189
234
232
173
41
44
8
11
190
233
231
229
41
5
8
11
51
232
236
230
41
45
47
11
207
231
235
176
41
45
9
11
208
236
234
228
41
5
9
11
54
235
233
230
42
46
47
11
219
183
238
179
42
46
10
11
220
239
237
225
42
6
10
11
57
238
184
226
240
