1
96
0
0
0
0
0
0
0
0
0
0
0
0
0
0
0
0
0
0
0
0
0
0
0
0
1
1
1
1
1
1
1
1
1
1
1
1
1
1
1
1
1
1
1
1
1
1
1
1
2
2
2
2
2
2
2
2
2
2
2
2
2
2
2
2
2
2
2
2
2
2
2
2
3
3
3
3
3
3
3
3
3
3
3
3
3
3
3
3
3
3
3
3
3
3
3
3
96
528
0
1
15
39
33
6
1
398
0
1
25
39
35
2
0
4
0
24
25
39
132
1
8
5
0
1
22
46
39
21
4
401
0
1
25
46
41
5
3
1
0
24
25
46
135
4
23
2
0
7
15
39
33
0
7
404
0
7
31
39
34
8
6
10
0
24
31
39
138
7
2
11
0
7
17
41
51
19
10
407
0
7
31
41
52
11
9
7
0
24
31
41
141
10
20
8
0
16
18
42
81
22
13
410
0
16
40
42
82
14
12
16
0
24
40
42
144
13
23
17
0
16
19
43
84
25
16
413
0
16
40
43
85
17
15
13
0
24
40
43
147
16
26
14
0
17
21
45
126
24
19
416
0
17
41
45
128
20
18
9
0
24
41
45
150
19
26
11
0
18
22
46
130
3
22
419
0
18
42
46
131
23
21
12
0
24
42
46
153
22
5
14
0
19
21
45
126
18
25
422
0
19
43
45
127
26
24
15
0
24
43
45
156
25
20
17
1
3
7
31
69
34
28
425
1
3
27
31
71
29
27
31
1
25
27
31
159
28
35
32
1
3
10
34
79
37
31
428
1
3
27
34
80
32
30
28
1
25
27
34
162
31
38
29
1
7
15
39
6
0
34
431
1
7
31
39
7
35
33
27
1
25
31
39
165
34
1
29
1
10
13
37
121
40
37
434
1
10
34
37
122
38
36
30
1
25
34
37
168
37
41
32
1
13
22
46
124
3
40
437
1
13
37
46
125
41
39
36
1
25
37
46
171
40
4
38
2
5
9
33
63
54
43
440
2
5
29
33
64
44
42
46
2
26
29
33
174
43
56
47
2
5
17
41
103
51
46
443
2
5
29
41
104
47
45
43
2
26
29
41
177
46
53
44
2
7
14
38
105
60
49
446
2
7
31
38
106
50
48
52
2
26
31
38
180
49
62
53
2
7
17
41
9
45
52
449
2
7
31
41
10
53
51
49
2
26
31
41
183
52
47
50
2
8
9
33
90
42
55
452
2
8
32
33
91
56
54
58
2
26
32
33
186
55
44
59
2
8
11
35
93
61
58
455
2
8
32
35
94
59
57
55
2
26
32
35
189
58
62
56
2
11
14
38
99
48
61
458
2
11
35
38
100
62
60
57
2
26
35
38
192
61
50
59
3
5
9
33
42
76
64
461
3
5
29
33
43
65
63
67
3
27
29
33
195
64
77
68
3
5
19
43
102
84
67
464
3
5
29
43
104
68
66
64
3
27
29
43
198
67
86
65
3
6
7
31
106
27
70
467
3
6
30
31
107
71
69
73
3
27
30
31
201
70
28
74
3
6
12
36
109
75
73
470
3
6
30
36
110
74
72
70
3
27
30
36
204
73
77
71
3
9
12
36
115
72
76
473
3
9
33
36
116
77
75
63
3
27
33
36
207
76
74
65
3
10
23
47
120
87
79
476
3
10
34
47
122
80
78
30
3
27
34
47
210
79
89
31
3
16
18
42
12
88
82
479
3
16
40
42
13
83
81
85
3
27
40
42
213
82
89
86
3
16
19
43
15
66
85
482
3
16
40
43
16
86
84
82
3
27
40
43
216
85
68
83
3
18
23
47
129
78
88
485
3
18
42
47
131
89
87
81
3
27
42
47
219
88
80
83
4
8
9
33
54
97
91
488
4
8
32
33
55
92
90
94
4
28
32
33
222
91
98
95
4
8
11
35
57
100
94
491
4
8
32
35
58
95
93
91
4
28
32
35
225
94
101
92
4
9
14
38
118
99
97
494
4
9
33
38
119
98
96
90
4
28
33
38
228
97
101
92
4
11
14
38
60
96
100
497
4
11
35
38
61
101
99
93
4
28
35
38
231
100
98
95
5
17
19
43
127
66
103
500
5
17
41
43
128
104
102
45
5
29
41
43
234
103
67
46
6
7
14
38
48
112
106
503
6
7
31
38
49
107
105
69
6
30
31
38
237
106
113
70
6
12
20
44
114
111
109
506
6
12
36
44
115
110
108
72
6
30
36
44
240
109
113
73
6
14
20
44
117
108
112
509
6
14
38
44
118
113
111
105
6
30
38
44
243
112
110
107
9
12
20
44
108
117
115
512
9
12
36
44
109
116
114
75
9
33
36
44
246
115
119
76
9
14
20
44
111
114
118
515
9
14
38
44
112
119
117
96
9
33
38
44
249
118
116
97
10
13
23
47
123
78
121
518
10
13
37
47
125
122
120
36
10
34
37
47
252
121
79
37
13
22
23
47
129
120
124
521
13
22
46
47
130
125
123
39
13
37
46
47
255
124
121
40
17
19
21
45
24
18
127
524
17
19
43
45
25
128
126
102
17
41
43
45
258
127
19
103
18
22
23
47
123
87
130
527
18
22
46
47
124
131
129
21
18
42
46
47
261
130
88
22
24
25
39
63
165
138
133
2
24
25
49
63
167
134
132
136
24
48
49
63
264
133
140
137
24
25
46
70
171
153
136
5
24
25
49
70
173
137
135
133
24
48
49
70
267
136
155
134
24
31
39
63
165
132
139
8
24
31
55
63
166
140
138
142
24
48
55
63
270
139
134
143
24
31
41
65
183
151
142
11
24
31
55
65
184
143
141
139
24
48
55
65
273
142
152
140
24
40
42
66
213
154
145
14
24
40
64
66
214
146
144
148
24
48
64
66
276
145
155
149
24
40
43
67
216
157
148
17
24
40
64
67
217
149
147
145
24
48
64
67
279
148
158
146
24
41
45
69
258
156
151
20
24
41
65
69
260
152
150
141
24
48
65
69
282
151
158
143
24
42
46
70
262
135
154
23
24
42
66
70
263
155
153
144
24
48
66
70
285
154
137
146
24
43
45
69
258
150
157
26
24
43
67
69
259
158
156
147
24
48
67
69
288
157
152
149
25
27
31
55
201
166
160
29
25
27
51
55
203
161
159
163
25
49
51
55
291
160
167
164
25
27
34
58
211
169
163
32
25
27
51
58
212
164
162
160
25
49
51
58
294
163
170
161
25
31
39
63
138
132
166
35
25
31
55
63
139
167
165
159
25
49
55
63
297
166
133
161
25
34
37
61
253
172
169
38
25
34
58
61
254
170
168
162
25
49
58
61
300
169
173
164
25
37
46
70
256
135
172
41
25
37
61
70
257
173
171
168
25
49
61
70
303
172
136
170
26
29
33
57
195
186
175
44
26
29
53
57
196
176
174
178
26
50
53
57
306
175
188
179
26
29
41
65
235
183
178
47
26
29
53
65
236
179
177
175
26
50
53
65
309
178
185
176
26
31
38
62
237
192
181
50
26
31
55
62
238
182
180
184
26
50
55
62
312
181
194
185
26
31
41
65
141
177
184
53
26
31
55
65
142
185
183
181
26
50
55
65
315
184
179
182
26
32
33
57
222
174
187
56
26
32
56
57
223
188
186
190
26
50
56
57
318
187
176
191
26
32
35
59
225
193
190
59
26
32
56
59
226
191
189
187
26
50
56
59
321
190
194
188
26
35
38
62
231
180
193
62
26
35
59
62
232
194
192
189
26
50
59
62
324
193
182
191
27
29
33
57
174
208
196
65
27
29
53
57
175
197
195
199
27
51
53
57
327
196
209
200
27
29
43
67
234
216
199
68
27
29
53
67
236
200
198
196
27
51
53
67
330
199
218
197
27
30
31
55
238
159
202
71
27
30
54
55
239
203
201
205
27
51
54
55
333
202
160
206
27
30
36
60
241
207
205
74
27
30
54
60
242
206
204
202
27
51
54
60
336
205
209
203
27
33
36
60
247
204
208
77
27
33
57
60
248
209
207
195
27
51
57
60
339
208
206
197
27
34
47
71
252
219
211
80
27
34
58
71
254
212
210
162
27
51
58
71
342
211
221
163
27
40
42
66
144
220
214
83
27
40
64
66
145
215
213
217
27
51
64
66
345
214
221
218
27
40
43
67
147
198
217
86
27
40
64
67
148
218
216
214
27
51
64
67
348
217
200
215
27
42
47
71
261
210
220
89
27
42
66
71
263
221
219
213
27
51
66
71
351
220
212
215
28
32
33
57
186
229
223
92
28
32
56
57
187
224
222
226
28
52
56
57
354
223
230
227
28
32
35
59
189
232
226
95
28
32
56
59
190
227
225
223
28
52
56
59
357
226
233
224
28
33
38
62
250
231
229
98
28
33
57
62
251
230
228
222
28
52
57
62
360
229
233
224
28
35
38
62
192
228
232
101
28
35
59
62
193
233
231
225
28
52
59
62
363
232
230
227
29
41
43
67
259
198
235
104
29
41
65
67
260
236
234
177
29
53
65
67
366
235
199
178
30
31
38
62
180
244
238
107
30
31
55
62
181
239
237
201
30
54
55
62
369
238
245
202
30
36
44
68
246
243
241
110
30
36
60
68
247
242
240
204
30
54
60
68
372
241
245
205
30
38
44
68
249
240
244
113
30
38
62
68
250
245
243
237
30
54
62
68
375
244
242
239
33
36
44
68
240
249
247
116
33
36
60
68
241
248
246
207
33
57
60
68
378
247
251
208
33
38
44
68
243
246
250
119
33
38
62
68
244
251
249
228
33
57
62
68
381
250
248
229
34
37
47
71
255
210
253
122
34
37
61
71
257
254
252
168
34
58
61
71
384
253
211
169
37
46
47
71
261
252
256
125
37
46
70
71
262
257
255
171
37
61
70
71
387
256
253
172
41
43
45
69
156
150
259
128
41
43
67
69
157
260
258
234
41
65
67
69
390
259
151
235
42
46
47
71
255
219
262
131
42
46
70
71
256
263
261
153
42
66
70
71
393
262
220
154
48
49
63
87
297
270
265
134
48
49
73
87
299
266
264
268
48
72
73
87
396
265
272
269
48
49
70
94
303
285
268
137
48
49
73
94
305
269
267
265
48
72
73
94
399
268
287
266
48
55
63
87
297
264
271
140
48
55
79
87
298
272
270
274
48
72
79
87
402
271
266
275
48
55
65
89
315
283
274
143
48
55
79
89
316
275
273
271
48
72
79
89
405
274
284
272
48
64
66
90
345
286
277
146
48
64
88
90
346
278
276
280
48
72
88
90
408
277
287
281
48
64
67
91
348
289
280
149
48
64
88
91
349
281
279
277
48
72
88
91
411
280
290
278
48
65
69
93
390
288
283
152
48
65
89
93
392
284
282
273
48
72
89
93
414
283
290
275
48
66
70
94
394
267
286
155
48
66
90
94
395
287
285
276
48
72
90
94
417
286
269
278
48
67
69
93
390
282
289
158
48
67
91
93
391
290
288
279
48
72
91
93
420
289
284
281
49
51
55
79
333
298
292
161
49
51
75
79
335
293
291
295
49
73
75
79
423
292
299
296
49
51
58
82
343
301
295
164
49
51
75
82
344
296
294
292
49
73
75
82
426
295
302
293
49
55
63
87
270
264
298
167
49
55
79
87
271
299
297
291
49
73
79
87
429
298
265
293
49
58
61
85
385
304
301
170
49
58
82
85
386
302
300
294
49
73
82
85
432
301
305
296
49
61
70
94
388
267
304
173
49
61
85
94
389
305
303
300
49
73
85
94
435
304
268
302
50
53
57
81
327
318
307
176
50
53
77
81
328
308
306
310
50
74
77
81
438
307
320
311
50
53
65
89
367
315
310
179
50
53
77
89
368
311
309
307
50
74
77
89
441
310
317
308
50
55
62
86
369
324
313
182
50
55
79
86
370
314
312
316
50
74
79
86
444
313
326
317
50
55
65
89
273
309
316
185
50
55
79
89
274
317
315
313
50
74
79
89
447
316
311
314
50
56
57
81
354
306
319
188
50
56
80
81
355
320
318
322
50
74
80
81
450
319
308
323
50
56
59
83
357
325
322
191
50
56
80
83
358
323
321
319
50
74
80
83
453
322
326
320
50
59
62
86
363
312
325
194
50
59
83
86
364
326
324
321
50
74
83
86
456
325
314
323
51
53
57
81
306
340
328
197
51
53
77
81
307
329
327
331
51
75
77
81
459
328
341
332
51
53
67
91
366
348
331
200
51
53
77
91
368
332
330
328
51
75
77
91
462
331
350
329
51
54
55
79
370
291
334
203
51
54
78
79
371
335
333
337
51
75
78
79
465
334
292
338
51
54
60
84
373
339
337
206
51
54
78
84
374
338
336
334
51
75
78
84
468
337
341
335
51
57
60
84
379
336
340
209
51
57
81
84
380
341
339
327
51
75
81
84
471
340
338
329
51
58
71
95
384
351
343
212
51
58
82
95
386
344
342
294
51
75
82
95
474
343
353
295
51
64
66
90
276
352
346
215
51
64
88
90
277
347
345
349
51
75
88
90
477
346
353
350
51
64
67
91
279
330
349
218
51
64
88
91
280
350
348
346
51
75
88
91
480
349
332
347
51
66
71
95
393
342
352
221
51
66
90
95
395
353
351
345
51
75
90
95
483
352
344
347
52
56
57
81
318
361
355
224
52
56
80
81
319
356
354
358
52
76
80
81
486
355
362
359
52
56
59
83
321
364
358
227
52
56
80
83
322
359
357
355
52
76
80
83
489
358
365
356
52
57
62
86
382
363
361
230
52
57
81
86
383
362
360
354
52
76
81
86
492
361
365
356
52
59
62
86
324
360
364
233
52
59
83
86
325
365
363
357
52
76
83
86
495
364
362
359
53
65
67
91
391
330
367
236
53
65
89
91
392
368
366
309
53
77
89
91
498
367
331
310
54
55
62
86
312
376
370
239
54
55
79
86
313
371
369
333
54
78
79
86
501
370
377
334
54
60
68
92
378
375
373
242
54
60
84
92
379
374
372
336
54
78
84
92
504
373
377
337
54
62
68
92
381
372
376
245
54
62
86
92
382
377
375
369
54
78
86
92
507
376
374
371
57
60
68
92
372
381
379
248
57
60
84
92
373
380
378
339
57
81
84
92
510
379
383
340
57
62
68
92
375
378
382
251
57
62
86
92
376
383
381
360
57
81
86
92
513
382
380
361
58
61
71
95
387
342
385
254
58
61
85
95
389
386
384
300
58
82
85
95
516
385
343
301
61
70
71
95
393
384
388
257
61
70
94
95
394
389
387
303
61
85
94
95
519
388
385
304
65
67
69
93
288
282
391
260
65
67
91
93
289
392
390
366
65
89
91
93
522
391
283
367
66
70
71
95
387
351
394
263
66
70
94
95
388
395
393
285
66
90
94
95
525
394
352
286
72
73
87
15
429
402
397
266
72
73
1
15
431
398
396
400
72
0
1
15
0
397
404
401
72
73
94
22
435
417
400
269
72
73
1
22
437
401
399
397
72
0
1
22
3
400
419
398
72
79
87
15
429
396
403
272
72
79
7
15
430
404
402
406
72
0
7
15
6
403
398
407
72
79
89
17
447
415
406
275
72
79
7
17
448
407
405
403
72
0
7
17
9
406
416
404
72
88
90
18
477
418
409
278
72
88
16
18
478
410
408
412
72
0
16
18
12
409
419
413
72
88
91
19
480
421
412
281
72
88
16
19
481
413
411
409
72
0
16
19
15
412
422
410
72
89
93
21
522
420
415
284
72
89
17
21
524
416
414
405
72
0
17
21
18
415
422
407
72
90
94
22
526
399
418
287
72
90
18
22
527
419
417
408
72
0
18
22
21
418
401
410
72
91
93
21
522
414
421
290
72
91
19
21
523
422
420
411
72
0
19
21
24
421
416
413
73
75
79
7
465
430
424
293
73
75
3
7
467
425
423
427
73
1
3
7
27
424
431
428
73
75
82
10
475
433
427
296
73
75
3
10
476
428
426
424
73
1
3
10
30
427
434
425
73
79
87
15
402
396
430
299
73
79
7
15
403
431
429
423
73
1
7
15
33
430
397
425
73
82
85
13
517
436
433
302
73
82
10
13
518
434
432
426
73
1
10
13
36
433
437
428
73
85
94
22
520
399
436
305
73
85
13
22
521
437
435
432
73
1
13
22
39
436
400
434
74
77
81
9
459
450
439
308
74
77
5
9
460
440
438
442
74
2
5
9
42
439
452
443
74
77
89
17
499
447
442
311
74
77
5
17
500
443
441
439
74
2
5
17
45
442
449
440
74
79
86
14
501
456
445
314
74
79
7
14
502
446
444
448
74
2
7
14
48
445
458
449
74
79
89
17
405
441
448
317
74
79
7
17
406
449
447
445
74
2
7
17
51
448
443
446
74
80
81
9
486
438
451
320
74
80
8
9
487
452
450
454
74
2
8
9
54
451
440
455
74
80
83
11
489
457
454
323
74
80
8
11
490
455
453
451
74
2
8
11
57
454
458
452
74
83
86
14
495
444
457
326
74
83
11
14
496
458
456
453
74
2
11
14
60
457
446
455
75
77
81
9
438
472
460
329
75
77
5
9
439
461
459
463
75
3
5
9
63
460
473
464
75
77
91
19
498
480
463
332
75
77
5
19
500
464
462
460
75
3
5
19
66
463
482
461
75
78
79
7
502
423
466
335
75
78
6
7
503
467
465
469
75
3
6
7
69
466
424
470
75
78
84
12
505
471
469
338
75
78
6
12
506
470
468
466
75
3
6
12
72
469
473
467
75
81
84
12
511
468
472
341
75
81
9
12
512
473
471
459
75
3
9
12
75
472
470
461
75
82
95
23
516
483
475
344
75
82
10
23
518
476
474
426
75
3
10
23
78
475
485
427
75
88
90
18
408
484
478
347
75
88
16
18
409
479
477
481
75
3
16
18
81
478
485
482
75
88
91
19
411
462
481
350
75
88
16
19
412
482
480
478
75
3
16
19
84
481
464
479
75
90
95
23
525
474
484
353
75
90
18
23
527
485
483
477
75
3
18
23
87
484
476
479
76
80
81
9
450
493
487
356
76
80
8
9
451
488
486
490
76
4
8
9
90
487
494
491
76
80
83
11
453
496
490
359
76
80
8
11
454
491
489
487
76
4
8
11
93
490
497
488
76
81
86
14
514
495
493
362
76
81
9
14
515
494
492
486
76
4
9
14
96
493
497
488
76
83
86
14
456
492
496
365
76
83
11
14
457
497
495
489
76
4
11
14
99
496
494
491
77
89
91
19
523
462
499
368
77
89
17
19
524
500
498
441
77
5
17
19
102
499
463
442
78
79
86
14
444
508
502
371
78
79
7
14
445
503
501
465
78
6
7
14
105
502
509
466
78
84
92
20
510
507
505
374
78
84
12
20
511
506
504
468
78
6
12
20
108
505
509
469
78
86
92
20
513
504
508
377
78
86
14
20
514
509
507
501
78
6
14
20
111
508
506
503
81
84
92
20
504
513
511
380
81
84
12
20
505
512
510
471
81
9
12
20
114
511
515
472
81
86
92
20
507
510
514
383
81
86
14
20
508
515
513
492
81
9
14
20
117
514
512
493
82
85
95
23
519
474
517
386
82
85
13
23
521
518
516
432
82
10
13
23
120
517
475
433
85
94
95
23
525
516
520
389
85
94
22
23
526
521
519
435
85
13
22
23
123
520
517
436
89
91
93
21
420
414
523
392
89
91
19
21
421
524
522
498
89
17
19
21
126
523
415
499
90
94
95
23
519
483
526
395
90
94
22
23
520
527
525
417
90
18
22
23
129
526
484
418
528
