1
96
0
0
0
0
0
0
0
0
0
0
0
0
0
0
0
0
0
0
0
0
0
0
0
0
1
1
1
1
1
1
1
1
1
1
1
1
1
1
1
1
1
1
1
1
1
1
1
1
2
2
2
2
2
2
2
2
2
2
2
2
2
2
2
2
2
2
2
2
2
2
2
2
3
3
3
3
3
3
3
3
3
3
3
3
3
3
3
3
3
3
3
3
3
3
3
3
96
528
0
1
5
29
22
7
1
398
0
1
25
29
23
2
0
4
0
24
25
29
132
1
8
5
0
1
8
32
15
10
4
401
0
1
25
32
17
5
3
1
0
24
25
32
135
4
11
2
0
5
21
45
82
12
7
404
0
5
29
45
83
8
6
0
0
24
29
45
138
7
14
2
0
8
18
42
97
13
10
407
0
8
32
42
98
11
9
3
0
24
32
42
141
10
14
5
0
18
21
45
96
6
13
410
0
18
42
45
97
14
12
9
0
24
42
45
144
13
8
11
1
4
8
32
49
3
16
413
1
4
28
32
50
17
15
19
1
25
28
32
147
16
4
20
1
4
14
38
58
24
19
416
1
4
28
38
59
20
18
16
1
25
28
38
150
19
26
17
1
5
20
44
63
27
22
419
1
5
29
44
65
23
21
0
1
25
29
44
153
22
29
1
1
12
14
38
121
18
25
422
1
12
36
38
122
26
24
28
1
25
36
38
156
25
20
29
1
12
20
44
90
21
28
425
1
12
36
44
91
29
27
25
1
25
36
44
159
28
23
26
2
9
11
35
100
37
31
428
2
9
33
35
101
32
30
34
2
26
33
35
162
31
38
35
2
9
19
43
102
36
34
431
2
9
33
43
104
35
33
31
2
26
33
43
165
34
38
32
2
11
19
43
117
33
37
434
2
11
35
43
119
38
36
30
2
26
35
43
168
37
35
32
3
8
15
39
48
46
40
437
3
8
32
39
49
41
39
43
3
27
32
39
171
40
47
44
3
8
21
45
96
45
43
440
3
8
32
45
98
44
42
40
3
27
32
45
174
43
47
41
3
15
21
45
127
42
46
443
3
15
39
45
128
47
45
39
3
27
39
45
177
46
44
41
4
8
15
39
39
61
49
446
4
8
32
39
40
50
48
15
4
28
32
39
180
49
62
16
4
12
17
41
120
57
52
449
4
12
36
41
122
53
51
55
4
28
36
41
183
52
59
56
4
12
22
46
111
60
55
452
4
12
36
46
112
56
54
52
4
28
36
46
186
55
62
53
4
14
17
41
120
51
58
455
4
14
38
41
121
59
57
18
4
28
38
41
189
58
53
19
4
15
22
46
126
54
61
458
4
15
39
46
128
62
60
48
4
28
39
46
192
61
56
50
5
7
20
44
94
21
64
461
5
7
31
44
95
65
63
67
5
29
31
44
195
64
22
68
5
7
23
47
93
78
67
464
5
7
31
47
95
68
66
64
5
29
31
47
198
67
80
65
5
10
12
36
112
76
70
467
5
10
34
36
113
71
69
73
5
29
34
36
201
70
77
74
5
10
22
46
111
81
73
470
5
10
34
46
113
74
72
70
5
29
34
46
204
73
83
71
5
12
19
43
102
79
76
473
5
12
36
43
103
77
75
69
5
29
36
43
207
76
80
71
5
19
23
47
129
66
79
476
5
19
43
47
131
80
78
75
5
29
43
47
210
79
68
77
5
21
22
46
126
72
82
479
5
21
45
46
127
83
81
6
5
29
45
46
213
82
74
7
6
9
12
36
103
91
85
482
6
9
33
36
104
86
84
88
6
30
33
36
216
85
92
89
6
9
20
44
108
90
88
485
6
9
33
44
110
89
87
85
6
30
33
44
219
88
92
86
6
12
20
44
27
87
91
488
6
12
36
44
28
92
90
84
6
30
36
44
222
91
89
86
7
20
23
47
129
66
94
491
7
20
44
47
130
95
93
63
7
31
44
47
225
94
67
64
8
18
21
45
12
42
97
494
8
18
42
45
13
98
96
9
8
32
42
45
228
97
43
10
9
11
16
40
114
105
100
497
9
11
35
40
116
101
99
30
9
33
35
40
231
100
107
31
9
12
19
43
75
33
103
500
9
12
36
43
76
104
102
84
9
33
36
43
234
103
34
85
9
13
16
40
114
99
106
503
9
13
37
40
115
107
105
109
9
33
37
40
237
106
101
110
9
13
20
44
123
87
109
506
9
13
37
44
125
110
108
106
9
33
37
44
240
109
88
107
10
12
22
46
54
72
112
509
10
12
36
46
55
113
111
69
10
34
36
46
243
112
73
70
11
13
16
40
105
99
115
512
11
13
37
40
106
116
114
118
11
35
37
40
246
115
100
119
11
13
19
43
124
36
118
515
11
13
37
43
125
119
117
115
11
35
37
43
249
118
37
116
12
14
17
41
57
51
121
518
12
14
38
41
58
122
120
24
12
36
38
41
252
121
52
25
13
19
20
44
130
108
124
521
13
19
43
44
131
125
123
117
13
37
43
44
255
124
109
118
15
21
22
46
81
60
127
524
15
21
45
46
82
128
126
45
15
39
45
46
258
127
61
46
19
20
23
47
93
78
130
527
19
20
44
47
94
131
129
123
19
43
44
47
261
130
79
124
24
25
29
53
154
139
133
2
24
25
49
53
155
134
132
136
24
48
49
53
264
133
140
137
24
25
32
56
147
142
136
5
24
25
49
56
149
137
135
133
24
48
49
56
267
136
143
134
24
29
45
69
214
144
139
8
24
29
53
69
215
140
138
132
24
48
53
69
270
139
146
134
24
32
42
66
229
145
142
11
24
32
56
66
230
143
141
135
24
48
56
66
273
142
146
137
24
42
45
69
228
138
145
14
24
42
66
69
229
146
144
141
24
48
66
69
276
145
140
143
25
28
32
56
181
135
148
17
25
28
52
56
182
149
147
151
25
49
52
56
279
148
136
152
25
28
38
62
190
156
151
20
25
28
52
62
191
152
150
148
25
49
52
62
282
151
158
149
25
29
44
68
195
159
154
23
25
29
53
68
197
155
153
132
25
49
53
68
285
154
161
133
25
36
38
62
253
150
157
26
25
36
60
62
254
158
156
160
25
49
60
62
288
157
152
161
25
36
44
68
222
153
160
29
25
36
60
68
223
161
159
157
25
49
60
68
291
160
155
158
26
33
35
59
232
169
163
32
26
33
57
59
233
164
162
166
26
50
57
59
294
163
170
167
26
33
43
67
234
168
166
35
26
33
57
67
236
167
165
163
26
50
57
67
297
166
170
164
26
35
43
67
249
165
169
38
26
35
59
67
251
170
168
162
26
50
59
67
300
169
167
164
27
32
39
63
180
178
172
41
27
32
56
63
181
173
171
175
27
51
56
63
303
172
179
176
27
32
45
69
228
177
175
44
27
32
56
69
230
176
174
172
27
51
56
69
306
175
179
173
27
39
45
69
259
174
178
47
27
39
63
69
260
179
177
171
27
51
63
69
309
178
176
173
28
32
39
63
171
193
181
50
28
32
56
63
172
182
180
147
28
52
56
63
312
181
194
148
28
36
41
65
252
189
184
53
28
36
60
65
254
185
183
187
28
52
60
65
315
184
191
188
28
36
46
70
243
192
187
56
28
36
60
70
244
188
186
184
28
52
60
70
318
187
194
185
28
38
41
65
252
183
190
59
28
38
62
65
253
191
189
150
28
52
62
65
321
190
185
151
28
39
46
70
258
186
193
62
28
39
63
70
260
194
192
180
28
52
63
70
324
193
188
182
29
31
44
68
226
153
196
65
29
31
55
68
227
197
195
199
29
53
55
68
327
196
154
200
29
31
47
71
225
210
199
68
29
31
55
71
227
200
198
196
29
53
55
71
330
199
212
197
29
34
36
60
244
208
202
71
29
34
58
60
245
203
201
205
29
53
58
60
333
202
209
206
29
34
46
70
243
213
205
74
29
34
58
70
245
206
204
202
29
53
58
70
336
205
215
203
29
36
43
67
234
211
208
77
29
36
60
67
235
209
207
201
29
53
60
67
339
208
212
203
29
43
47
71
261
198
211
80
29
43
67
71
263
212
210
207
29
53
67
71
342
211
200
209
29
45
46
70
258
204
214
83
29
45
69
70
259
215
213
138
29
53
69
70
345
214
206
139
30
33
36
60
235
223
217
86
30
33
57
60
236
218
216
220
30
54
57
60
348
217
224
221
30
33
44
68
240
222
220
89
30
33
57
68
242
221
219
217
30
54
57
68
351
220
224
218
30
36
44
68
159
219
223
92
30
36
60
68
160
224
222
216
30
54
60
68
354
223
221
218
31
44
47
71
261
198
226
95
31
44
68
71
262
227
225
195
31
55
68
71
357
226
199
196
32
42
45
69
144
174
229
98
32
42
66
69
145
230
228
141
32
56
66
69
360
229
175
142
33
35
40
64
246
237
232
101
33
35
59
64
248
233
231
162
33
57
59
64
363
232
239
163
33
36
43
67
207
165
235
104
33
36
60
67
208
236
234
216
33
57
60
67
366
235
166
217
33
37
40
64
246
231
238
107
33
37
61
64
247
239
237
241
33
57
61
64
369
238
233
242
33
37
44
68
255
219
241
110
33
37
61
68
257
242
240
238
33
57
61
68
372
241
220
239
34
36
46
70
186
204
244
113
34
36
60
70
187
245
243
201
34
58
60
70
375
244
205
202
35
37
40
64
237
231
247
116
35
37
61
64
238
248
246
250
35
59
61
64
378
247
232
251
35
37
43
67
256
168
250
119
35
37
61
67
257
251
249
247
35
59
61
67
381
250
169
248
36
38
41
65
189
183
253
122
36
38
62
65
190
254
252
156
36
60
62
65
384
253
184
157
37
43
44
68
262
240
256
125
37
43
67
68
263
257
255
249
37
61
67
68
387
256
241
250
39
45
46
70
213
192
259
128
39
45
69
70
214
260
258
177
39
63
69
70
390
259
193
178
43
44
47
71
225
210
262
131
43
44
68
71
226
263
261
255
43
67
68
71
393
262
211
256
48
49
53
77
286
271
265
134
48
49
73
77
287
266
264
268
48
72
73
77
396
265
272
269
48
49
56
80
279
274
268
137
48
49
73
80
281
269
267
265
48
72
73
80
399
268
275
266
48
53
69
93
346
276
271
140
48
53
77
93
347
272
270
264
48
72
77
93
402
271
278
266
48
56
66
90
361
277
274
143
48
56
80
90
362
275
273
267
48
72
80
90
405
274
278
269
48
66
69
93
360
270
277
146
48
66
90
93
361
278
276
273
48
72
90
93
408
277
272
275
49
52
56
80
313
267
280
149
49
52
76
80
314
281
279
283
49
73
76
80
411
280
268
284
49
52
62
86
322
288
283
152
49
52
76
86
323
284
282
280
49
73
76
86
414
283
290
281
49
53
68
92
327
291
286
155
49
53
77
92
329
287
285
264
49
73
77
92
417
286
293
265
49
60
62
86
385
282
289
158
49
60
84
86
386
290
288
292
49
73
84
86
420
289
284
293
49
60
68
92
354
285
292
161
49
60
84
92
355
293
291
289
49
73
84
92
423
292
287
290
50
57
59
83
364
301
295
164
50
57
81
83
365
296
294
298
50
74
81
83
426
295
302
299
50
57
67
91
366
300
298
167
50
57
81
91
368
299
297
295
50
74
81
91
429
298
302
296
50
59
67
91
381
297
301
170
50
59
83
91
383
302
300
294
50
74
83
91
432
301
299
296
51
56
63
87
312
310
304
173
51
56
80
87
313
305
303
307
51
75
80
87
435
304
311
308
51
56
69
93
360
309
307
176
51
56
80
93
362
308
306
304
51
75
80
93
438
307
311
305
51
63
69
93
391
306
310
179
51
63
87
93
392
311
309
303
51
75
87
93
441
310
308
305
52
56
63
87
303
325
313
182
52
56
80
87
304
314
312
279
52
76
80
87
444
313
326
280
52
60
65
89
384
321
316
185
52
60
84
89
386
317
315
319
52
76
84
89
447
316
323
320
52
60
70
94
375
324
319
188
52
60
84
94
376
320
318
316
52
76
84
94
450
319
326
317
52
62
65
89
384
315
322
191
52
62
86
89
385
323
321
282
52
76
86
89
453
322
317
283
52
63
70
94
390
318
325
194
52
63
87
94
392
326
324
312
52
76
87
94
456
325
320
314
53
55
68
92
358
285
328
197
53
55
79
92
359
329
327
331
53
77
79
92
459
328
286
332
53
55
71
95
357
342
331
200
53
55
79
95
359
332
330
328
53
77
79
95
462
331
344
329
53
58
60
84
376
340
334
203
53
58
82
84
377
335
333
337
53
77
82
84
465
334
341
338
53
58
70
94
375
345
337
206
53
58
82
94
377
338
336
334
53
77
82
94
468
337
347
335
53
60
67
91
366
343
340
209
53
60
84
91
367
341
339
333
53
77
84
91
471
340
344
335
53
67
71
95
393
330
343
212
53
67
91
95
395
344
342
339
53
77
91
95
474
343
332
341
53
69
70
94
390
336
346
215
53
69
93
94
391
347
345
270
53
77
93
94
477
346
338
271
54
57
60
84
367
355
349
218
54
57
81
84
368
350
348
352
54
78
81
84
480
349
356
353
54
57
68
92
372
354
352
221
54
57
81
92
374
353
351
349
54
78
81
92
483
352
356
350
54
60
68
92
291
351
355
224
54
60
84
92
292
356
354
348
54
78
84
92
486
355
353
350
55
68
71
95
393
330
358
227
55
68
92
95
394
359
357
327
55
79
92
95
489
358
331
328
56
66
69
93
276
306
361
230
56
66
90
93
277
362
360
273
56
80
90
93
492
361
307
274
57
59
64
88
378
369
364
233
57
59
83
88
380
365
363
294
57
81
83
88
495
364
371
295
57
60
67
91
339
297
367
236
57
60
84
91
340
368
366
348
57
81
84
91
498
367
298
349
57
61
64
88
378
363
370
239
57
61
85
88
379
371
369
373
57
81
85
88
501
370
365
374
57
61
68
92
387
351
373
242
57
61
85
92
389
374
372
370
57
81
85
92
504
373
352
371
58
60
70
94
318
336
376
245
58
60
84
94
319
377
375
333
58
82
84
94
507
376
337
334
59
61
64
88
369
363
379
248
59
61
85
88
370
380
378
382
59
83
85
88
510
379
364
383
59
61
67
91
388
300
382
251
59
61
85
91
389
383
381
379
59
83
85
91
513
382
301
380
60
62
65
89
321
315
385
254
60
62
86
89
322
386
384
288
60
84
86
89
516
385
316
289
61
67
68
92
394
372
388
257
61
67
91
92
395
389
387
381
61
85
91
92
519
388
373
382
63
69
70
94
345
324
391
260
63
69
93
94
346
392
390
309
63
87
93
94
522
391
325
310
67
68
71
95
357
342
394
263
67
68
92
95
358
395
393
387
67
91
92
95
525
394
343
388
72
73
77
5
418
403
397
266
72
73
1
5
419
398
396
400
72
0
1
5
0
397
404
401
72
73
80
8
411
406
400
269
72
73
1
8
413
401
399
397
72
0
1
8
3
400
407
398
72
77
93
21
478
408
403
272
72
77
5
21
479
404
402
396
72
0
5
21
6
403
410
398
72
80
90
18
493
409
406
275
72
80
8
18
494
407
405
399
72
0
8
18
9
406
410
401
72
90
93
21
492
402
409
278
72
90
18
21
493
410
408
405
72
0
18
21
12
409
404
407
73
76
80
8
445
399
412
281
73
76
4
8
446
413
411
415
73
1
4
8
15
412
400
416
73
76
86
14
454
420
415
284
73
76
4
14
455
416
414
412
73
1
4
14
18
415
422
413
73
77
92
20
459
423
418
287
73
77
5
20
461
419
417
396
73
1
5
20
21
418
425
397
73
84
86
14
517
414
421
290
73
84
12
14
518
422
420
424
73
1
12
14
24
421
416
425
73
84
92
20
486
417
424
293
73
84
12
20
487
425
423
421
73
1
12
20
27
424
419
422
74
81
83
11
496
433
427
296
74
81
9
11
497
428
426
430
74
2
9
11
30
427
434
431
74
81
91
19
498
432
430
299
74
81
9
19
500
431
429
427
74
2
9
19
33
430
434
428
74
83
91
19
513
429
433
302
74
83
11
19
515
434
432
426
74
2
11
19
36
433
431
428
75
80
87
15
444
442
436
305
75
80
8
15
445
437
435
439
75
3
8
15
39
436
443
440
75
80
93
21
492
441
439
308
75
80
8
21
494
440
438
436
75
3
8
21
42
439
443
437
75
87
93
21
523
438
442
311
75
87
15
21
524
443
441
435
75
3
15
21
45
442
440
437
76
80
87
15
435
457
445
314
76
80
8
15
436
446
444
411
76
4
8
15
48
445
458
412
76
84
89
17
516
453
448
317
76
84
12
17
518
449
447
451
76
4
12
17
51
448
455
452
76
84
94
22
507
456
451
320
76
84
12
22
508
452
450
448
76
4
12
22
54
451
458
449
76
86
89
17
516
447
454
323
76
86
14
17
517
455
453
414
76
4
14
17
57
454
449
415
76
87
94
22
522
450
457
326
76
87
15
22
524
458
456
444
76
4
15
22
60
457
452
446
77
79
92
20
490
417
460
329
77
79
7
20
491
461
459
463
77
5
7
20
63
460
418
464
77
79
95
23
489
474
463
332
77
79
7
23
491
464
462
460
77
5
7
23
66
463
476
461
77
82
84
12
508
472
466
335
77
82
10
12
509
467
465
469
77
5
10
12
69
466
473
470
77
82
94
22
507
477
469
338
77
82
10
22
509
470
468
466
77
5
10
22
72
469
479
467
77
84
91
19
498
475
472
341
77
84
12
19
499
473
471
465
77
5
12
19
75
472
476
467
77
91
95
23
525
462
475
344
77
91
19
23
527
476
474
471
77
5
19
23
78
475
464
473
77
93
94
22
522
468
478
347
77
93
21
22
523
479
477
402
77
5
21
22
81
478
470
403
78
81
84
12
499
487
481
350
78
81
9
12
500
482
480
484
78
6
9
12
84
481
488
485
78
81
92
20
504
486
484
353
78
81
9
20
506
485
483
481
78
6
9
20
87
484
488
482
78
84
92
20
423
483
487
356
78
84
12
20
424
488
486
480
78
6
12
20
90
487
485
482
79
92
95
23
525
462
490
359
79
92
20
23
526
491
489
459
79
7
20
23
93
490
463
460
80
90
93
21
408
438
493
362
80
90
18
21
409
494
492
405
80
8
18
21
96
493
439
406
81
83
88
16
510
501
496
365
81
83
11
16
512
497
495
426
81
9
11
16
99
496
503
427
81
84
91
19
471
429
499
368
81
84
12
19
472
500
498
480
81
9
12
19
102
499
430
481
81
85
88
16
510
495
502
371
81
85
13
16
511
503
501
505
81
9
13
16
105
502
497
506
81
85
92
20
519
483
505
374
81
85
13
20
521
506
504
502
81
9
13
20
108
505
484
503
82
84
94
22
450
468
508
377
82
84
12
22
451
509
507
465
82
10
12
22
111
508
469
466
83
85
88
16
501
495
511
380
83
85
13
16
502
512
510
514
83
11
13
16
114
511
496
515
83
85
91
19
520
432
514
383
83
85
13
19
521
515
513
511
83
11
13
19
117
514
433
512
84
86
89
17
453
447
517
386
84
86
14
17
454
518
516
420
84
12
14
17
120
517
448
421
85
91
92
20
526
504
520
389
85
91
19
20
527
521
519
513
85
13
19
20
123
520
505
514
87
93
94
22
477
456
523
392
87
93
21
22
478
524
522
441
87
15
21
22
126
523
457
442
91
92
95
23
489
474
526
395
91
92
20
23
490
527
525
519
91
19
20
23
129
526
475
520
528
