1
96
0
0
0
0
0
0
0
0
0
0
0
0
0
0
0
0
0
0
0
0
0
0
0
0
1
1
1
1
1
1
1
1
1
1
1
1
1
1
1
1
1
1
1
1
1
1
1
1
2
2
2
2
2
2
2
2
2
2
2
2
2
2
2
2
2
2
2
2
2
2
2
2
3
3
3
3
3
3
3
3
3
3
3
3
3
3
3
3
3
3
3
3
3
3
3
3
96
528
0
2
8
32
40
6
1
398
0
2
26
32
41
2
0
4
0
24
26
32
132
1
8
5
0
2
23
47
39
27
4
401
0
2
26
47
41
5
3
1
0
24
26
47
135
4
29
2
0
5
8
32
82
0
7
404
0
5
29
32
83
8
6
10
0
24
29
32
138
7
2
11
0
5
11
35
85
22
10
407
0
5
29
35
86
11
9
7
0
24
29
35
141
10
23
8
0
7
10
34
100
19
13
410
0
7
31
34
101
14
12
16
0
24
31
34
144
13
20
17
0
7
21
45
102
28
16
413
0
7
31
45
104
17
15
13
0
24
31
45
147
16
29
14
0
10
19
43
114
24
19
416
0
10
34
43
116
20
18
12
0
24
34
43
150
19
26
14
0
11
12
36
30
25
22
419
0
11
35
36
31
23
21
9
0
24
35
36
153
22
26
11
0
12
19
43
117
18
25
422
0
12
36
43
119
26
24
21
0
24
36
43
156
25
20
23
0
21
23
47
111
3
28
425
0
21
45
47
112
29
27
15
0
24
45
47
159
28
5
17
1
11
12
36
21
37
31
428
1
11
35
36
22
32
30
34
1
25
35
36
162
31
38
35
1
11
17
41
84
36
34
431
1
11
35
41
85
35
33
31
1
25
35
41
165
34
38
32
1
12
17
41
118
33
37
434
1
12
36
41
119
38
36
30
1
25
36
41
168
37
35
32
2
8
23
47
111
3
40
437
2
8
32
47
113
41
39
0
2
26
32
47
171
40
4
1
3
7
9
33
97
49
43
440
3
7
31
33
98
44
42
46
3
27
31
33
174
43
50
47
3
7
17
41
63
52
46
443
3
7
31
41
64
47
45
43
3
27
31
41
177
46
53
44
3
9
20
44
96
51
49
446
3
9
33
44
97
50
48
42
3
27
33
44
180
49
53
44
3
17
20
44
129
48
52
449
3
17
41
44
131
53
51
45
3
27
41
44
183
52
50
47
4
6
16
40
78
70
55
452
4
6
30
40
79
56
54
58
4
28
30
40
186
55
71
59
4
6
22
46
93
72
58
455
4
6
30
46
95
59
57
55
4
28
30
46
189
58
74
56
4
7
13
37
103
67
61
458
4
7
31
37
104
62
60
64
4
28
31
37
192
61
68
65
4
7
17
41
45
69
64
461
4
7
31
41
46
65
63
61
4
28
31
41
195
64
71
62
4
13
18
42
127
73
67
464
4
13
37
42
128
68
66
60
4
28
37
42
198
67
74
62
4
16
17
41
90
63
70
467
4
16
40
41
91
71
69
54
4
28
40
41
201
70
65
56
4
18
22
46
126
57
73
470
4
18
42
46
127
74
72
66
4
28
42
46
204
73
59
68
5
6
15
39
94
88
76
473
5
6
30
39
95
77
75
79
5
29
30
39
207
76
89
80
5
6
16
40
54
91
79
476
5
6
30
40
55
80
78
76
5
29
30
40
210
79
92
77
5
8
21
45
112
87
82
479
5
8
32
45
113
83
81
6
5
29
32
45
213
82
89
7
5
11
17
41
33
90
85
482
5
11
35
41
34
86
84
9
5
29
35
41
216
85
92
10
5
15
21
45
120
81
88
485
5
15
39
45
121
89
87
75
5
29
39
45
219
88
83
77
5
16
17
41
69
84
91
488
5
16
40
41
70
92
90
78
5
29
40
41
222
91
86
80
6
15
22
46
123
57
94
491
6
15
39
46
124
95
93
75
6
30
39
46
225
94
58
76
7
9
20
44
48
108
97
494
7
9
33
44
49
98
96
42
7
31
33
44
228
97
110
43
7
10
14
38
115
106
100
497
7
10
34
38
116
101
99
12
7
31
34
38
231
100
107
13
7
13
21
45
120
15
103
500
7
13
37
45
122
104
102
60
7
31
37
45
234
103
16
61
7
14
19
43
114
109
106
503
7
14
38
43
115
107
105
99
7
31
38
43
237
106
110
101
7
19
20
44
129
96
109
506
7
19
43
44
130
110
108
105
7
31
43
44
240
109
98
107
8
21
23
47
27
39
112
509
8
21
45
47
28
113
111
81
8
32
45
47
243
112
40
82
10
14
19
43
105
18
115
512
10
14
38
43
106
116
114
99
10
34
38
43
246
115
19
100
12
17
19
43
130
24
118
515
12
17
41
43
131
119
117
36
12
36
41
43
249
118
25
37
13
15
21
45
87
102
121
518
13
15
39
45
88
122
120
124
13
37
39
45
252
121
103
125
13
15
22
46
93
126
124
521
13
15
39
46
94
125
123
121
13
37
39
46
255
124
128
122
13
18
22
46
72
123
127
524
13
18
42
46
73
128
126
66
13
37
42
46
258
127
125
67
17
19
20
44
108
51
130
527
17
19
43
44
109
131
129
117
17
41
43
44
261
130
52
118
24
26
32
56
172
138
133
2
24
26
50
56
173
134
132
136
24
48
50
56
264
133
140
137
24
26
47
71
171
159
136
5
24
26
50
71
173
137
135
133
24
48
50
71
267
136
161
134
24
29
32
56
214
132
139
8
24
29
53
56
215
140
138
142
24
48
53
56
270
139
134
143
24
29
35
59
217
154
142
11
24
29
53
59
218
143
141
139
24
48
53
59
273
142
155
140
24
31
34
58
232
151
145
14
24
31
55
58
233
146
144
148
24
48
55
58
276
145
152
149
24
31
45
69
234
160
148
17
24
31
55
69
236
149
147
145
24
48
55
69
279
148
161
146
24
34
43
67
246
156
151
20
24
34
58
67
248
152
150
144
24
48
58
67
282
151
158
146
24
35
36
60
162
157
154
23
24
35
59
60
163
155
153
141
24
48
59
60
285
154
158
143
24
36
43
67
249
150
157
26
24
36
60
67
251
158
156
153
24
48
60
67
288
157
152
155
24
45
47
71
243
135
160
29
24
45
69
71
244
161
159
147
24
48
69
71
291
160
137
149
25
35
36
60
153
169
163
32
25
35
59
60
154
164
162
166
25
49
59
60
294
163
170
167
25
35
41
65
216
168
166
35
25
35
59
65
217
167
165
163
25
49
59
65
297
166
170
164
25
36
41
65
250
165
169
38
25
36
60
65
251
170
168
162
25
49
60
65
300
169
167
164
26
32
47
71
243
135
172
41
26
32
56
71
245
173
171
132
26
50
56
71
303
172
136
133
27
31
33
57
229
181
175
44
27
31
55
57
230
176
174
178
27
51
55
57
306
175
182
179
27
31
41
65
195
184
178
47
27
31
55
65
196
179
177
175
27
51
55
65
309
178
185
176
27
33
44
68
228
183
181
50
27
33
57
68
229
182
180
174
27
51
57
68
312
181
185
176
27
41
44
68
261
180
184
53
27
41
65
68
263
185
183
177
27
51
65
68
315
184
182
179
28
30
40
64
210
202
187
56
28
30
54
64
211
188
186
190
28
52
54
64
318
187
203
191
28
30
46
70
225
204
190
59
28
30
54
70
227
191
189
187
28
52
54
70
321
190
206
188
28
31
37
61
235
199
193
62
28
31
55
61
236
194
192
196
28
52
55
61
324
193
200
197
28
31
41
65
177
201
196
65
28
31
55
65
178
197
195
193
28
52
55
65
327
196
203
194
28
37
42
66
259
205
199
68
28
37
61
66
260
200
198
192
28
52
61
66
330
199
206
194
28
40
41
65
222
195
202
71
28
40
64
65
223
203
201
186
28
52
64
65
333
202
197
188
28
42
46
70
258
189
205
74
28
42
66
70
259
206
204
198
28
52
66
70
336
205
191
200
29
30
39
63
226
220
208
77
29
30
54
63
227
209
207
211
29
53
54
63
339
208
221
212
29
30
40
64
186
223
211
80
29
30
54
64
187
212
210
208
29
53
54
64
342
211
224
209
29
32
45
69
244
219
214
83
29
32
56
69
245
215
213
138
29
53
56
69
345
214
221
139
29
35
41
65
165
222
217
86
29
35
59
65
166
218
216
141
29
53
59
65
348
217
224
142
29
39
45
69
252
213
220
89
29
39
63
69
253
221
219
207
29
53
63
69
351
220
215
209
29
40
41
65
201
216
223
92
29
40
64
65
202
224
222
210
29
53
64
65
354
223
218
212
30
39
46
70
255
189
226
95
30
39
63
70
256
227
225
207
30
54
63
70
357
226
190
208
31
33
44
68
180
240
229
98
31
33
57
68
181
230
228
174
31
55
57
68
360
229
242
175
31
34
38
62
247
238
232
101
31
34
58
62
248
233
231
144
31
55
58
62
363
232
239
145
31
37
45
69
252
147
235
104
31
37
61
69
254
236
234
192
31
55
61
69
366
235
148
193
31
38
43
67
246
241
238
107
31
38
62
67
247
239
237
231
31
55
62
67
369
238
242
233
31
43
44
68
261
228
241
110
31
43
67
68
262
242
240
237
31
55
67
68
372
241
230
239
32
45
47
71
159
171
244
113
32
45
69
71
160
245
243
213
32
56
69
71
375
244
172
214
34
38
43
67
237
150
247
116
34
38
62
67
238
248
246
231
34
58
62
67
378
247
151
232
36
41
43
67
262
156
250
119
36
41
65
67
263
251
249
168
36
60
65
67
381
250
157
169
37
39
45
69
219
234
253
122
37
39
63
69
220
254
252
256
37
61
63
69
384
253
235
257
37
39
46
70
225
258
256
125
37
39
63
70
226
257
255
253
37
61
63
70
387
256
260
254
37
42
46
70
204
255
259
128
37
42
66
70
205
260
258
198
37
61
66
70
390
259
257
199
41
43
44
68
240
183
262
131
41
43
67
68
241
263
261
249
41
65
67
68
393
262
184
250
48
50
56
80
304
270
265
134
48
50
74
80
305
266
264
268
48
72
74
80
396
265
272
269
48
50
71
95
303
291
268
137
48
50
74
95
305
269
267
265
48
72
74
95
399
268
293
266
48
53
56
80
346
264
271
140
48
53
77
80
347
272
270
274
48
72
77
80
402
271
266
275
48
53
59
83
349
286
274
143
48
53
77
83
350
275
273
271
48
72
77
83
405
274
287
272
48
55
58
82
364
283
277
146
48
55
79
82
365
278
276
280
48
72
79
82
408
277
284
281
48
55
69
93
366
292
280
149
48
55
79
93
368
281
279
277
48
72
79
93
411
280
293
278
48
58
67
91
378
288
283
152
48
58
82
91
380
284
282
276
48
72
82
91
414
283
290
278
48
59
60
84
294
289
286
155
48
59
83
84
295
287
285
273
48
72
83
84
417
286
290
275
48
60
67
91
381
282
289
158
48
60
84
91
383
290
288
285
48
72
84
91
420
289
284
287
48
69
71
95
375
267
292
161
48
69
93
95
376
293
291
279
48
72
93
95
423
292
269
281
49
59
60
84
285
301
295
164
49
59
83
84
286
296
294
298
49
73
83
84
426
295
302
299
49
59
65
89
348
300
298
167
49
59
83
89
349
299
297
295
49
73
83
89
429
298
302
296
49
60
65
89
382
297
301
170
49
60
84
89
383
302
300
294
49
73
84
89
432
301
299
296
50
56
71
95
375
267
304
173
50
56
80
95
377
305
303
264
50
74
80
95
435
304
268
265
51
55
57
81
361
313
307
176
51
55
79
81
362
308
306
310
51
75
79
81
438
307
314
311
51
55
65
89
327
316
310
179
51
55
79
89
328
311
309
307
51
75
79
89
441
310
317
308
51
57
68
92
360
315
313
182
51
57
81
92
361
314
312
306
51
75
81
92
444
313
317
308
51
65
68
92
393
312
316
185
51
65
89
92
395
317
315
309
51
75
89
92
447
316
314
311
52
54
64
88
342
334
319
188
52
54
78
88
343
320
318
322
52
76
78
88
450
319
335
323
52
54
70
94
357
336
322
191
52
54
78
94
359
323
321
319
52
76
78
94
453
322
338
320
52
55
61
85
367
331
325
194
52
55
79
85
368
326
324
328
52
76
79
85
456
325
332
329
52
55
65
89
309
333
328
197
52
55
79
89
310
329
327
325
52
76
79
89
459
328
335
326
52
61
66
90
391
337
331
200
52
61
85
90
392
332
330
324
52
76
85
90
462
331
338
326
52
64
65
89
354
327
334
203
52
64
88
89
355
335
333
318
52
76
88
89
465
334
329
320
52
66
70
94
390
321
337
206
52
66
90
94
391
338
336
330
52
76
90
94
468
337
323
332
53
54
63
87
358
352
340
209
53
54
78
87
359
341
339
343
53
77
78
87
471
340
353
344
53
54
64
88
318
355
343
212
53
54
78
88
319
344
342
340
53
77
78
88
474
343
356
341
53
56
69
93
376
351
346
215
53
56
80
93
377
347
345
270
53
77
80
93
477
346
353
271
53
59
65
89
297
354
349
218
53
59
83
89
298
350
348
273
53
77
83
89
480
349
356
274
53
63
69
93
384
345
352
221
53
63
87
93
385
353
351
339
53
77
87
93
483
352
347
341
53
64
65
89
333
348
355
224
53
64
88
89
334
356
354
342
53
77
88
89
486
355
350
344
54
63
70
94
387
321
358
227
54
63
87
94
388
359
357
339
54
78
87
94
489
358
322
340
55
57
68
92
312
372
361
230
55
57
81
92
313
362
360
306
55
79
81
92
492
361
374
307
55
58
62
86
379
370
364
233
55
58
82
86
380
365
363
276
55
79
82
86
495
364
371
277
55
61
69
93
384
279
367
236
55
61
85
93
386
368
366
324
55
79
85
93
498
367
280
325
55
62
67
91
378
373
370
239
55
62
86
91
379
371
369
363
55
79
86
91
501
370
374
365
55
67
68
92
393
360
373
242
55
67
91
92
394
374
372
369
55
79
91
92
504
373
362
371
56
69
71
95
291
303
376
245
56
69
93
95
292
377
375
345
56
80
93
95
507
376
304
346
58
62
67
91
369
282
379
248
58
62
86
91
370
380
378
363
58
82
86
91
510
379
283
364
60
65
67
91
394
288
382
251
60
65
89
91
395
383
381
300
60
84
89
91
513
382
289
301
61
63
69
93
351
366
385
254
61
63
87
93
352
386
384
388
61
85
87
93
516
385
367
389
61
63
70
94
357
390
388
257
61
63
87
94
358
389
387
385
61
85
87
94
519
388
392
386
61
66
70
94
336
387
391
260
61
66
90
94
337
392
390
330
61
85
90
94
522
391
389
331
65
67
68
92
372
315
394
263
65
67
91
92
373
395
393
381
65
89
91
92
525
394
316
382
72
74
80
8
436
402
397
266
72
74
2
8
437
398
396
400
72
0
2
8
0
397
404
401
72
74
95
23
435
423
400
269
72
74
2
23
437
401
399
397
72
0
2
23
3
400
425
398
72
77
80
8
478
396
403
272
72
77
5
8
479
404
402
406
72
0
5
8
6
403
398
407
72
77
83
11
481
418
406
275
72
77
5
11
482
407
405
403
72
0
5
11
9
406
419
404
72
79
82
10
496
415
409
278
72
79
7
10
497
410
408
412
72
0
7
10
12
409
416
413
72
79
93
21
498
424
412
281
72
79
7
21
500
413
411
409
72
0
7
21
15
412
425
410
72
82
91
19
510
420
415
284
72
82
10
19
512
416
414
408
72
0
10
19
18
415
422
410
72
83
84
12
426
421
418
287
72
83
11
12
427
419
417
405
72
0
11
12
21
418
422
407
72
84
91
19
513
414
421
290
72
84
12
19
515
422
420
417
72
0
12
19
24
421
416
419
72
93
95
23
507
399
424
293
72
93
21
23
508
425
423
411
72
0
21
23
27
424
401
413
73
83
84
12
417
433
427
296
73
83
11
12
418
428
426
430
73
1
11
12
30
427
434
431
73
83
89
17
480
432
430
299
73
83
11
17
481
431
429
427
73
1
11
17
33
430
434
428
73
84
89
17
514
429
433
302
73
84
12
17
515
434
432
426
73
1
12
17
36
433
431
428
74
80
95
23
507
399
436
305
74
80
8
23
509
437
435
396
74
2
8
23
39
436
400
397
75
79
81
9
493
445
439
308
75
79
7
9
494
440
438
442
75
3
7
9
42
439
446
443
75
79
89
17
459
448
442
311
75
79
7
17
460
443
441
439
75
3
7
17
45
442
449
440
75
81
92
20
492
447
445
314
75
81
9
20
493
446
444
438
75
3
9
20
48
445
449
440
75
89
92
20
525
444
448
317
75
89
17
20
527
449
447
441
75
3
17
20
51
448
446
443
76
78
88
16
474
466
451
320
76
78
6
16
475
452
450
454
76
4
6
16
54
451
467
455
76
78
94
22
489
468
454
323
76
78
6
22
491
455
453
451
76
4
6
22
57
454
470
452
76
79
85
13
499
463
457
326
76
79
7
13
500
458
456
460
76
4
7
13
60
457
464
461
76
79
89
17
441
465
460
329
76
79
7
17
442
461
459
457
76
4
7
17
63
460
467
458
76
85
90
18
523
469
463
332
76
85
13
18
524
464
462
456
76
4
13
18
66
463
470
458
76
88
89
17
486
459
466
335
76
88
16
17
487
467
465
450
76
4
16
17
69
466
461
452
76
90
94
22
522
453
469
338
76
90
18
22
523
470
468
462
76
4
18
22
72
469
455
464
77
78
87
15
490
484
472
341
77
78
6
15
491
473
471
475
77
5
6
15
75
472
485
476
77
78
88
16
450
487
475
344
77
78
6
16
451
476
474
472
77
5
6
16
78
475
488
473
77
80
93
21
508
483
478
347
77
80
8
21
509
479
477
402
77
5
8
21
81
478
485
403
77
83
89
17
429
486
481
350
77
83
11
17
430
482
480
405
77
5
11
17
84
481
488
406
77
87
93
21
516
477
484
353
77
87
15
21
517
485
483
471
77
5
15
21
87
484
479
473
77
88
89
17
465
480
487
356
77
88
16
17
466
488
486
474
77
5
16
17
90
487
482
476
78
87
94
22
519
453
490
359
78
87
15
22
520
491
489
471
78
6
15
22
93
490
454
472
79
81
92
20
444
504
493
362
79
81
9
20
445
494
492
438
79
7
9
20
96
493
506
439
79
82
86
14
511
502
496
365
79
82
10
14
512
497
495
408
79
7
10
14
99
496
503
409
79
85
93
21
516
411
499
368
79
85
13
21
518
500
498
456
79
7
13
21
102
499
412
457
79
86
91
19
510
505
502
371
79
86
14
19
511
503
501
495
79
7
14
19
105
502
506
497
79
91
92
20
525
492
505
374
79
91
19
20
526
506
504
501
79
7
19
20
108
505
494
503
80
93
95
23
423
435
508
377
80
93
21
23
424
509
507
477
80
8
21
23
111
508
436
478
82
86
91
19
501
414
511
380
82
86
14
19
502
512
510
495
82
10
14
19
114
511
415
496
84
89
91
19
526
420
514
383
84
89
17
19
527
515
513
432
84
12
17
19
117
514
421
433
85
87
93
21
483
498
517
386
85
87
15
21
484
518
516
520
85
13
15
21
120
517
499
521
85
87
94
22
489
522
520
389
85
87
15
22
490
521
519
517
85
13
15
22
123
520
524
518
85
90
94
22
468
519
523
392
85
90
18
22
469
524
522
462
85
13
18
22
126
523
521
463
89
91
92
20
504
447
526
395
89
91
19
20
505
527
525
513
89
17
19
20
129
526
448
514
528
