1
96
0
0
0
0
0
0
0
0
0
0
0
0
0
0
0
0
0
0
0
0
0
0
0
0
1
1
1
1
1
1
1
1
1
1
1
1
1
1
1
1
1
1
1
1
1
1
1
1
2
2
2
2
2
2
2
2
2
2
2
2
2
2
2
2
2
2
2
2
2
2
2
2
3
3
3
3
3
3
3
3
3
3
3
3
3
3
3
3
3
3
3
3
3
3
3
3
96
528
0
1
2
26
28
7
1
398
0
1
25
26
29
2
0
4
0
24
25
26
132
1
8
5
0
1
16
40
36
24
4
401
0
1
25
40
38
5
3
1
0
24
25
40
135
4
26
2
0
2
8
32
40
22
7
404
0
2
26
32
41
8
6
0
0
24
26
32
138
7
23
2
0
6
9
33
88
25
10
407
0
6
30
33
89
11
9
13
0
24
30
33
141
10
26
14
0
6
20
44
94
18
13
410
0
6
30
44
95
14
12
10
0
24
30
44
144
13
20
11
0
7
18
42
103
21
16
413
0
7
31
42
104
17
15
19
0
24
31
42
147
16
23
20
0
7
20
44
99
12
19
416
0
7
31
44
101
20
18
16
0
24
31
44
150
19
14
17
0
8
18
42
39
15
22
419
0
8
32
42
40
23
21
6
0
24
32
42
153
22
17
8
0
9
16
40
105
3
25
422
0
9
33
40
107
26
24
9
0
24
33
40
156
25
5
11
1
2
23
47
45
33
28
425
1
2
26
47
47
29
27
0
1
25
26
47
159
28
35
1
1
4
10
34
73
37
31
428
1
4
28
34
74
32
30
34
1
25
28
34
162
31
38
35
1
4
23
47
75
27
34
431
1
4
28
47
77
35
33
31
1
25
28
47
165
34
29
32
1
10
16
40
105
3
37
434
1
10
34
40
106
38
36
30
1
25
34
40
168
37
4
32
2
8
18
42
21
49
40
437
2
8
32
42
22
41
39
6
2
26
32
42
171
40
50
7
2
15
22
46
69
48
43
440
2
15
39
46
70
44
42
46
2
26
39
46
174
43
50
47
2
15
23
47
81
27
46
443
2
15
39
47
82
47
45
43
2
26
39
47
177
46
28
44
2
18
22
46
117
42
49
446
2
18
42
46
118
50
48
39
2
26
42
46
180
49
44
41
3
6
13
37
90
63
52
449
3
6
30
37
92
53
51
55
3
27
30
37
183
52
65
56
3
6
21
45
93
57
55
452
3
6
30
45
95
56
54
52
3
27
30
45
186
55
59
53
3
11
21
45
111
54
58
455
3
11
35
45
113
59
57
61
3
27
35
45
189
58
56
62
3
11
22
46
117
69
61
458
3
11
35
46
119
62
60
58
3
27
35
46
192
61
71
59
3
12
13
37
121
51
64
461
3
12
36
37
122
65
63
67
3
27
36
37
195
64
53
68
3
12
15
39
120
70
67
464
3
12
36
39
122
68
66
64
3
27
36
39
198
67
71
65
3
15
22
46
42
60
70
467
3
15
39
46
43
71
69
66
3
27
39
46
201
70
62
68
4
10
13
37
90
76
73
470
4
10
34
37
91
74
72
30
4
28
34
37
204
73
77
31
4
13
23
47
126
33
76
473
4
13
37
47
128
77
75
72
4
28
37
47
207
76
34
74
5
15
17
41
123
85
79
476
5
15
39
41
124
80
78
82
5
29
39
41
210
79
86
83
5
15
23
47
45
84
82
479
5
15
39
47
46
83
81
79
5
29
39
47
213
82
86
80
5
17
23
47
126
81
85
482
5
17
41
47
127
86
84
78
5
29
41
47
216
85
83
80
6
9
10
34
106
91
88
485
6
9
33
34
107
89
87
9
6
30
33
34
219
88
92
10
6
10
13
37
72
51
91
488
6
10
34
37
73
92
90
87
6
30
34
37
222
91
52
89
6
20
21
45
129
54
94
491
6
20
44
45
130
95
93
12
6
30
44
45
225
94
55
13
7
11
19
43
114
102
97
494
7
11
35
43
116
98
96
100
7
31
35
43
228
97
104
101
7
11
20
44
108
18
100
497
7
11
35
44
110
101
99
97
7
31
35
44
231
100
19
98
7
18
19
43
114
96
103
500
7
18
42
43
115
104
102
15
7
31
42
43
234
103
98
16
9
10
16
40
36
24
106
503
9
10
34
40
37
107
105
87
9
33
34
40
237
106
25
88
11
14
20
44
130
99
109
506
11
14
38
44
131
110
108
112
11
35
38
44
240
109
100
113
11
14
21
45
129
57
112
509
11
14
38
45
131
113
111
109
11
35
38
45
243
112
58
110
11
18
19
43
102
96
115
512
11
18
42
43
103
116
114
118
11
35
42
43
246
115
97
119
11
18
22
46
48
60
118
515
11
18
42
46
49
119
117
115
11
35
42
46
249
118
61
116
12
13
15
39
124
66
121
518
12
13
37
39
125
122
120
63
12
36
37
39
252
121
67
64
13
15
17
41
78
127
124
521
13
15
39
41
79
125
123
120
13
37
39
41
255
124
128
121
13
17
23
47
84
75
127
524
13
17
41
47
85
128
126
123
13
37
41
47
258
127
76
125
14
20
21
45
93
111
130
527
14
20
44
45
94
131
129
108
14
38
44
45
261
130
112
109
24
25
26
50
160
139
133
2
24
25
49
50
161
134
132
136
24
48
49
50
264
133
140
137
24
25
40
64
168
156
136
5
24
25
49
64
170
137
135
133
24
48
49
64
267
136
158
134
24
26
32
56
172
154
139
8
24
26
50
56
173
140
138
132
24
48
50
56
270
139
155
134
24
30
33
57
220
157
142
11
24
30
54
57
221
143
141
145
24
48
54
57
273
142
158
146
24
30
44
68
226
150
145
14
24
30
54
68
227
146
144
142
24
48
54
68
276
145
152
143
24
31
42
66
235
153
148
17
24
31
55
66
236
149
147
151
24
48
55
66
279
148
155
152
24
31
44
68
231
144
151
20
24
31
55
68
233
152
150
148
24
48
55
68
282
151
146
149
24
32
42
66
171
147
154
23
24
32
56
66
172
155
153
138
24
48
56
66
285
154
149
140
24
33
40
64
237
135
157
26
24
33
57
64
239
158
156
141
24
48
57
64
288
157
137
143
25
26
47
71
177
165
160
29
25
26
50
71
179
161
159
132
25
49
50
71
291
160
167
133
25
28
34
58
205
169
163
32
25
28
52
58
206
164
162
166
25
49
52
58
294
163
170
167
25
28
47
71
207
159
166
35
25
28
52
71
209
167
165
163
25
49
52
71
297
166
161
164
25
34
40
64
237
135
169
38
25
34
58
64
238
170
168
162
25
49
58
64
300
169
136
164
26
32
42
66
153
181
172
41
26
32
56
66
154
173
171
138
26
50
56
66
303
172
182
139
26
39
46
70
201
180
175
44
26
39
63
70
202
176
174
178
26
50
63
70
306
175
182
179
26
39
47
71
213
159
178
47
26
39
63
71
214
179
177
175
26
50
63
71
309
178
160
176
26
42
46
70
249
174
181
50
26
42
66
70
250
182
180
171
26
50
66
70
312
181
176
173
27
30
37
61
222
195
184
53
27
30
54
61
224
185
183
187
27
51
54
61
315
184
197
188
27
30
45
69
225
189
187
56
27
30
54
69
227
188
186
184
27
51
54
69
318
187
191
185
27
35
45
69
243
186
190
59
27
35
59
69
245
191
189
193
27
51
59
69
321
190
188
194
27
35
46
70
249
201
193
62
27
35
59
70
251
194
192
190
27
51
59
70
324
193
203
191
27
36
37
61
253
183
196
65
27
36
60
61
254
197
195
199
27
51
60
61
327
196
185
200
27
36
39
63
252
202
199
68
27
36
60
63
254
200
198
196
27
51
60
63
330
199
203
197
27
39
46
70
174
192
202
71
27
39
63
70
175
203
201
198
27
51
63
70
333
202
194
200
28
34
37
61
222
208
205
74
28
34
58
61
223
206
204
162
28
52
58
61
336
205
209
163
28
37
47
71
258
165
208
77
28
37
61
71
260
209
207
204
28
52
61
71
339
208
166
206
29
39
41
65
255
217
211
80
29
39
63
65
256
212
210
214
29
53
63
65
342
211
218
215
29
39
47
71
177
216
214
83
29
39
63
71
178
215
213
211
29
53
63
71
345
214
218
212
29
41
47
71
258
213
217
86
29
41
65
71
259
218
216
210
29
53
65
71
348
217
215
212
30
33
34
58
238
223
220
89
30
33
57
58
239
221
219
141
30
54
57
58
351
220
224
142
30
34
37
61
204
183
223
92
30
34
58
61
205
224
222
219
30
54
58
61
354
223
184
221
30
44
45
69
261
186
226
95
30
44
68
69
262
227
225
144
30
54
68
69
357
226
187
145
31
35
43
67
246
234
229
98
31
35
59
67
248
230
228
232
31
55
59
67
360
229
236
233
31
35
44
68
240
150
232
101
31
35
59
68
242
233
231
229
31
55
59
68
363
232
151
230
31
42
43
67
246
228
235
104
31
42
66
67
247
236
234
147
31
55
66
67
366
235
230
148
33
34
40
64
168
156
238
107
33
34
58
64
169
239
237
219
33
57
58
64
369
238
157
220
35
38
44
68
262
231
241
110
35
38
62
68
263
242
240
244
35
59
62
68
372
241
232
245
35
38
45
69
261
189
244
113
35
38
62
69
263
245
243
241
35
59
62
69
375
244
190
242
35
42
43
67
234
228
247
116
35
42
66
67
235
248
246
250
35
59
66
67
378
247
229
251
35
42
46
70
180
192
250
119
35
42
66
70
181
251
249
247
35
59
66
70
381
250
193
248
36
37
39
63
256
198
253
122
36
37
61
63
257
254
252
195
36
60
61
63
384
253
199
196
37
39
41
65
210
259
256
125
37
39
63
65
211
257
255
252
37
61
63
65
387
256
260
253
37
41
47
71
216
207
259
128
37
41
65
71
217
260
258
255
37
61
65
71
390
259
208
257
38
44
45
69
225
243
262
131
38
44
68
69
226
263
261
240
38
62
68
69
393
262
244
241
48
49
50
74
292
271
265
134
48
49
73
74
293
266
264
268
48
72
73
74
396
265
272
269
48
49
64
88
300
288
268
137
48
49
73
88
302
269
267
265
48
72
73
88
399
268
290
266
48
50
56
80
304
286
271
140
48
50
74
80
305
272
270
264
48
72
74
80
402
271
287
266
48
54
57
81
352
289
274
143
48
54
78
81
353
275
273
277
48
72
78
81
405
274
290
278
48
54
68
92
358
282
277
146
48
54
78
92
359
278
276
274
48
72
78
92
408
277
284
275
48
55
66
90
367
285
280
149
48
55
79
90
368
281
279
283
48
72
79
90
411
280
287
284
48
55
68
92
363
276
283
152
48
55
79
92
365
284
282
280
48
72
79
92
414
283
278
281
48
56
66
90
303
279
286
155
48
56
80
90
304
287
285
270
48
72
80
90
417
286
281
272
48
57
64
88
369
267
289
158
48
57
81
88
371
290
288
273
48
72
81
88
420
289
269
275
49
50
71
95
309
297
292
161
49
50
74
95
311
293
291
264
49
73
74
95
423
292
299
265
49
52
58
82
337
301
295
164
49
52
76
82
338
296
294
298
49
73
76
82
426
295
302
299
49
52
71
95
339
291
298
167
49
52
76
95
341
299
297
295
49
73
76
95
429
298
293
296
49
58
64
88
369
267
301
170
49
58
82
88
370
302
300
294
49
73
82
88
432
301
268
296
50
56
66
90
285
313
304
173
50
56
80
90
286
305
303
270
50
74
80
90
435
304
314
271
50
63
70
94
333
312
307
176
50
63
87
94
334
308
306
310
50
74
87
94
438
307
314
311
50
63
71
95
345
291
310
179
50
63
87
95
346
311
309
307
50
74
87
95
441
310
292
308
50
66
70
94
381
306
313
182
50
66
90
94
382
314
312
303
50
74
90
94
444
313
308
305
51
54
61
85
354
327
316
185
51
54
78
85
356
317
315
319
51
75
78
85
447
316
329
320
51
54
69
93
357
321
319
188
51
54
78
93
359
320
318
316
51
75
78
93
450
319
323
317
51
59
69
93
375
318
322
191
51
59
83
93
377
323
321
325
51
75
83
93
453
322
320
326
51
59
70
94
381
333
325
194
51
59
83
94
383
326
324
322
51
75
83
94
456
325
335
323
51
60
61
85
385
315
328
197
51
60
84
85
386
329
327
331
51
75
84
85
459
328
317
332
51
60
63
87
384
334
331
200
51
60
84
87
386
332
330
328
51
75
84
87
462
331
335
329
51
63
70
94
306
324
334
203
51
63
87
94
307
335
333
330
51
75
87
94
465
334
326
332
52
58
61
85
354
340
337
206
52
58
82
85
355
338
336
294
52
76
82
85
468
337
341
295
52
61
71
95
390
297
340
209
52
61
85
95
392
341
339
336
52
76
85
95
471
340
298
338
53
63
65
89
387
349
343
212
53
63
87
89
388
344
342
346
53
77
87
89
474
343
350
347
53
63
71
95
309
348
346
215
53
63
87
95
310
347
345
343
53
77
87
95
477
346
350
344
53
65
71
95
390
345
349
218
53
65
89
95
391
350
348
342
53
77
89
95
480
349
347
344
54
57
58
82
370
355
352
221
54
57
81
82
371
353
351
273
54
78
81
82
483
352
356
274
54
58
61
85
336
315
355
224
54
58
82
85
337
356
354
351
54
78
82
85
486
355
316
353
54
68
69
93
393
318
358
227
54
68
92
93
394
359
357
276
54
78
92
93
489
358
319
277
55
59
67
91
378
366
361
230
55
59
83
91
380
362
360
364
55
79
83
91
492
361
368
365
55
59
68
92
372
282
364
233
55
59
83
92
374
365
363
361
55
79
83
92
495
364
283
362
55
66
67
91
378
360
367
236
55
66
90
91
379
368
366
279
55
79
90
91
498
367
362
280
57
58
64
88
300
288
370
239
57
58
82
88
301
371
369
351
57
81
82
88
501
370
289
352
59
62
68
92
394
363
373
242
59
62
86
92
395
374
372
376
59
83
86
92
504
373
364
377
59
62
69
93
393
321
376
245
59
62
86
93
395
377
375
373
59
83
86
93
507
376
322
374
59
66
67
91
366
360
379
248
59
66
90
91
367
380
378
382
59
83
90
91
510
379
361
383
59
66
70
94
312
324
382
251
59
66
90
94
313
383
381
379
59
83
90
94
513
382
325
380
60
61
63
87
388
330
385
254
60
61
85
87
389
386
384
327
60
84
85
87
516
385
331
328
61
63
65
89
342
391
388
257
61
63
87
89
343
389
387
384
61
85
87
89
519
388
392
385
61
65
71
95
348
339
391
260
61
65
89
95
349
392
390
387
61
85
89
95
522
391
340
389
62
68
69
93
357
375
394
263
62
68
92
93
358
395
393
372
62
86
92
93
525
394
376
373
72
73
74
2
424
403
397
266
72
73
1
2
425
398
396
400
72
0
1
2
0
397
404
401
72
73
88
16
432
420
400
269
72
73
1
16
434
401
399
397
72
0
1
16
3
400
422
398
72
74
80
8
436
418
403
272
72
74
2
8
437
404
402
396
72
0
2
8
6
403
419
398
72
78
81
9
484
421
406
275
72
78
6
9
485
407
405
409
72
0
6
9
9
406
422
410
72
78
92
20
490
414
409
278
72
78
6
20
491
410
408
406
72
0
6
20
12
409
416
407
72
79
90
18
499
417
412
281
72
79
7
18
500
413
411
415
72
0
7
18
15
412
419
416
72
79
92
20
495
408
415
284
72
79
7
20
497
416
414
412
72
0
7
20
18
415
410
413
72
80
90
18
435
411
418
287
72
80
8
18
436
419
417
402
72
0
8
18
21
418
413
404
72
81
88
16
501
399
421
290
72
81
9
16
503
422
420
405
72
0
9
16
24
421
401
407
73
74
95
23
441
429
424
293
73
74
2
23
443
425
423
396
73
1
2
23
27
424
431
397
73
76
82
10
469
433
427
296
73
76
4
10
470
428
426
430
73
1
4
10
30
427
434
431
73
76
95
23
471
423
430
299
73
76
4
23
473
431
429
427
73
1
4
23
33
430
425
428
73
82
88
16
501
399
433
302
73
82
10
16
502
434
432
426
73
1
10
16
36
433
400
428
74
80
90
18
417
445
436
305
74
80
8
18
418
437
435
402
74
2
8
18
39
436
446
403
74
87
94
22
465
444
439
308
74
87
15
22
466
440
438
442
74
2
15
22
42
439
446
443
74
87
95
23
477
423
442
311
74
87
15
23
478
443
441
439
74
2
15
23
45
442
424
440
74
90
94
22
513
438
445
314
74
90
18
22
514
446
444
435
74
2
18
22
48
445
440
437
75
78
85
13
486
459
448
317
75
78
6
13
488
449
447
451
75
3
6
13
51
448
461
452
75
78
93
21
489
453
451
320
75
78
6
21
491
452
450
448
75
3
6
21
54
451
455
449
75
83
93
21
507
450
454
323
75
83
11
21
509
455
453
457
75
3
11
21
57
454
452
458
75
83
94
22
513
465
457
326
75
83
11
22
515
458
456
454
75
3
11
22
60
457
467
455
75
84
85
13
517
447
460
329
75
84
12
13
518
461
459
463
75
3
12
13
63
460
449
464
75
84
87
15
516
466
463
332
75
84
12
15
518
464
462
460
75
3
12
15
66
463
467
461
75
87
94
22
438
456
466
335
75
87
15
22
439
467
465
462
75
3
15
22
69
466
458
464
76
82
85
13
486
472
469
338
76
82
10
13
487
470
468
426
76
4
10
13
72
469
473
427
76
85
95
23
522
429
472
341
76
85
13
23
524
473
471
468
76
4
13
23
75
472
430
470
77
87
89
17
519
481
475
344
77
87
15
17
520
476
474
478
77
5
15
17
78
475
482
479
77
87
95
23
441
480
478
347
77
87
15
23
442
479
477
475
77
5
15
23
81
478
482
476
77
89
95
23
522
477
481
350
77
89
17
23
523
482
480
474
77
5
17
23
84
481
479
476
78
81
82
10
502
487
484
353
78
81
9
10
503
485
483
405
78
6
9
10
87
484
488
406
78
82
85
13
468
447
487
356
78
82
10
13
469
488
486
483
78
6
10
13
90
487
448
485
78
92
93
21
525
450
490
359
78
92
20
21
526
491
489
408
78
6
20
21
93
490
451
409
79
83
91
19
510
498
493
362
79
83
11
19
512
494
492
496
79
7
11
19
96
493
500
497
79
83
92
20
504
414
496
365
79
83
11
20
506
497
495
493
79
7
11
20
99
496
415
494
79
90
91
19
510
492
499
368
79
90
18
19
511
500
498
411
79
7
18
19
102
499
494
412
81
82
88
16
432
420
502
371
81
82
10
16
433
503
501
483
81
9
10
16
105
502
421
484
83
86
92
20
526
495
505
374
83
86
14
20
527
506
504
508
83
11
14
20
108
505
496
509
83
86
93
21
525
453
508
377
83
86
14
21
527
509
507
505
83
11
14
21
111
508
454
506
83
90
91
19
498
492
511
380
83
90
18
19
499
512
510
514
83
11
18
19
114
511
493
515
83
90
94
22
444
456
514
383
83
90
18
22
445
515
513
511
83
11
18
22
117
514
457
512
84
85
87
15
520
462
517
386
84
85
13
15
521
518
516
459
84
12
13
15
120
517
463
460
85
87
89
17
474
523
520
389
85
87
15
17
475
521
519
516
85
13
15
17
123
520
524
517
85
89
95
23
480
471
523
392
85
89
17
23
481
524
522
519
85
13
17
23
126
523
472
521
86
92
93
21
489
507
526
395
86
92
20
21
490
527
525
504
86
14
20
21
129
526
508
505
528
