1
48
0
0
0
0
0
0
0
0
0
0
0
0
1
1
1
1
1
1
1
1
1
1
1
1
2
2
2
2
2
2
2
2
2
2
2
2
3
3
3
3
3
3
3
3
3
3
3
3
48
240
0
1
7
19
16
6
1
182
0
1
13
19
17
2
0
4
0
12
13
19
60
1
8
5
0
1
9
21
22
12
4
185
0
1
13
21
23
5
3
1
0
12
13
21
63
4
14
2
0
5
7
19
42
0
7
188
0
5
17
19
43
8
6
10
0
12
17
19
66
7
2
11
0
5
8
20
24
13
10
191
0
5
17
20
25
11
9
7
0
12
17
20
69
10
14
8
0
8
9
21
58
3
13
194
0
8
20
21
59
14
12
9
0
12
20
21
72
13
5
11
1
7
8
20
48
19
16
197
1
7
19
20
49
17
15
0
1
13
19
20
75
16
20
1
1
8
11
23
57
21
19
200
1
8
20
23
59
20
18
15
1
13
20
23
78
19
23
17
1
9
11
23
57
18
22
203
1
9
21
23
58
23
21
3
1
13
21
23
81
22
20
4
2
5
8
20
9
30
25
206
2
5
17
20
10
26
24
28
2
14
17
20
84
25
32
29
2
5
10
22
45
33
28
209
2
5
17
22
46
29
27
25
2
14
17
22
87
28
35
26
2
6
8
20
55
24
31
212
2
6
18
20
56
32
30
34
2
14
18
20
90
31
26
35
2
6
10
22
54
27
34
215
2
6
18
22
56
35
33
31
2
14
18
22
93
34
29
32
3
4
8
20
52
48
37
218
3
4
16
20
53
38
36
40
3
15
16
20
96
37
50
41
3
4
10
22
51
45
40
221
3
4
16
22
53
41
39
37
3
15
16
22
99
40
47
38
3
5
7
19
6
49
43
224
3
5
17
19
7
44
42
46
3
15
17
19
102
43
50
47
3
5
10
22
27
39
46
227
3
5
17
22
28
47
45
43
3
15
17
22
105
46
41
44
3
7
8
20
15
36
49
230
3
7
19
20
16
50
48
42
3
15
19
20
108
49
38
44
4
8
10
22
54
39
52
233
4
8
20
22
55
53
51
36
4
16
20
22
111
52
40
37
6
8
10
22
51
33
55
236
6
8
20
22
52
56
54
30
6
18
20
22
114
55
34
31
8
9
11
23
21
18
58
239
8
9
21
23
22
59
57
12
8
20
21
23
117
58
19
13
12
13
19
31
76
66
61
2
12
13
25
31
77
62
60
64
12
24
25
31
120
61
68
65
12
13
21
33
82
72
64
5
12
13
25
33
83
65
63
61
12
24
25
33
123
64
74
62
12
17
19
31
102
60
67
8
12
17
29
31
103
68
66
70
12
24
29
31
126
67
62
71
12
17
20
32
84
73
70
11
12
17
29
32
85
71
69
67
12
24
29
32
129
70
74
68
12
20
21
33
118
63
73
14
12
20
32
33
119
74
72
69
12
24
32
33
132
73
65
71
13
19
20
32
108
79
76
17
13
19
31
32
109
77
75
60
13
25
31
32
135
76
80
61
13
20
23
35
117
81
79
20
13
20
32
35
119
80
78
75
13
25
32
35
138
79
83
77
13
21
23
35
117
78
82
23
13
21
33
35
118
83
81
63
13
25
33
35
141
82
80
64
14
17
20
32
69
90
85
26
14
17
29
32
70
86
84
88
14
26
29
32
144
85
92
89
14
17
22
34
105
93
88
29
14
17
29
34
106
89
87
85
14
26
29
34
147
88
95
86
14
18
20
32
115
84
91
32
14
18
30
32
116
92
90
94
14
26
30
32
150
91
86
95
14
18
22
34
114
87
94
35
14
18
30
34
116
95
93
91
14
26
30
34
153
94
89
92
15
16
20
32
112
108
97
38
15
16
28
32
113
98
96
100
15
27
28
32
156
97
110
101
15
16
22
34
111
105
100
41
15
16
28
34
113
101
99
97
15
27
28
34
159
100
107
98
15
17
19
31
66
109
103
44
15
17
29
31
67
104
102
106
15
27
29
31
162
103
110
107
15
17
22
34
87
99
106
47
15
17
29
34
88
107
105
103
15
27
29
34
165
106
101
104
15
19
20
32
75
96
109
50
15
19
31
32
76
110
108
102
15
27
31
32
168
109
98
104
16
20
22
34
114
99
112
53
16
20
32
34
115
113
111
96
16
28
32
34
171
112
100
97
18
20
22
34
111
93
115
56
18
20
32
34
112
116
114
90
18
30
32
34
174
115
94
91
20
21
23
35
81
78
118
59
20
21
33
35
82
119
117
72
20
32
33
35
177
118
79
73
24
25
31
43
136
126
121
62
24
25
37
43
137
122
120
124
24
36
37
43
180
121
128
125
24
25
33
45
142
132
124
65
24
25
37
45
143
125
123
121
24
36
37
45
183
124
134
122
24
29
31
43
162
120
127
68
24
29
41
43
163
128
126
130
24
36
41
43
186
127
122
131
24
29
32
44
144
133
130
71
24
29
41
44
145
131
129
127
24
36
41
44
189
130
134
128
24
32
33
45
178
123
133
74
24
32
44
45
179
134
132
129
24
36
44
45
192
133
125
131
25
31
32
44
168
139
136
77
25
31
43
44
169
137
135
120
25
37
43
44
195
136
140
121
25
32
35
47
177
141
139
80
25
32
44
47
179
140
138
135
25
37
44
47
198
139
143
137
25
33
35
47
177
138
142
83
25
33
45
47
178
143
141
123
25
37
45
47
201
142
140
124
26
29
32
44
129
150
145
86
26
29
41
44
130
146
144
148
26
38
41
44
204
145
152
149
26
29
34
46
165
153
148
89
26
29
41
46
166
149
147
145
26
38
41
46
207
148
155
146
26
30
32
44
175
144
151
92
26
30
42
44
176
152
150
154
26
38
42
44
210
151
146
155
26
30
34
46
174
147
154
95
26
30
42
46
176
155
153
151
26
38
42
46
213
154
149
152
27
28
32
44
172
168
157
98
27
28
40
44
173
158
156
160
27
39
40
44
216
157
170
161
27
28
34
46
171
165
160
101
27
28
40
46
173
161
159
157
27
39
40
46
219
160
167
158
27
29
31
43
126
169
163
104
27
29
41
43
127
164
162
166
27
39
41
43
222
163
170
167
27
29
34
46
147
159
166
107
27
29
41
46
148
167
165
163
27
39
41
46
225
166
161
164
27
31
32
44
135
156
169
110
27
31
43
44
136
170
168
162
27
39
43
44
228
169
158
164
28
32
34
46
174
159
172
113
28
32
44
46
175
173
171
156
28
40
44
46
231
172
160
157
30
32
34
46
171
153
175
116
30
32
44
46
172
176
174
150
30
42
44
46
234
175
154
151
32
33
35
47
141
138
178
119
32
33
45
47
142
179
177
132
32
44
45
47
237
178
139
133
36
37
43
7
196
186
181
122
36
37
1
7
197
182
180
184
36
0
1
7
0
181
188
185
36
37
45
9
202
192
184
125
36
37
1
9
203
185
183
181
36
0
1
9
3
184
194
182
36
41
43
7
222
180
187
128
36
41
5
7
223
188
186
190
36
0
5
7
6
187
182
191
36
41
44
8
204
193
190
131
36
41
5
8
205
191
189
187
36
0
5
8
9
190
194
188
36
44
45
9
238
183
193
134
36
44
8
9
239
194
192
189
36
0
8
9
12
193
185
191
37
43
44
8
228
199
196
137
37
43
7
8
229
197
195
180
37
1
7
8
15
196
200
181
37
44
47
11
237
201
199
140
37
44
8
11
239
200
198
195
37
1
8
11
18
199
203
197
37
45
47
11
237
198
202
143
37
45
9
11
238
203
201
183
37
1
9
11
21
202
200
184
38
41
44
8
189
210
205
146
38
41
5
8
190
206
204
208
38
2
5
8
24
205
212
209
38
41
46
10
225
213
208
149
38
41
5
10
226
209
207
205
38
2
5
10
27
208
215
206
38
42
44
8
235
204
211
152
38
42
6
8
236
212
210
214
38
2
6
8
30
211
206
215
38
42
46
10
234
207
214
155
38
42
6
10
236
215
213
211
38
2
6
10
33
214
209
212
39
40
44
8
232
228
217
158
39
40
4
8
233
218
216
220
39
3
4
8
36
217
230
221
39
40
46
10
231
225
220
161
39
40
4
10
233
221
219
217
39
3
4
10
39
220
227
218
39
41
43
7
186
229
223
164
39
41
5
7
187
224
222
226
39
3
5
7
42
223
230
227
39
41
46
10
207
219
226
167
39
41
5
10
208
227
225
223
39
3
5
10
45
226
221
224
39
43
44
8
195
216
229
170
39
43
7
8
196
230
228
222
39
3
7
8
48
229
218
224
40
44
46
10
234
219
232
173
40
44
8
10
235
233
231
216
40
4
8
10
51
232
220
217
42
44
46
10
231
213
235
176
42
44
8
10
232
236
234
210
42
6
8
10
54
235
214
211
44
45
47
11
201
198
238
179
44
45
9
11
202
239
237
192
44
8
9
11
57
238
199
193
240
