1
96
0
0
0
0
0
0
0
0
0
0
0
0
0
0
0
0
0
0
0
0
0
0
0
0
1
1
1
1
1
1
1
1
1
1
1
1
1
1
1
1
1
1
1
1
1
1
1
1
2
2
2
2
2
2
2
2
2
2
2
2
2
2
2
2
2
2
2
2
2
2
2
2
3
3
3
3
3
3
3
3
3
3
3
3
3
3
3
3
3
3
3
3
3
3
3
3
96
528
0
5
6
30
73
7
1
398
0
5
29
30
74
2
0
4
0
24
29
30
132
1
8
5
0
5
20
44
75
9
4
401
0
5
29
44
77
5
3
1
0
24
29
44
135
4
11
2
0
6
14
38
79
10
7
404
0
6
30
38
80
8
6
0
0
24
30
38
138
7
11
2
0
14
20
44
66
3
10
407
0
14
38
44
67
11
9
6
0
24
38
44
141
10
5
8
1
2
8
32
25
19
13
410
1
2
26
32
26
14
12
16
1
25
26
32
144
13
20
17
1
2
19
43
28
22
16
413
1
2
26
43
29
17
15
13
1
25
26
43
147
16
23
14
1
8
20
44
33
21
19
416
1
8
32
44
34
20
18
12
1
25
32
44
150
19
23
14
1
19
20
44
105
18
22
419
1
19
43
44
106
23
21
15
1
25
43
44
153
22
20
17
2
8
22
46
96
27
25
422
2
8
32
46
98
26
24
12
2
26
32
46
156
25
29
13
2
19
22
46
108
24
28
425
2
19
43
46
109
29
27
15
2
26
43
46
159
28
26
16
3
8
17
41
94
36
31
428
3
8
32
41
95
32
30
34
3
27
32
41
162
31
38
35
3
8
20
44
18
42
34
431
3
8
32
44
19
35
33
31
3
27
32
44
165
34
44
32
3
9
17
41
100
30
37
434
3
9
33
41
101
38
36
40
3
27
33
41
168
37
32
41
3
9
18
42
99
43
40
437
3
9
33
42
101
41
39
37
3
27
33
42
171
40
44
38
3
18
20
44
130
33
43
440
3
18
42
44
131
44
42
39
3
27
42
44
174
43
35
41
4
5
16
40
76
54
46
443
4
5
29
40
77
47
45
49
4
28
29
40
177
46
56
50
4
5
21
45
72
69
49
446
4
5
29
45
74
50
48
46
4
28
29
45
180
49
71
47
4
10
11
35
81
58
52
449
4
10
34
35
82
53
51
55
4
28
34
35
183
52
59
56
4
10
16
40
102
45
55
452
4
10
34
40
104
56
54
52
4
28
34
40
186
55
47
53
4
11
20
44
105
66
58
455
4
11
35
44
107
59
57
51
4
28
35
44
189
58
68
53
4
12
14
38
112
67
61
458
4
12
36
38
113
62
60
64
4
28
36
38
192
61
68
65
4
12
15
39
115
70
64
461
4
12
36
39
116
65
63
61
4
28
36
39
195
64
71
62
4
14
20
44
9
57
67
464
4
14
38
44
10
68
66
60
4
28
38
44
198
67
59
62
4
15
21
45
114
48
70
467
4
15
39
45
115
71
69
63
4
28
39
45
201
70
50
65
5
6
21
45
78
48
73
470
5
6
30
45
80
74
72
0
5
29
30
45
204
73
49
1
5
16
20
44
127
3
76
473
5
16
40
44
128
77
75
45
5
29
40
44
207
76
4
46
6
14
21
45
124
72
79
476
6
14
38
45
125
80
78
6
6
30
38
45
210
79
73
7
7
10
11
35
51
88
82
479
7
10
34
35
52
83
81
85
7
31
34
35
213
82
89
86
7
10
13
37
103
91
85
482
7
10
34
37
104
86
84
82
7
31
34
37
216
85
92
83
7
11
22
46
108
90
88
485
7
11
35
46
110
89
87
81
7
31
35
46
219
88
92
83
7
13
22
46
120
87
91
488
7
13
37
46
122
92
90
84
7
31
37
46
222
91
89
86
8
17
18
42
99
97
94
491
8
17
41
42
100
95
93
30
8
32
41
42
225
94
98
31
8
18
22
46
129
24
97
494
8
18
42
46
131
98
96
93
8
32
42
46
228
97
25
95
9
17
18
42
93
39
100
497
9
17
41
42
94
101
99
36
9
33
41
42
231
100
40
37
10
13
16
40
121
54
103
500
10
13
37
40
122
104
102
84
10
34
37
40
234
103
55
85
11
19
20
44
21
57
106
503
11
19
43
44
22
107
105
109
11
35
43
44
237
106
58
110
11
19
22
46
27
87
109
506
11
19
43
46
28
110
108
106
11
35
43
46
240
109
88
107
12
14
23
47
123
117
112
509
12
14
38
47
125
113
111
60
12
36
38
47
243
112
119
61
12
15
21
45
69
118
115
512
12
15
39
45
70
116
114
63
12
36
39
45
246
115
119
64
12
21
23
47
123
111
118
515
12
21
45
47
124
119
117
114
12
36
45
47
249
118
113
116
13
16
22
46
126
90
121
518
13
16
40
46
128
122
120
102
13
37
40
46
252
121
91
103
14
21
23
47
117
111
124
521
14
21
45
47
118
125
123
78
14
38
45
47
255
124
112
79
16
20
22
46
129
120
127
524
16
20
44
46
130
128
126
75
16
40
44
46
258
127
121
76
18
20
22
46
126
96
130
527
18
20
44
46
127
131
129
42
18
42
44
46
261
130
97
43
24
29
30
54
205
139
133
2
24
29
53
54
206
134
132
136
24
48
53
54
264
133
140
137
24
29
44
68
207
141
136
5
24
29
53
68
209
137
135
133
24
48
53
68
267
136
143
134
24
30
38
62
211
142
139
8
24
30
54
62
212
140
138
132
24
48
54
62
270
139
143
134
24
38
44
68
198
135
142
11
24
38
62
68
199
143
141
138
24
48
62
68
273
142
137
140
25
26
32
56
157
151
145
14
25
26
50
56
158
146
144
148
25
49
50
56
276
145
152
149
25
26
43
67
160
154
148
17
25
26
50
67
161
149
147
145
25
49
50
67
279
148
155
146
25
32
44
68
165
153
151
20
25
32
56
68
166
152
150
144
25
49
56
68
282
151
155
146
25
43
44
68
237
150
154
23
25
43
67
68
238
155
153
147
25
49
67
68
285
154
152
149
26
32
46
70
228
159
157
26
26
32
56
70
230
158
156
144
26
50
56
70
288
157
161
145
26
43
46
70
240
156
160
29
26
43
67
70
241
161
159
147
26
50
67
70
291
160
158
148
27
32
41
65
226
168
163
32
27
32
56
65
227
164
162
166
27
51
56
65
294
163
170
167
27
32
44
68
150
174
166
35
27
32
56
68
151
167
165
163
27
51
56
68
297
166
176
164
27
33
41
65
232
162
169
38
27
33
57
65
233
170
168
172
27
51
57
65
300
169
164
173
27
33
42
66
231
175
172
41
27
33
57
66
233
173
171
169
27
51
57
66
303
172
176
170
27
42
44
68
262
165
175
44
27
42
66
68
263
176
174
171
27
51
66
68
306
175
167
173
28
29
40
64
208
186
178
47
28
29
53
64
209
179
177
181
28
52
53
64
309
178
188
182
28
29
45
69
204
201
181
50
28
29
53
69
206
182
180
178
28
52
53
69
312
181
203
179
28
34
35
59
213
190
184
53
28
34
58
59
214
185
183
187
28
52
58
59
315
184
191
188
28
34
40
64
234
177
187
56
28
34
58
64
236
188
186
184
28
52
58
64
318
187
179
185
28
35
44
68
237
198
190
59
28
35
59
68
239
191
189
183
28
52
59
68
321
190
200
185
28
36
38
62
244
199
193
62
28
36
60
62
245
194
192
196
28
52
60
62
324
193
200
197
28
36
39
63
247
202
196
65
28
36
60
63
248
197
195
193
28
52
60
63
327
196
203
194
28
38
44
68
141
189
199
68
28
38
62
68
142
200
198
192
28
52
62
68
330
199
191
194
28
39
45
69
246
180
202
71
28
39
63
69
247
203
201
195
28
52
63
69
333
202
182
197
29
30
45
69
210
180
205
74
29
30
54
69
212
206
204
132
29
53
54
69
336
205
181
133
29
40
44
68
259
135
208
77
29
40
64
68
260
209
207
177
29
53
64
68
339
208
136
178
30
38
45
69
256
204
211
80
30
38
62
69
257
212
210
138
30
54
62
69
342
211
205
139
31
34
35
59
183
220
214
83
31
34
58
59
184
215
213
217
31
55
58
59
345
214
221
218
31
34
37
61
235
223
217
86
31
34
58
61
236
218
216
214
31
55
58
61
348
217
224
215
31
35
46
70
240
222
220
89
31
35
59
70
242
221
219
213
31
55
59
70
351
220
224
215
31
37
46
70
252
219
223
92
31
37
61
70
254
224
222
216
31
55
61
70
354
223
221
218
32
41
42
66
231
229
226
95
32
41
65
66
232
227
225
162
32
56
65
66
357
226
230
163
32
42
46
70
261
156
229
98
32
42
66
70
263
230
228
225
32
56
66
70
360
229
157
227
33
41
42
66
225
171
232
101
33
41
65
66
226
233
231
168
33
57
65
66
363
232
172
169
34
37
40
64
253
186
235
104
34
37
61
64
254
236
234
216
34
58
61
64
366
235
187
217
35
43
44
68
153
189
238
107
35
43
67
68
154
239
237
241
35
59
67
68
369
238
190
242
35
43
46
70
159
219
241
110
35
43
67
70
160
242
240
238
35
59
67
70
372
241
220
239
36
38
47
71
255
249
244
113
36
38
62
71
257
245
243
192
36
60
62
71
375
244
251
193
36
39
45
69
201
250
247
116
36
39
63
69
202
248
246
195
36
60
63
69
378
247
251
196
36
45
47
71
255
243
250
119
36
45
69
71
256
251
249
246
36
60
69
71
381
250
245
248
37
40
46
70
258
222
253
122
37
40
64
70
260
254
252
234
37
61
64
70
384
253
223
235
38
45
47
71
249
243
256
125
38
45
69
71
250
257
255
210
38
62
69
71
387
256
244
211
40
44
46
70
261
252
259
128
40
44
68
70
262
260
258
207
40
64
68
70
390
259
253
208
42
44
46
70
258
228
262
131
42
44
68
70
259
263
261
174
42
66
68
70
393
262
229
175
48
53
54
78
337
271
265
134
48
53
77
78
338
266
264
268
48
72
77
78
396
265
272
269
48
53
68
92
339
273
268
137
48
53
77
92
341
269
267
265
48
72
77
92
399
268
275
266
48
54
62
86
343
274
271
140
48
54
78
86
344
272
270
264
48
72
78
86
402
271
275
266
48
62
68
92
330
267
274
143
48
62
86
92
331
275
273
270
48
72
86
92
405
274
269
272
49
50
56
80
289
283
277
146
49
50
74
80
290
278
276
280
49
73
74
80
408
277
284
281
49
50
67
91
292
286
280
149
49
50
74
91
293
281
279
277
49
73
74
91
411
280
287
278
49
56
68
92
297
285
283
152
49
56
80
92
298
284
282
276
49
73
80
92
414
283
287
278
49
67
68
92
369
282
286
155
49
67
91
92
370
287
285
279
49
73
91
92
417
286
284
281
50
56
70
94
360
291
289
158
50
56
80
94
362
290
288
276
50
74
80
94
420
289
293
277
50
67
70
94
372
288
292
161
50
67
91
94
373
293
291
279
50
74
91
94
423
292
290
280
51
56
65
89
358
300
295
164
51
56
80
89
359
296
294
298
51
75
80
89
426
295
302
299
51
56
68
92
282
306
298
167
51
56
80
92
283
299
297
295
51
75
80
92
429
298
308
296
51
57
65
89
364
294
301
170
51
57
81
89
365
302
300
304
51
75
81
89
432
301
296
305
51
57
66
90
363
307
304
173
51
57
81
90
365
305
303
301
51
75
81
90
435
304
308
302
51
66
68
92
394
297
307
176
51
66
90
92
395
308
306
303
51
75
90
92
438
307
299
305
52
53
64
88
340
318
310
179
52
53
77
88
341
311
309
313
52
76
77
88
441
310
320
314
52
53
69
93
336
333
313
182
52
53
77
93
338
314
312
310
52
76
77
93
444
313
335
311
52
58
59
83
345
322
316
185
52
58
82
83
346
317
315
319
52
76
82
83
447
316
323
320
52
58
64
88
366
309
319
188
52
58
82
88
368
320
318
316
52
76
82
88
450
319
311
317
52
59
68
92
369
330
322
191
52
59
83
92
371
323
321
315
52
76
83
92
453
322
332
317
52
60
62
86
376
331
325
194
52
60
84
86
377
326
324
328
52
76
84
86
456
325
332
329
52
60
63
87
379
334
328
197
52
60
84
87
380
329
327
325
52
76
84
87
459
328
335
326
52
62
68
92
273
321
331
200
52
62
86
92
274
332
330
324
52
76
86
92
462
331
323
326
52
63
69
93
378
312
334
203
52
63
87
93
379
335
333
327
52
76
87
93
465
334
314
329
53
54
69
93
342
312
337
206
53
54
78
93
344
338
336
264
53
77
78
93
468
337
313
265
53
64
68
92
391
267
340
209
53
64
88
92
392
341
339
309
53
77
88
92
471
340
268
310
54
62
69
93
388
336
343
212
54
62
86
93
389
344
342
270
54
78
86
93
474
343
337
271
55
58
59
83
315
352
346
215
55
58
82
83
316
347
345
349
55
79
82
83
477
346
353
350
55
58
61
85
367
355
349
218
55
58
82
85
368
350
348
346
55
79
82
85
480
349
356
347
55
59
70
94
372
354
352
221
55
59
83
94
374
353
351
345
55
79
83
94
483
352
356
347
55
61
70
94
384
351
355
224
55
61
85
94
386
356
354
348
55
79
85
94
486
355
353
350
56
65
66
90
363
361
358
227
56
65
89
90
364
359
357
294
56
80
89
90
489
358
362
295
56
66
70
94
393
288
361
230
56
66
90
94
395
362
360
357
56
80
90
94
492
361
289
359
57
65
66
90
357
303
364
233
57
65
89
90
358
365
363
300
57
81
89
90
495
364
304
301
58
61
64
88
385
318
367
236
58
61
85
88
386
368
366
348
58
82
85
88
498
367
319
349
59
67
68
92
285
321
370
239
59
67
91
92
286
371
369
373
59
83
91
92
501
370
322
374
59
67
70
94
291
351
373
242
59
67
91
94
292
374
372
370
59
83
91
94
504
373
352
371
60
62
71
95
387
381
376
245
60
62
86
95
389
377
375
324
60
84
86
95
507
376
383
325
60
63
69
93
333
382
379
248
60
63
87
93
334
380
378
327
60
84
87
93
510
379
383
328
60
69
71
95
387
375
382
251
60
69
93
95
388
383
381
378
60
84
93
95
513
382
377
380
61
64
70
94
390
354
385
254
61
64
88
94
392
386
384
366
61
85
88
94
516
385
355
367
62
69
71
95
381
375
388
257
62
69
93
95
382
389
387
342
62
86
93
95
519
388
376
343
64
68
70
94
393
384
391
260
64
68
92
94
394
392
390
339
64
88
92
94
522
391
385
340
66
68
70
94
390
360
394
263
66
68
92
94
391
395
393
306
66
90
92
94
525
394
361
307
72
77
78
6
469
403
397
266
72
77
5
6
470
398
396
400
72
0
5
6
0
397
404
401
72
77
92
20
471
405
400
269
72
77
5
20
473
401
399
397
72
0
5
20
3
400
407
398
72
78
86
14
475
406
403
272
72
78
6
14
476
404
402
396
72
0
6
14
6
403
407
398
72
86
92
20
462
399
406
275
72
86
14
20
463
407
405
402
72
0
14
20
9
406
401
404
73
74
80
8
421
415
409
278
73
74
2
8
422
410
408
412
73
1
2
8
12
409
416
413
73
74
91
19
424
418
412
281
73
74
2
19
425
413
411
409
73
1
2
19
15
412
419
410
73
80
92
20
429
417
415
284
73
80
8
20
430
416
414
408
73
1
8
20
18
415
419
410
73
91
92
20
501
414
418
287
73
91
19
20
502
419
417
411
73
1
19
20
21
418
416
413
74
80
94
22
492
423
421
290
74
80
8
22
494
422
420
408
74
2
8
22
24
421
425
409
74
91
94
22
504
420
424
293
74
91
19
22
505
425
423
411
74
2
19
22
27
424
422
412
75
80
89
17
490
432
427
296
75
80
8
17
491
428
426
430
75
3
8
17
30
427
434
431
75
80
92
20
414
438
430
299
75
80
8
20
415
431
429
427
75
3
8
20
33
430
440
428
75
81
89
17
496
426
433
302
75
81
9
17
497
434
432
436
75
3
9
17
36
433
428
437
75
81
90
18
495
439
436
305
75
81
9
18
497
437
435
433
75
3
9
18
39
436
440
434
75
90
92
20
526
429
439
308
75
90
18
20
527
440
438
435
75
3
18
20
42
439
431
437
76
77
88
16
472
450
442
311
76
77
5
16
473
443
441
445
76
4
5
16
45
442
452
446
76
77
93
21
468
465
445
314
76
77
5
21
470
446
444
442
76
4
5
21
48
445
467
443
76
82
83
11
477
454
448
317
76
82
10
11
478
449
447
451
76
4
10
11
51
448
455
452
76
82
88
16
498
441
451
320
76
82
10
16
500
452
450
448
76
4
10
16
54
451
443
449
76
83
92
20
501
462
454
323
76
83
11
20
503
455
453
447
76
4
11
20
57
454
464
449
76
84
86
14
508
463
457
326
76
84
12
14
509
458
456
460
76
4
12
14
60
457
464
461
76
84
87
15
511
466
460
329
76
84
12
15
512
461
459
457
76
4
12
15
63
460
467
458
76
86
92
20
405
453
463
332
76
86
14
20
406
464
462
456
76
4
14
20
66
463
455
458
76
87
93
21
510
444
466
335
76
87
15
21
511
467
465
459
76
4
15
21
69
466
446
461
77
78
93
21
474
444
469
338
77
78
6
21
476
470
468
396
77
5
6
21
72
469
445
397
77
88
92
20
523
399
472
341
77
88
16
20
524
473
471
441
77
5
16
20
75
472
400
442
78
86
93
21
520
468
475
344
78
86
14
21
521
476
474
402
78
6
14
21
78
475
469
403
79
82
83
11
447
484
478
347
79
82
10
11
448
479
477
481
79
7
10
11
81
478
485
482
79
82
85
13
499
487
481
350
79
82
10
13
500
482
480
478
79
7
10
13
84
481
488
479
79
83
94
22
504
486
484
353
79
83
11
22
506
485
483
477
79
7
11
22
87
484
488
479
79
85
94
22
516
483
487
356
79
85
13
22
518
488
486
480
79
7
13
22
90
487
485
482
80
89
90
18
495
493
490
359
80
89
17
18
496
491
489
426
80
8
17
18
93
490
494
427
80
90
94
22
525
420
493
362
80
90
18
22
527
494
492
489
80
8
18
22
96
493
421
491
81
89
90
18
489
435
496
365
81
89
17
18
490
497
495
432
81
9
17
18
99
496
436
433
82
85
88
16
517
450
499
368
82
85
13
16
518
500
498
480
82
10
13
16
102
499
451
481
83
91
92
20
417
453
502
371
83
91
19
20
418
503
501
505
83
11
19
20
105
502
454
506
83
91
94
22
423
483
505
374
83
91
19
22
424
506
504
502
83
11
19
22
108
505
484
503
84
86
95
23
519
513
508
377
84
86
14
23
521
509
507
456
84
12
14
23
111
508
515
457
84
87
93
21
465
514
511
380
84
87
15
21
466
512
510
459
84
12
15
21
114
511
515
460
84
93
95
23
519
507
514
383
84
93
21
23
520
515
513
510
84
12
21
23
117
514
509
512
85
88
94
22
522
486
517
386
85
88
16
22
524
518
516
498
85
13
16
22
120
517
487
499
86
93
95
23
513
507
520
389
86
93
21
23
514
521
519
474
86
14
21
23
123
520
508
475
88
92
94
22
525
516
523
392
88
92
20
22
526
524
522
471
88
16
20
22
126
523
517
472
90
92
94
22
522
492
526
395
90
92
20
22
523
527
525
438
90
18
20
22
129
526
493
439
528
