1
96
0
0
0
0
0
0
0
0
0
0
0
0
0
0
0
0
0
0
0
0
0
0
0
0
1
1
1
1
1
1
1
1
1
1
1
1
1
1
1
1
1
1
1
1
1
1
1
1
2
2
2
2
2
2
2
2
2
2
2
2
2
2
2
2
2
2
2
2
2
2
2
2
3
3
3
3
3
3
3
3
3
3
3
3
3
3
3
3
3
3
3
3
3
3
3
3
96
528
0
4
15
39
24
6
1
398
0
4
28
39
25
2
0
4
0
24
28
39
132
1
8
5
0
4
20
44
61
12
4
401
0
4
28
44
62
5
3
1
0
24
28
44
135
4
14
2
0
6
15
39
63
0
7
404
0
6
30
39
64
8
6
10
0
24
30
39
138
7
2
11
0
6
16
40
66
13
10
407
0
6
30
40
67
11
9
7
0
24
30
40
141
10
14
8
0
16
20
44
105
3
13
410
0
16
40
44
106
14
12
9
0
24
40
44
144
13
5
11
1
2
5
29
43
28
16
413
1
2
26
29
44
17
15
19
1
25
26
29
147
16
29
20
1
2
7
31
42
31
19
416
1
2
26
31
44
20
18
16
1
25
26
31
150
19
32
17
1
4
9
33
58
34
22
419
1
4
28
33
59
23
21
25
1
25
28
33
153
22
35
26
1
4
15
39
0
36
25
422
1
4
28
39
1
26
24
22
1
25
28
39
156
25
38
23
1
5
12
36
72
33
28
425
1
5
29
36
74
29
27
15
1
25
29
36
159
28
35
17
1
7
23
47
93
39
31
428
1
7
31
47
95
32
30
18
1
25
31
47
162
31
41
20
1
9
12
36
72
27
34
431
1
9
33
36
73
35
33
21
1
25
33
36
165
34
29
23
1
13
15
39
124
24
37
434
1
13
37
39
125
38
36
40
1
25
37
39
168
37
26
41
1
13
23
47
93
30
40
437
1
13
37
47
94
41
39
37
1
25
37
47
171
40
32
38
2
5
7
31
70
18
43
440
2
5
29
31
71
44
42
15
2
26
29
31
174
43
19
16
3
5
9
33
73
52
46
443
3
5
29
33
74
47
45
49
3
27
29
33
177
46
53
50
3
5
17
41
81
54
49
446
3
5
29
41
83
50
48
46
3
27
29
41
180
49
56
47
3
9
14
38
96
55
52
449
3
9
33
38
97
53
51
45
3
27
33
38
183
52
56
47
3
14
17
41
81
48
55
452
3
14
38
41
82
56
54
51
3
27
38
41
186
55
50
53
4
9
21
45
99
60
58
455
4
9
33
45
100
59
57
21
4
28
33
45
189
58
62
22
4
20
21
45
108
57
61
458
4
20
44
45
109
62
60
3
4
28
44
45
192
61
59
4
5
6
15
39
6
88
64
461
5
6
30
39
7
65
63
67
5
29
30
39
195
64
89
68
5
6
16
40
9
75
67
464
5
6
30
40
10
68
66
64
5
29
30
40
198
67
77
65
5
7
18
42
90
87
70
467
5
7
31
42
92
71
69
42
5
29
31
42
201
70
89
43
5
9
12
36
33
27
73
470
5
9
33
36
34
74
72
45
5
29
33
36
204
73
28
46
5
10
16
40
111
66
76
473
5
10
34
40
113
77
75
79
5
29
34
40
207
76
68
80
5
10
22
46
117
84
79
476
5
10
34
46
119
80
78
76
5
29
34
46
210
79
86
77
5
14
17
41
54
48
82
479
5
14
38
41
55
83
81
85
5
29
38
41
213
82
49
86
5
14
22
46
129
78
85
482
5
14
38
46
131
86
84
82
5
29
38
46
216
85
80
83
5
15
18
42
123
69
88
485
5
15
39
42
124
89
87
63
5
29
39
42
219
88
71
65
7
13
18
42
123
69
91
488
7
13
37
42
125
92
90
94
7
31
37
42
222
91
70
95
7
13
23
47
39
30
94
491
7
13
37
47
40
95
93
91
7
31
37
47
225
94
31
92
8
9
14
38
51
103
97
494
8
9
33
38
52
98
96
100
8
32
33
38
228
97
104
101
8
9
21
45
57
108
100
497
8
9
33
45
58
101
99
97
8
32
33
45
231
100
110
98
8
14
16
40
127
106
103
500
8
14
38
40
128
104
102
96
8
32
38
40
234
103
107
98
8
16
20
44
12
109
106
503
8
16
40
44
13
107
105
102
8
32
40
44
237
106
110
104
8
20
21
45
60
99
109
506
8
20
44
45
61
110
108
105
8
32
44
45
240
109
101
107
10
11
16
40
121
75
112
509
10
11
35
40
122
113
111
115
10
34
35
40
243
112
76
116
10
11
19
43
120
118
115
512
10
11
35
43
122
116
114
112
10
34
35
43
246
115
119
113
10
19
22
46
129
78
118
515
10
19
43
46
130
119
117
114
10
34
43
46
249
118
79
116
11
16
19
43
126
114
121
518
11
16
40
43
127
122
120
111
11
35
40
43
252
121
115
112
13
15
18
42
87
90
124
521
13
15
39
42
88
125
123
36
13
37
39
42
255
124
91
37
14
16
19
43
120
130
127
524
14
16
40
43
121
128
126
102
14
38
40
43
258
127
131
103
14
19
22
46
117
84
130
527
14
19
43
46
118
131
129
126
14
38
43
46
261
130
85
128
24
28
39
63
156
138
133
2
24
28
52
63
157
134
132
136
24
48
52
63
264
133
140
137
24
28
44
68
193
144
136
5
24
28
52
68
194
137
135
133
24
48
52
68
267
136
146
134
24
30
39
63
195
132
139
8
24
30
54
63
196
140
138
142
24
48
54
63
270
139
134
143
24
30
40
64
198
145
142
11
24
30
54
64
199
143
141
139
24
48
54
64
273
142
146
140
24
40
44
68
237
135
145
14
24
40
64
68
238
146
144
141
24
48
64
68
276
145
137
143
25
26
29
53
175
160
148
17
25
26
50
53
176
149
147
151
25
49
50
53
279
148
161
152
25
26
31
55
174
163
151
20
25
26
50
55
176
152
150
148
25
49
50
55
282
151
164
149
25
28
33
57
190
166
154
23
25
28
52
57
191
155
153
157
25
49
52
57
285
154
167
158
25
28
39
63
132
168
157
26
25
28
52
63
133
158
156
154
25
49
52
63
288
157
170
155
25
29
36
60
204
165
160
29
25
29
53
60
206
161
159
147
25
49
53
60
291
160
167
149
25
31
47
71
225
171
163
32
25
31
55
71
227
164
162
150
25
49
55
71
294
163
173
152
25
33
36
60
204
159
166
35
25
33
57
60
205
167
165
153
25
49
57
60
297
166
161
155
25
37
39
63
256
156
169
38
25
37
61
63
257
170
168
172
25
49
61
63
300
169
158
173
25
37
47
71
225
162
172
41
25
37
61
71
226
173
171
169
25
49
61
71
303
172
164
170
26
29
31
55
202
150
175
44
26
29
53
55
203
176
174
147
26
50
53
55
306
175
151
148
27
29
33
57
205
184
178
47
27
29
53
57
206
179
177
181
27
51
53
57
309
178
185
182
27
29
41
65
213
186
181
50
27
29
53
65
215
182
180
178
27
51
53
65
312
181
188
179
27
33
38
62
228
187
184
53
27
33
57
62
229
185
183
177
27
51
57
62
315
184
188
179
27
38
41
65
213
180
187
56
27
38
62
65
214
188
186
183
27
51
62
65
318
187
182
185
28
33
45
69
231
192
190
59
28
33
57
69
232
191
189
153
28
52
57
69
321
190
194
154
28
44
45
69
240
189
193
62
28
44
68
69
241
194
192
135
28
52
68
69
324
193
191
136
29
30
39
63
138
220
196
65
29
30
54
63
139
197
195
199
29
53
54
63
327
196
221
200
29
30
40
64
141
207
199
68
29
30
54
64
142
200
198
196
29
53
54
64
330
199
209
197
29
31
42
66
222
219
202
71
29
31
55
66
224
203
201
174
29
53
55
66
333
202
221
175
29
33
36
60
165
159
205
74
29
33
57
60
166
206
204
177
29
53
57
60
336
205
160
178
29
34
40
64
243
198
208
77
29
34
58
64
245
209
207
211
29
53
58
64
339
208
200
212
29
34
46
70
249
216
211
80
29
34
58
70
251
212
210
208
29
53
58
70
342
211
218
209
29
38
41
65
186
180
214
83
29
38
62
65
187
215
213
217
29
53
62
65
345
214
181
218
29
38
46
70
261
210
217
86
29
38
62
70
263
218
216
214
29
53
62
70
348
217
212
215
29
39
42
66
255
201
220
89
29
39
63
66
256
221
219
195
29
53
63
66
351
220
203
197
31
37
42
66
255
201
223
92
31
37
61
66
257
224
222
226
31
55
61
66
354
223
202
227
31
37
47
71
171
162
226
95
31
37
61
71
172
227
225
223
31
55
61
71
357
226
163
224
32
33
38
62
183
235
229
98
32
33
57
62
184
230
228
232
32
56
57
62
360
229
236
233
32
33
45
69
189
240
232
101
32
33
57
69
190
233
231
229
32
56
57
69
363
232
242
230
32
38
40
64
259
238
235
104
32
38
62
64
260
236
234
228
32
56
62
64
366
235
239
230
32
40
44
68
144
241
238
107
32
40
64
68
145
239
237
234
32
56
64
68
369
238
242
236
32
44
45
69
192
231
241
110
32
44
68
69
193
242
240
237
32
56
68
69
372
241
233
239
34
35
40
64
253
207
244
113
34
35
59
64
254
245
243
247
34
58
59
64
375
244
208
248
34
35
43
67
252
250
247
116
34
35
59
67
254
248
246
244
34
58
59
67
378
247
251
245
34
43
46
70
261
210
250
119
34
43
67
70
262
251
249
246
34
58
67
70
381
250
211
248
35
40
43
67
258
246
253
122
35
40
64
67
259
254
252
243
35
59
64
67
384
253
247
244
37
39
42
66
219
222
256
125
37
39
63
66
220
257
255
168
37
61
63
66
387
256
223
169
38
40
43
67
252
262
259
128
38
40
64
67
253
260
258
234
38
62
64
67
390
259
263
235
38
43
46
70
249
216
262
131
38
43
67
70
250
263
261
258
38
62
67
70
393
262
217
260
48
52
63
87
288
270
265
134
48
52
76
87
289
266
264
268
48
72
76
87
396
265
272
269
48
52
68
92
325
276
268
137
48
52
76
92
326
269
267
265
48
72
76
92
399
268
278
266
48
54
63
87
327
264
271
140
48
54
78
87
328
272
270
274
48
72
78
87
402
271
266
275
48
54
64
88
330
277
274
143
48
54
78
88
331
275
273
271
48
72
78
88
405
274
278
272
48
64
68
92
369
267
277
146
48
64
88
92
370
278
276
273
48
72
88
92
408
277
269
275
49
50
53
77
307
292
280
149
49
50
74
77
308
281
279
283
49
73
74
77
411
280
293
284
49
50
55
79
306
295
283
152
49
50
74
79
308
284
282
280
49
73
74
79
414
283
296
281
49
52
57
81
322
298
286
155
49
52
76
81
323
287
285
289
49
73
76
81
417
286
299
290
49
52
63
87
264
300
289
158
49
52
76
87
265
290
288
286
49
73
76
87
420
289
302
287
49
53
60
84
336
297
292
161
49
53
77
84
338
293
291
279
49
73
77
84
423
292
299
281
49
55
71
95
357
303
295
164
49
55
79
95
359
296
294
282
49
73
79
95
426
295
305
284
49
57
60
84
336
291
298
167
49
57
81
84
337
299
297
285
49
73
81
84
429
298
293
287
49
61
63
87
388
288
301
170
49
61
85
87
389
302
300
304
49
73
85
87
432
301
290
305
49
61
71
95
357
294
304
173
49
61
85
95
358
305
303
301
49
73
85
95
435
304
296
302
50
53
55
79
334
282
307
176
50
53
77
79
335
308
306
279
50
74
77
79
438
307
283
280
51
53
57
81
337
316
310
179
51
53
77
81
338
311
309
313
51
75
77
81
441
310
317
314
51
53
65
89
345
318
313
182
51
53
77
89
347
314
312
310
51
75
77
89
444
313
320
311
51
57
62
86
360
319
316
185
51
57
81
86
361
317
315
309
51
75
81
86
447
316
320
311
51
62
65
89
345
312
319
188
51
62
86
89
346
320
318
315
51
75
86
89
450
319
314
317
52
57
69
93
363
324
322
191
52
57
81
93
364
323
321
285
52
76
81
93
453
322
326
286
52
68
69
93
372
321
325
194
52
68
92
93
373
326
324
267
52
76
92
93
456
325
323
268
53
54
63
87
270
352
328
197
53
54
78
87
271
329
327
331
53
77
78
87
459
328
353
332
53
54
64
88
273
339
331
200
53
54
78
88
274
332
330
328
53
77
78
88
462
331
341
329
53
55
66
90
354
351
334
203
53
55
79
90
356
335
333
306
53
77
79
90
465
334
353
307
53
57
60
84
297
291
337
206
53
57
81
84
298
338
336
309
53
77
81
84
468
337
292
310
53
58
64
88
375
330
340
209
53
58
82
88
377
341
339
343
53
77
82
88
471
340
332
344
53
58
70
94
381
348
343
212
53
58
82
94
383
344
342
340
53
77
82
94
474
343
350
341
53
62
65
89
318
312
346
215
53
62
86
89
319
347
345
349
53
77
86
89
477
346
313
350
53
62
70
94
393
342
349
218
53
62
86
94
395
350
348
346
53
77
86
94
480
349
344
347
53
63
66
90
387
333
352
221
53
63
87
90
388
353
351
327
53
77
87
90
483
352
335
329
55
61
66
90
387
333
355
224
55
61
85
90
389
356
354
358
55
79
85
90
486
355
334
359
55
61
71
95
303
294
358
227
55
61
85
95
304
359
357
355
55
79
85
95
489
358
295
356
56
57
62
86
315
367
361
230
56
57
81
86
316
362
360
364
56
80
81
86
492
361
368
365
56
57
69
93
321
372
364
233
56
57
81
93
322
365
363
361
56
80
81
93
495
364
374
362
56
62
64
88
391
370
367
236
56
62
86
88
392
368
366
360
56
80
86
88
498
367
371
362
56
64
68
92
276
373
370
239
56
64
88
92
277
371
369
366
56
80
88
92
501
370
374
368
56
68
69
93
324
363
373
242
56
68
92
93
325
374
372
369
56
80
92
93
504
373
365
371
58
59
64
88
385
339
376
245
58
59
83
88
386
377
375
379
58
82
83
88
507
376
340
380
58
59
67
91
384
382
379
248
58
59
83
91
386
380
378
376
58
82
83
91
510
379
383
377
58
67
70
94
393
342
382
251
58
67
91
94
394
383
381
378
58
82
91
94
513
382
343
380
59
64
67
91
390
378
385
254
59
64
88
91
391
386
384
375
59
83
88
91
516
385
379
376
61
63
66
90
351
354
388
257
61
63
87
90
352
389
387
300
61
85
87
90
519
388
355
301
62
64
67
91
384
394
391
260
62
64
88
91
385
392
390
366
62
86
88
91
522
391
395
367
62
67
70
94
381
348
394
263
62
67
91
94
382
395
393
390
62
86
91
94
525
394
349
392
72
76
87
15
420
402
397
266
72
76
4
15
421
398
396
400
72
0
4
15
0
397
404
401
72
76
92
20
457
408
400
269
72
76
4
20
458
401
399
397
72
0
4
20
3
400
410
398
72
78
87
15
459
396
403
272
72
78
6
15
460
404
402
406
72
0
6
15
6
403
398
407
72
78
88
16
462
409
406
275
72
78
6
16
463
407
405
403
72
0
6
16
9
406
410
404
72
88
92
20
501
399
409
278
72
88
16
20
502
410
408
405
72
0
16
20
12
409
401
407
73
74
77
5
439
424
412
281
73
74
2
5
440
413
411
415
73
1
2
5
15
412
425
416
73
74
79
7
438
427
415
284
73
74
2
7
440
416
414
412
73
1
2
7
18
415
428
413
73
76
81
9
454
430
418
287
73
76
4
9
455
419
417
421
73
1
4
9
21
418
431
422
73
76
87
15
396
432
421
290
73
76
4
15
397
422
420
418
73
1
4
15
24
421
434
419
73
77
84
12
468
429
424
293
73
77
5
12
470
425
423
411
73
1
5
12
27
424
431
413
73
79
95
23
489
435
427
296
73
79
7
23
491
428
426
414
73
1
7
23
30
427
437
416
73
81
84
12
468
423
430
299
73
81
9
12
469
431
429
417
73
1
9
12
33
430
425
419
73
85
87
15
520
420
433
302
73
85
13
15
521
434
432
436
73
1
13
15
36
433
422
437
73
85
95
23
489
426
436
305
73
85
13
23
490
437
435
433
73
1
13
23
39
436
428
434
74
77
79
7
466
414
439
308
74
77
5
7
467
440
438
411
74
2
5
7
42
439
415
412
75
77
81
9
469
448
442
311
75
77
5
9
470
443
441
445
75
3
5
9
45
442
449
446
75
77
89
17
477
450
445
314
75
77
5
17
479
446
444
442
75
3
5
17
48
445
452
443
75
81
86
14
492
451
448
317
75
81
9
14
493
449
447
441
75
3
9
14
51
448
452
443
75
86
89
17
477
444
451
320
75
86
14
17
478
452
450
447
75
3
14
17
54
451
446
449
76
81
93
21
495
456
454
323
76
81
9
21
496
455
453
417
76
4
9
21
57
454
458
418
76
92
93
21
504
453
457
326
76
92
20
21
505
458
456
399
76
4
20
21
60
457
455
400
77
78
87
15
402
484
460
329
77
78
6
15
403
461
459
463
77
5
6
15
63
460
485
464
77
78
88
16
405
471
463
332
77
78
6
16
406
464
462
460
77
5
6
16
66
463
473
461
77
79
90
18
486
483
466
335
77
79
7
18
488
467
465
438
77
5
7
18
69
466
485
439
77
81
84
12
429
423
469
338
77
81
9
12
430
470
468
441
77
5
9
12
72
469
424
442
77
82
88
16
507
462
472
341
77
82
10
16
509
473
471
475
77
5
10
16
75
472
464
476
77
82
94
22
513
480
475
344
77
82
10
22
515
476
474
472
77
5
10
22
78
475
482
473
77
86
89
17
450
444
478
347
77
86
14
17
451
479
477
481
77
5
14
17
81
478
445
482
77
86
94
22
525
474
481
350
77
86
14
22
527
482
480
478
77
5
14
22
84
481
476
479
77
87
90
18
519
465
484
353
77
87
15
18
520
485
483
459
77
5
15
18
87
484
467
461
79
85
90
18
519
465
487
356
79
85
13
18
521
488
486
490
79
7
13
18
90
487
466
491
79
85
95
23
435
426
490
359
79
85
13
23
436
491
489
487
79
7
13
23
93
490
427
488
80
81
86
14
447
499
493
362
80
81
9
14
448
494
492
496
80
8
9
14
96
493
500
497
80
81
93
21
453
504
496
365
80
81
9
21
454
497
495
493
80
8
9
21
99
496
506
494
80
86
88
16
523
502
499
368
80
86
14
16
524
500
498
492
80
8
14
16
102
499
503
494
80
88
92
20
408
505
502
371
80
88
16
20
409
503
501
498
80
8
16
20
105
502
506
500
80
92
93
21
456
495
505
374
80
92
20
21
457
506
504
501
80
8
20
21
108
505
497
503
82
83
88
16
517
471
508
377
82
83
11
16
518
509
507
511
82
10
11
16
111
508
472
512
82
83
91
19
516
514
511
380
82
83
11
19
518
512
510
508
82
10
11
19
114
511
515
509
82
91
94
22
525
474
514
383
82
91
19
22
526
515
513
510
82
10
19
22
117
514
475
512
83
88
91
19
522
510
517
386
83
88
16
19
523
518
516
507
83
11
16
19
120
517
511
508
85
87
90
18
483
486
520
389
85
87
15
18
484
521
519
432
85
13
15
18
123
520
487
433
86
88
91
19
516
526
523
392
86
88
16
19
517
524
522
498
86
14
16
19
126
523
527
499
86
91
94
22
513
480
526
395
86
91
19
22
514
527
525
522
86
14
19
22
129
526
481
524
528
