1
48
0
0
0
0
0
0
0
0
0
0
0
0
1
1
1
1
1
1
1
1
1
1
1
1
2
2
2
2
2
2
2
2
2
2
2
2
3
3
3
3
3
3
3
3
3
3
3
3
48
240
0
1
2
14
19
7
1
182
0
1
13
14
20
2
0
4
0
12
13
14
60
1
8
5
0
1
4
16
25
10
4
185
0
1
13
16
26
5
3
1
0
12
13
16
63
4
11
2
0
2
9
21
37
16
7
188
0
2
14
21
38
8
6
0
0
12
14
21
66
7
17
2
0
4
8
20
24
13
10
191
0
4
16
20
25
11
9
3
0
12
16
20
69
10
14
5
0
8
10
22
54
15
13
194
0
8
20
22
56
14
12
9
0
12
20
22
72
13
17
11
0
9
10
22
54
12
16
197
0
9
21
22
55
17
15
6
0
12
21
22
75
16
14
8
1
2
3
15
28
22
19
200
1
2
14
15
29
20
18
0
1
13
14
15
78
19
23
1
1
3
8
20
42
24
22
203
1
3
15
20
44
23
21
18
1
13
15
20
81
22
26
20
1
4
8
20
9
21
25
206
1
4
16
20
10
26
24
3
1
13
16
20
84
25
23
4
2
3
5
17
40
31
28
209
2
3
15
17
41
29
27
18
2
14
15
17
87
28
32
19
2
5
6
18
39
34
31
212
2
5
17
18
40
32
30
27
2
14
17
18
90
31
35
29
2
6
11
23
48
36
34
215
2
6
18
23
50
35
33
30
2
14
18
23
93
34
38
32
2
9
11
23
57
33
37
218
2
9
21
23
58
38
36
6
2
14
21
23
96
37
35
7
3
5
6
18
30
43
40
221
3
5
17
18
31
41
39
27
3
15
17
18
99
40
44
28
3
6
8
20
45
21
43
224
3
6
18
20
47
44
42
39
3
15
18
20
102
43
22
41
6
7
8
20
52
42
46
227
6
7
19
20
53
47
45
49
6
18
19
20
105
46
43
50
6
7
11
23
51
33
49
230
6
7
19
23
53
50
48
46
6
18
19
23
108
49
34
47
7
8
11
23
57
48
52
233
7
8
20
23
59
53
51
45
7
19
20
23
111
52
49
46
8
9
10
22
15
12
55
236
8
9
21
22
16
56
54
58
8
20
21
22
114
55
13
59
8
9
11
23
36
51
58
239
8
9
21
23
37
59
57
55
8
20
21
23
117
58
52
56
12
13
14
26
79
67
61
2
12
13
25
26
80
62
60
64
12
24
25
26
120
61
68
65
12
13
16
28
85
70
64
5
12
13
25
28
86
65
63
61
12
24
25
28
123
64
71
62
12
14
21
33
97
76
67
8
12
14
26
33
98
68
66
60
12
24
26
33
126
67
77
62
12
16
20
32
84
73
70
11
12
16
28
32
85
71
69
63
12
24
28
32
129
70
74
65
12
20
22
34
114
75
73
14
12
20
32
34
116
74
72
69
12
24
32
34
132
73
77
71
12
21
22
34
114
72
76
17
12
21
33
34
115
77
75
66
12
24
33
34
135
76
74
68
13
14
15
27
88
82
79
20
13
14
26
27
89
80
78
60
13
25
26
27
138
79
83
61
13
15
20
32
102
84
82
23
13
15
27
32
104
83
81
78
13
25
27
32
141
82
86
80
13
16
20
32
69
81
85
26
13
16
28
32
70
86
84
63
13
25
28
32
144
85
83
64
14
15
17
29
100
91
88
29
14
15
27
29
101
89
87
78
14
26
27
29
147
88
92
79
14
17
18
30
99
94
91
32
14
17
29
30
100
92
90
87
14
26
29
30
150
91
95
89
14
18
23
35
108
96
94
35
14
18
30
35
110
95
93
90
14
26
30
35
153
94
98
92
14
21
23
35
117
93
97
38
14
21
33
35
118
98
96
66
14
26
33
35
156
97
95
67
15
17
18
30
90
103
100
41
15
17
29
30
91
101
99
87
15
27
29
30
159
100
104
88
15
18
20
32
105
81
103
44
15
18
30
32
107
104
102
99
15
27
30
32
162
103
82
101
18
19
20
32
112
102
106
47
18
19
31
32
113
107
105
109
18
30
31
32
165
106
103
110
18
19
23
35
111
93
109
50
18
19
31
35
113
110
108
106
18
30
31
35
168
109
94
107
19
20
23
35
117
108
112
53
19
20
32
35
119
113
111
105
19
31
32
35
171
112
109
106
20
21
22
34
75
72
115
56
20
21
33
34
76
116
114
118
20
32
33
34
174
115
73
119
20
21
23
35
96
111
118
59
20
21
33
35
97
119
117
115
20
32
33
35
177
118
112
116
24
25
26
38
139
127
121
62
24
25
37
38
140
122
120
124
24
36
37
38
180
121
128
125
24
25
28
40
145
130
124
65
24
25
37
40
146
125
123
121
24
36
37
40
183
124
131
122
24
26
33
45
157
136
127
68
24
26
38
45
158
128
126
120
24
36
38
45
186
127
137
122
24
28
32
44
144
133
130
71
24
28
40
44
145
131
129
123
24
36
40
44
189
130
134
125
24
32
34
46
174
135
133
74
24
32
44
46
176
134
132
129
24
36
44
46
192
133
137
131
24
33
34
46
174
132
136
77
24
33
45
46
175
137
135
126
24
36
45
46
195
136
134
128
25
26
27
39
148
142
139
80
25
26
38
39
149
140
138
120
25
37
38
39
198
139
143
121
25
27
32
44
162
144
142
83
25
27
39
44
164
143
141
138
25
37
39
44
201
142
146
140
25
28
32
44
129
141
145
86
25
28
40
44
130
146
144
123
25
37
40
44
204
145
143
124
26
27
29
41
160
151
148
89
26
27
39
41
161
149
147
138
26
38
39
41
207
148
152
139
26
29
30
42
159
154
151
92
26
29
41
42
160
152
150
147
26
38
41
42
210
151
155
149
26
30
35
47
168
156
154
95
26
30
42
47
170
155
153
150
26
38
42
47
213
154
158
152
26
33
35
47
177
153
157
98
26
33
45
47
178
158
156
126
26
38
45
47
216
157
155
127
27
29
30
42
150
163
160
101
27
29
41
42
151
161
159
147
27
39
41
42
219
160
164
148
27
30
32
44
165
141
163
104
27
30
42
44
167
164
162
159
27
39
42
44
222
163
142
161
30
31
32
44
172
162
166
107
30
31
43
44
173
167
165
169
30
42
43
44
225
166
163
170
30
31
35
47
171
153
169
110
30
31
43
47
173
170
168
166
30
42
43
47
228
169
154
167
31
32
35
47
177
168
172
113
31
32
44
47
179
173
171
165
31
43
44
47
231
172
169
166
32
33
34
46
135
132
175
116
32
33
45
46
136
176
174
178
32
44
45
46
234
175
133
179
32
33
35
47
156
171
178
119
32
33
45
47
157
179
177
175
32
44
45
47
237
178
172
176
36
37
38
2
199
187
181
122
36
37
1
2
200
182
180
184
36
0
1
2
0
181
188
185
36
37
40
4
205
190
184
125
36
37
1
4
206
185
183
181
36
0
1
4
3
184
191
182
36
38
45
9
217
196
187
128
36
38
2
9
218
188
186
180
36
0
2
9
6
187
197
182
36
40
44
8
204
193
190
131
36
40
4
8
205
191
189
183
36
0
4
8
9
190
194
185
36
44
46
10
234
195
193
134
36
44
8
10
236
194
192
189
36
0
8
10
12
193
197
191
36
45
46
10
234
192
196
137
36
45
9
10
235
197
195
186
36
0
9
10
15
196
194
188
37
38
39
3
208
202
199
140
37
38
2
3
209
200
198
180
37
1
2
3
18
199
203
181
37
39
44
8
222
204
202
143
37
39
3
8
224
203
201
198
37
1
3
8
21
202
206
200
37
40
44
8
189
201
205
146
37
40
4
8
190
206
204
183
37
1
4
8
24
205
203
184
38
39
41
5
220
211
208
149
38
39
3
5
221
209
207
198
38
2
3
5
27
208
212
199
38
41
42
6
219
214
211
152
38
41
5
6
220
212
210
207
38
2
5
6
30
211
215
209
38
42
47
11
228
216
214
155
38
42
6
11
230
215
213
210
38
2
6
11
33
214
218
212
38
45
47
11
237
213
217
158
38
45
9
11
238
218
216
186
38
2
9
11
36
217
215
187
39
41
42
6
210
223
220
161
39
41
5
6
211
221
219
207
39
3
5
6
39
220
224
208
39
42
44
8
225
201
223
164
39
42
6
8
227
224
222
219
39
3
6
8
42
223
202
221
42
43
44
8
232
222
226
167
42
43
7
8
233
227
225
229
42
6
7
8
45
226
223
230
42
43
47
11
231
213
229
170
42
43
7
11
233
230
228
226
42
6
7
11
48
229
214
227
43
44
47
11
237
228
232
173
43
44
8
11
239
233
231
225
43
7
8
11
51
232
229
226
44
45
46
10
195
192
235
176
44
45
9
10
196
236
234
238
44
8
9
10
54
235
193
239
44
45
47
11
216
231
238
179
44
45
9
11
217
239
237
235
44
8
9
11
57
238
232
236
240
