1
96
0
0
0
0
0
0
0
0
0
0
0
0
0
0
0
0
0
0
0
0
0
0
0
0
1
1
1
1
1
1
1
1
1
1
1
1
1
1
1
1
1
1
1
1
1
1
1
1
2
2
2
2
2
2
2
2
2
2
2
2
2
2
2
2
2
2
2
2
2
2
2
2
3
3
3
3
3
3
3
3
3
3
3
3
3
3
3
3
3
3
3
3
3
3
3
3
96
528
0
5
14
38
42
13
1
398
0
5
29
38
43
2
0
4
0
24
29
38
132
1
14
5
0
5
19
43
87
22
4
401
0
5
29
43
89
5
3
1
0
24
29
43
135
4
23
2
0
12
16
40
121
12
7
404
0
12
36
40
122
8
6
10
0
24
36
40
138
7
14
11
0
12
21
45
108
25
10
407
0
12
36
45
109
11
9
7
0
24
36
45
141
10
26
8
0
14
16
40
126
6
13
410
0
14
38
40
128
14
12
0
0
24
38
40
144
13
8
2
0
18
20
44
84
21
16
413
0
18
42
44
85
17
15
19
0
24
42
44
147
16
23
20
0
18
22
46
129
24
19
416
0
18
42
46
130
20
18
16
0
24
42
46
150
19
26
17
0
19
20
44
123
15
22
419
0
19
43
44
124
23
21
3
0
24
43
44
153
22
17
5
0
21
22
46
114
18
25
422
0
21
45
46
115
26
24
9
0
24
45
46
156
25
20
11
1
2
5
29
43
34
28
425
1
2
26
29
44
29
27
31
1
25
26
29
159
28
35
32
1
2
6
30
46
37
31
428
1
2
26
30
47
32
30
28
1
25
26
30
162
31
38
29
1
5
23
47
66
39
34
431
1
5
29
47
67
35
33
27
1
25
29
47
165
34
41
29
1
6
11
35
45
40
37
434
1
6
30
35
46
38
36
30
1
25
30
35
168
37
41
32
1
11
23
47
117
33
40
437
1
11
35
47
119
41
39
36
1
25
35
47
171
40
35
38
2
5
14
38
0
51
43
440
2
5
29
38
1
44
42
27
2
26
29
38
174
43
53
28
2
6
11
35
36
48
46
443
2
6
30
35
37
47
45
30
2
26
30
35
177
46
50
31
2
8
11
35
100
45
49
446
2
8
32
35
101
50
48
52
2
26
32
35
180
49
47
53
2
8
14
38
103
42
52
449
2
8
32
38
104
53
51
49
2
26
32
38
183
52
44
50
3
4
17
41
72
61
55
452
3
4
28
41
74
56
54
58
3
27
28
41
186
55
62
59
3
4
23
47
66
60
58
455
3
4
28
47
68
59
57
55
3
27
28
47
189
58
62
56
3
17
23
47
96
57
61
458
3
17
41
47
97
62
60
54
3
27
41
47
192
61
59
56
4
5
13
37
88
75
64
461
4
5
29
37
89
65
63
67
4
28
29
37
195
64
77
68
4
5
23
47
33
57
67
464
4
5
29
47
34
68
66
64
4
28
29
47
198
67
58
65
4
7
16
40
90
82
70
467
4
7
31
40
92
71
69
73
4
28
31
40
201
70
83
74
4
7
17
41
97
54
73
470
4
7
31
41
98
74
72
70
4
28
31
41
204
73
55
71
4
9
13
37
106
63
76
473
4
9
33
37
107
77
75
79
4
28
33
37
207
76
65
80
4
9
20
44
105
84
79
476
4
9
33
44
107
80
78
76
4
28
33
44
210
79
86
77
4
16
18
42
130
85
82
479
4
16
40
42
131
83
81
69
4
28
40
42
213
82
86
71
4
18
20
44
15
78
85
482
4
18
42
44
16
86
84
81
4
28
42
44
216
85
80
83
5
13
19
43
124
3
88
485
5
13
37
43
125
89
87
63
5
29
37
43
219
88
4
64
7
15
16
40
126
69
91
488
7
15
39
40
127
92
90
94
7
31
39
40
222
91
70
95
7
15
23
47
117
96
94
491
7
15
39
47
118
95
93
91
7
31
39
47
225
94
98
92
7
17
23
47
60
93
97
494
7
17
41
47
61
98
96
72
7
31
41
47
228
97
95
73
8
11
15
39
118
102
100
497
8
11
35
39
119
101
99
48
8
32
35
39
231
100
104
49
8
14
15
39
127
99
103
500
8
14
38
39
128
104
102
51
8
32
38
39
234
103
101
52
9
13
20
44
123
78
106
503
9
13
37
44
125
107
105
75
9
33
37
44
237
106
79
76
10
12
21
45
9
115
109
506
10
12
36
45
10
110
108
112
10
34
36
45
240
109
116
113
10
12
22
46
120
114
112
509
10
12
36
46
122
113
111
109
10
34
36
46
243
112
116
110
10
21
22
46
24
111
115
512
10
21
45
46
25
116
114
108
10
34
45
46
246
115
113
110
11
15
23
47
93
39
118
515
11
15
39
47
94
119
117
99
11
35
39
47
249
118
40
100
12
16
22
46
129
111
121
518
12
16
40
46
131
122
120
6
12
36
40
46
252
121
112
7
13
19
20
44
21
105
124
521
13
19
43
44
22
125
123
87
13
37
43
44
255
124
106
88
14
15
16
40
90
12
127
524
14
15
39
40
91
128
126
102
14
38
39
40
258
127
13
103
16
18
22
46
18
120
130
527
16
18
42
46
19
131
129
81
16
40
42
46
261
130
121
82
24
29
38
62
174
145
133
2
24
29
53
62
175
134
132
136
24
48
53
62
264
133
146
137
24
29
43
67
219
154
136
5
24
29
53
67
221
137
135
133
24
48
53
67
267
136
155
134
24
36
40
64
253
144
139
8
24
36
60
64
254
140
138
142
24
48
60
64
270
139
146
143
24
36
45
69
240
157
142
11
24
36
60
69
241
143
141
139
24
48
60
69
273
142
158
140
24
38
40
64
258
138
145
14
24
38
62
64
260
146
144
132
24
48
62
64
276
145
140
134
24
42
44
68
216
153
148
17
24
42
66
68
217
149
147
151
24
48
66
68
279
148
155
152
24
42
46
70
261
156
151
20
24
42
66
70
262
152
150
148
24
48
66
70
282
151
158
149
24
43
44
68
255
147
154
23
24
43
67
68
256
155
153
135
24
48
67
68
285
154
149
137
24
45
46
70
246
150
157
26
24
45
69
70
247
158
156
141
24
48
69
70
288
157
152
143
25
26
29
53
175
166
160
29
25
26
50
53
176
161
159
163
25
49
50
53
291
160
167
164
25
26
30
54
178
169
163
32
25
26
50
54
179
164
162
160
25
49
50
54
294
163
170
161
25
29
47
71
198
171
166
35
25
29
53
71
199
167
165
159
25
49
53
71
297
166
173
161
25
30
35
59
177
172
169
38
25
30
54
59
178
170
168
162
25
49
54
59
300
169
173
164
25
35
47
71
249
165
172
41
25
35
59
71
251
173
171
168
25
49
59
71
303
172
167
170
26
29
38
62
132
183
175
44
26
29
53
62
133
176
174
159
26
50
53
62
306
175
185
160
26
30
35
59
168
180
178
47
26
30
54
59
169
179
177
162
26
50
54
59
309
178
182
163
26
32
35
59
232
177
181
50
26
32
56
59
233
182
180
184
26
50
56
59
312
181
179
185
26
32
38
62
235
174
184
53
26
32
56
62
236
185
183
181
26
50
56
62
315
184
176
182
27
28
41
65
204
193
187
56
27
28
52
65
206
188
186
190
27
51
52
65
318
187
194
191
27
28
47
71
198
192
190
59
27
28
52
71
200
191
189
187
27
51
52
71
321
190
194
188
27
41
47
71
228
189
193
62
27
41
65
71
229
194
192
186
27
51
65
71
324
193
191
188
28
29
37
61
220
207
196
65
28
29
53
61
221
197
195
199
28
52
53
61
327
196
209
200
28
29
47
71
165
189
199
68
28
29
53
71
166
200
198
196
28
52
53
71
330
199
190
197
28
31
40
64
222
214
202
71
28
31
55
64
224
203
201
205
28
52
55
64
333
202
215
206
28
31
41
65
229
186
205
74
28
31
55
65
230
206
204
202
28
52
55
65
336
205
187
203
28
33
37
61
238
195
208
77
28
33
57
61
239
209
207
211
28
52
57
61
339
208
197
212
28
33
44
68
237
216
211
80
28
33
57
68
239
212
210
208
28
52
57
68
342
211
218
209
28
40
42
66
262
217
214
83
28
40
64
66
263
215
213
201
28
52
64
66
345
214
218
203
28
42
44
68
147
210
217
86
28
42
66
68
148
218
216
213
28
52
66
68
348
217
212
215
29
37
43
67
256
135
220
89
29
37
61
67
257
221
219
195
29
53
61
67
351
220
136
196
31
39
40
64
258
201
223
92
31
39
63
64
259
224
222
226
31
55
63
64
354
223
202
227
31
39
47
71
249
228
226
95
31
39
63
71
250
227
225
223
31
55
63
71
357
226
230
224
31
41
47
71
192
225
229
98
31
41
65
71
193
230
228
204
31
55
65
71
360
229
227
205
32
35
39
63
250
234
232
101
32
35
59
63
251
233
231
180
32
56
59
63
363
232
236
181
32
38
39
63
259
231
235
104
32
38
62
63
260
236
234
183
32
56
62
63
366
235
233
184
33
37
44
68
255
210
238
107
33
37
61
68
257
239
237
207
33
57
61
68
369
238
211
208
34
36
45
69
141
247
241
110
34
36
60
69
142
242
240
244
34
58
60
69
372
241
248
245
34
36
46
70
252
246
244
113
34
36
60
70
254
245
243
241
34
58
60
70
375
244
248
242
34
45
46
70
156
243
247
116
34
45
69
70
157
248
246
240
34
58
69
70
378
247
245
242
35
39
47
71
225
171
250
119
35
39
63
71
226
251
249
231
35
59
63
71
381
250
172
232
36
40
46
70
261
243
253
122
36
40
64
70
263
254
252
138
36
60
64
70
384
253
244
139
37
43
44
68
153
237
256
125
37
43
67
68
154
257
255
219
37
61
67
68
387
256
238
220
38
39
40
64
222
144
259
128
38
39
63
64
223
260
258
234
38
62
63
64
390
259
145
235
40
42
46
70
150
252
262
131
40
42
66
70
151
263
261
213
40
64
66
70
393
262
253
214
48
53
62
86
306
277
265
134
48
53
77
86
307
266
264
268
48
72
77
86
396
265
278
269
48
53
67
91
351
286
268
137
48
53
77
91
353
269
267
265
48
72
77
91
399
268
287
266
48
60
64
88
385
276
271
140
48
60
84
88
386
272
270
274
48
72
84
88
402
271
278
275
48
60
69
93
372
289
274
143
48
60
84
93
373
275
273
271
48
72
84
93
405
274
290
272
48
62
64
88
390
270
277
146
48
62
86
88
392
278
276
264
48
72
86
88
408
277
272
266
48
66
68
92
348
285
280
149
48
66
90
92
349
281
279
283
48
72
90
92
411
280
287
284
48
66
70
94
393
288
283
152
48
66
90
94
394
284
282
280
48
72
90
94
414
283
290
281
48
67
68
92
387
279
286
155
48
67
91
92
388
287
285
267
48
72
91
92
417
286
281
269
48
69
70
94
378
282
289
158
48
69
93
94
379
290
288
273
48
72
93
94
420
289
284
275
49
50
53
77
307
298
292
161
49
50
74
77
308
293
291
295
49
73
74
77
423
292
299
296
49
50
54
78
310
301
295
164
49
50
74
78
311
296
294
292
49
73
74
78
426
295
302
293
49
53
71
95
330
303
298
167
49
53
77
95
331
299
297
291
49
73
77
95
429
298
305
293
49
54
59
83
309
304
301
170
49
54
78
83
310
302
300
294
49
73
78
83
432
301
305
296
49
59
71
95
381
297
304
173
49
59
83
95
383
305
303
300
49
73
83
95
435
304
299
302
50
53
62
86
264
315
307
176
50
53
77
86
265
308
306
291
50
74
77
86
438
307
317
292
50
54
59
83
300
312
310
179
50
54
78
83
301
311
309
294
50
74
78
83
441
310
314
295
50
56
59
83
364
309
313
182
50
56
80
83
365
314
312
316
50
74
80
83
444
313
311
317
50
56
62
86
367
306
316
185
50
56
80
86
368
317
315
313
50
74
80
86
447
316
308
314
51
52
65
89
336
325
319
188
51
52
76
89
338
320
318
322
51
75
76
89
450
319
326
323
51
52
71
95
330
324
322
191
51
52
76
95
332
323
321
319
51
75
76
95
453
322
326
320
51
65
71
95
360
321
325
194
51
65
89
95
361
326
324
318
51
75
89
95
456
325
323
320
52
53
61
85
352
339
328
197
52
53
77
85
353
329
327
331
52
76
77
85
459
328
341
332
52
53
71
95
297
321
331
200
52
53
77
95
298
332
330
328
52
76
77
95
462
331
322
329
52
55
64
88
354
346
334
203
52
55
79
88
356
335
333
337
52
76
79
88
465
334
347
338
52
55
65
89
361
318
337
206
52
55
79
89
362
338
336
334
52
76
79
89
468
337
319
335
52
57
61
85
370
327
340
209
52
57
81
85
371
341
339
343
52
76
81
85
471
340
329
344
52
57
68
92
369
348
343
212
52
57
81
92
371
344
342
340
52
76
81
92
474
343
350
341
52
64
66
90
394
349
346
215
52
64
88
90
395
347
345
333
52
76
88
90
477
346
350
335
52
66
68
92
279
342
349
218
52
66
90
92
280
350
348
345
52
76
90
92
480
349
344
347
53
61
67
91
388
267
352
221
53
61
85
91
389
353
351
327
53
77
85
91
483
352
268
328
55
63
64
88
390
333
355
224
55
63
87
88
391
356
354
358
55
79
87
88
486
355
334
359
55
63
71
95
381
360
358
227
55
63
87
95
382
359
357
355
55
79
87
95
489
358
362
356
55
65
71
95
324
357
361
230
55
65
89
95
325
362
360
336
55
79
89
95
492
361
359
337
56
59
63
87
382
366
364
233
56
59
83
87
383
365
363
312
56
80
83
87
495
364
368
313
56
62
63
87
391
363
367
236
56
62
86
87
392
368
366
315
56
80
86
87
498
367
365
316
57
61
68
92
387
342
370
239
57
61
85
92
389
371
369
339
57
81
85
92
501
370
343
340
58
60
69
93
273
379
373
242
58
60
84
93
274
374
372
376
58
82
84
93
504
373
380
377
58
60
70
94
384
378
376
245
58
60
84
94
386
377
375
373
58
82
84
94
507
376
380
374
58
69
70
94
288
375
379
248
58
69
93
94
289
380
378
372
58
82
93
94
510
379
377
374
59
63
71
95
357
303
382
251
59
63
87
95
358
383
381
363
59
83
87
95
513
382
304
364
60
64
70
94
393
375
385
254
60
64
88
94
395
386
384
270
60
84
88
94
516
385
376
271
61
67
68
92
285
369
388
257
61
67
91
92
286
389
387
351
61
85
91
92
519
388
370
352
62
63
64
88
354
276
391
260
62
63
87
88
355
392
390
366
62
86
87
88
522
391
277
367
64
66
70
94
282
384
394
263
64
66
90
94
283
395
393
345
64
88
90
94
525
394
385
346
72
77
86
14
438
409
397
266
72
77
5
14
439
398
396
400
72
0
5
14
0
397
410
401
72
77
91
19
483
418
400
269
72
77
5
19
485
401
399
397
72
0
5
19
3
400
419
398
72
84
88
16
517
408
403
272
72
84
12
16
518
404
402
406
72
0
12
16
6
403
410
407
72
84
93
21
504
421
406
275
72
84
12
21
505
407
405
403
72
0
12
21
9
406
422
404
72
86
88
16
522
402
409
278
72
86
14
16
524
410
408
396
72
0
14
16
12
409
404
398
72
90
92
20
480
417
412
281
72
90
18
20
481
413
411
415
72
0
18
20
15
412
419
416
72
90
94
22
525
420
415
284
72
90
18
22
526
416
414
412
72
0
18
22
18
415
422
413
72
91
92
20
519
411
418
287
72
91
19
20
520
419
417
399
72
0
19
20
21
418
413
401
72
93
94
22
510
414
421
290
72
93
21
22
511
422
420
405
72
0
21
22
24
421
416
407
73
74
77
5
439
430
424
293
73
74
2
5
440
425
423
427
73
1
2
5
27
424
431
428
73
74
78
6
442
433
427
296
73
74
2
6
443
428
426
424
73
1
2
6
30
427
434
425
73
77
95
23
462
435
430
299
73
77
5
23
463
431
429
423
73
1
5
23
33
430
437
425
73
78
83
11
441
436
433
302
73
78
6
11
442
434
432
426
73
1
6
11
36
433
437
428
73
83
95
23
513
429
436
305
73
83
11
23
515
437
435
432
73
1
11
23
39
436
431
434
74
77
86
14
396
447
439
308
74
77
5
14
397
440
438
423
74
2
5
14
42
439
449
424
74
78
83
11
432
444
442
311
74
78
6
11
433
443
441
426
74
2
6
11
45
442
446
427
74
80
83
11
496
441
445
314
74
80
8
11
497
446
444
448
74
2
8
11
48
445
443
449
74
80
86
14
499
438
448
317
74
80
8
14
500
449
447
445
74
2
8
14
51
448
440
446
75
76
89
17
468
457
451
320
75
76
4
17
470
452
450
454
75
3
4
17
54
451
458
455
75
76
95
23
462
456
454
323
75
76
4
23
464
455
453
451
75
3
4
23
57
454
458
452
75
89
95
23
492
453
457
326
75
89
17
23
493
458
456
450
75
3
17
23
60
457
455
452
76
77
85
13
484
471
460
329
76
77
5
13
485
461
459
463
76
4
5
13
63
460
473
464
76
77
95
23
429
453
463
332
76
77
5
23
430
464
462
460
76
4
5
23
66
463
454
461
76
79
88
16
486
478
466
335
76
79
7
16
488
467
465
469
76
4
7
16
69
466
479
470
76
79
89
17
493
450
469
338
76
79
7
17
494
470
468
466
76
4
7
17
72
469
451
467
76
81
85
13
502
459
472
341
76
81
9
13
503
473
471
475
76
4
9
13
75
472
461
476
76
81
92
20
501
480
475
344
76
81
9
20
503
476
474
472
76
4
9
20
78
475
482
473
76
88
90
18
526
481
478
347
76
88
16
18
527
479
477
465
76
4
16
18
81
478
482
467
76
90
92
20
411
474
481
350
76
90
18
20
412
482
480
477
76
4
18
20
84
481
476
479
77
85
91
19
520
399
484
353
77
85
13
19
521
485
483
459
77
5
13
19
87
484
400
460
79
87
88
16
522
465
487
356
79
87
15
16
523
488
486
490
79
7
15
16
90
487
466
491
79
87
95
23
513
492
490
359
79
87
15
23
514
491
489
487
79
7
15
23
93
490
494
488
79
89
95
23
456
489
493
362
79
89
17
23
457
494
492
468
79
7
17
23
96
493
491
469
80
83
87
15
514
498
496
365
80
83
11
15
515
497
495
444
80
8
11
15
99
496
500
445
80
86
87
15
523
495
499
368
80
86
14
15
524
500
498
447
80
8
14
15
102
499
497
448
81
85
92
20
519
474
502
371
81
85
13
20
521
503
501
471
81
9
13
20
105
502
475
472
82
84
93
21
405
511
505
374
82
84
12
21
406
506
504
508
82
10
12
21
108
505
512
509
82
84
94
22
516
510
508
377
82
84
12
22
518
509
507
505
82
10
12
22
111
508
512
506
82
93
94
22
420
507
511
380
82
93
21
22
421
512
510
504
82
10
21
22
114
511
509
506
83
87
95
23
489
435
514
383
83
87
15
23
490
515
513
495
83
11
15
23
117
514
436
496
84
88
94
22
525
507
517
386
84
88
16
22
527
518
516
402
84
12
16
22
120
517
508
403
85
91
92
20
417
501
520
389
85
91
19
20
418
521
519
483
85
13
19
20
123
520
502
484
86
87
88
16
486
408
523
392
86
87
15
16
487
524
522
498
86
14
15
16
126
523
409
499
88
90
94
22
414
516
526
395
88
90
18
22
415
527
525
477
88
16
18
22
129
526
517
478
528
