1
96
0
0
0
0
0
0
0
0
0
0
0
0
0
0
0
0
0
0
0
0
0
0
0
0
1
1
1
1
1
1
1
1
1
1
1
1
1
1
1
1
1
1
1
1
1
1
1
1
2
2
2
2
2
2
2
2
2
2
2
2
2
2
2
2
2
2
2
2
2
2
2
2
3
3
3
3
3
3
3
3
3
3
3
3
3
3
3
3
3
3
3
3
3
3
3
3
96
528
0
1
2
26
22
7
1
398
0
1
25
26
23
2
0
4
0
24
25
26
132
1
8
5
0
1
4
28
28
16
4
401
0
1
25
28
29
5
3
1
0
24
25
28
135
4
17
2
0
2
20
44
57
18
7
404
0
2
26
44
59
8
6
0
0
24
26
44
138
7
20
2
0
3
9
33
63
15
10
407
0
3
27
33
65
11
9
13
0
24
27
33
141
10
17
14
0
3
18
42
54
19
13
410
0
3
27
42
55
14
12
10
0
24
27
42
144
13
20
11
0
4
9
33
63
9
16
413
0
4
28
33
64
17
15
3
0
24
28
33
147
16
11
5
0
18
20
44
57
6
19
416
0
18
42
44
58
20
18
12
0
24
42
44
150
19
8
14
1
2
3
27
55
25
22
419
1
2
26
27
56
23
21
0
1
25
26
27
153
22
26
1
1
3
16
40
69
39
25
422
1
3
27
40
71
26
24
21
1
25
27
40
156
25
41
23
1
4
10
34
76
52
28
425
1
4
28
34
77
29
27
3
1
25
28
34
159
28
53
4
1
5
11
35
99
51
31
428
1
5
29
35
101
32
30
34
1
25
29
35
162
31
53
35
1
5
22
46
96
48
34
431
1
5
29
46
98
35
33
31
1
25
29
46
165
34
50
32
1
6
12
36
108
45
37
434
1
6
30
36
110
38
36
40
1
25
30
36
168
37
47
41
1
6
16
40
69
24
40
437
1
6
30
40
70
41
39
37
1
25
30
40
171
40
26
38
1
7
8
32
112
49
43
440
1
7
31
32
113
44
42
46
1
25
31
32
174
43
50
47
1
7
12
36
108
36
46
443
1
7
31
36
109
47
45
43
1
25
31
36
177
46
38
44
1
8
22
46
96
33
49
446
1
8
32
46
97
50
48
42
1
25
32
46
180
49
35
44
1
10
11
35
99
30
52
449
1
10
34
35
100
53
51
27
1
25
34
35
183
52
32
29
2
3
18
42
12
58
55
452
2
3
27
42
13
56
54
21
2
26
27
42
186
55
59
22
2
18
20
44
18
6
58
455
2
18
42
44
19
59
57
54
2
26
42
44
189
58
7
56
3
4
5
29
73
67
61
458
3
4
28
29
74
62
60
64
3
27
28
29
192
61
68
65
3
4
9
33
15
9
64
461
3
4
28
33
16
65
63
61
3
27
28
33
195
64
10
62
3
5
6
30
88
70
67
464
3
5
29
30
89
68
66
60
3
27
29
30
198
67
71
62
3
6
16
40
39
24
70
467
3
6
30
40
40
71
69
66
3
27
30
40
201
70
25
68
4
5
17
41
105
78
73
470
4
5
29
41
107
74
72
60
4
28
29
41
204
73
80
61
4
10
14
38
124
85
76
473
4
10
34
38
125
77
75
27
4
28
34
38
207
76
86
28
4
13
17
41
105
72
79
476
4
13
37
41
106
80
78
82
4
28
37
41
210
79
74
83
4
13
21
45
129
84
82
479
4
13
37
45
131
83
81
79
4
28
37
45
213
82
86
80
4
14
21
45
129
81
85
482
4
14
38
45
130
86
84
75
4
28
38
45
216
85
83
77
5
6
7
31
109
91
88
485
5
6
30
31
110
89
87
66
5
29
30
31
219
88
92
67
5
7
19
43
115
93
91
488
5
7
31
43
116
92
90
87
5
29
31
43
222
91
95
89
5
8
19
43
118
90
94
491
5
8
32
43
119
95
93
97
5
29
32
43
225
94
92
98
5
8
22
46
48
33
97
494
5
8
32
46
49
98
96
94
5
29
32
46
228
97
34
95
5
10
11
35
51
30
100
497
5
10
34
35
52
101
99
103
5
29
34
35
231
100
31
104
5
10
13
37
121
106
103
500
5
10
34
37
122
104
102
100
5
29
34
37
234
103
107
101
5
13
17
41
78
72
106
503
5
13
37
41
79
107
105
102
5
29
37
41
237
106
73
104
6
7
12
36
45
36
109
506
6
7
31
36
46
110
108
87
6
30
31
36
240
109
37
88
7
8
23
47
117
114
112
509
7
8
32
47
119
113
111
42
7
31
32
47
243
112
116
43
7
19
23
47
117
111
115
512
7
19
43
47
118
116
114
90
7
31
43
47
246
115
113
91
8
19
23
47
114
111
118
515
8
19
43
47
115
119
117
93
8
32
43
47
249
118
112
94
10
13
15
39
126
123
121
518
10
13
37
39
128
122
120
102
10
34
37
39
252
121
125
103
10
14
15
39
126
120
124
521
10
14
38
39
127
125
123
75
10
34
38
39
255
124
122
76
13
14
15
39
123
120
127
524
13
14
38
39
124
128
126
130
13
37
38
39
258
127
121
131
13
14
21
45
84
81
130
527
13
14
38
45
85
131
129
127
13
37
38
45
261
130
82
128
24
25
26
50
154
139
133
2
24
25
49
50
155
134
132
136
24
48
49
50
264
133
140
137
24
25
28
52
160
148
136
5
24
25
49
52
161
137
135
133
24
48
49
52
267
136
149
134
24
26
44
68
189
150
139
8
24
26
50
68
191
140
138
132
24
48
50
68
270
139
152
134
24
27
33
57
195
147
142
11
24
27
51
57
197
143
141
145
24
48
51
57
273
142
149
146
24
27
42
66
186
151
145
14
24
27
51
66
187
146
144
142
24
48
51
66
276
145
152
143
24
28
33
57
195
141
148
17
24
28
52
57
196
149
147
135
24
48
52
57
279
148
143
137
24
42
44
68
189
138
151
20
24
42
66
68
190
152
150
144
24
48
66
68
282
151
140
146
25
26
27
51
187
157
154
23
25
26
50
51
188
155
153
132
25
49
50
51
285
154
158
133
25
27
40
64
201
171
157
26
25
27
51
64
203
158
156
153
25
49
51
64
288
157
173
155
25
28
34
58
208
184
160
29
25
28
52
58
209
161
159
135
25
49
52
58
291
160
185
136
25
29
35
59
231
183
163
32
25
29
53
59
233
164
162
166
25
49
53
59
294
163
185
167
25
29
46
70
228
180
166
35
25
29
53
70
230
167
165
163
25
49
53
70
297
166
182
164
25
30
36
60
240
177
169
38
25
30
54
60
242
170
168
172
25
49
54
60
300
169
179
173
25
30
40
64
201
156
172
41
25
30
54
64
202
173
171
169
25
49
54
64
303
172
158
170
25
31
32
56
244
181
175
44
25
31
55
56
245
176
174
178
25
49
55
56
306
175
182
179
25
31
36
60
240
168
178
47
25
31
55
60
241
179
177
175
25
49
55
60
309
178
170
176
25
32
46
70
228
165
181
50
25
32
56
70
229
182
180
174
25
49
56
70
312
181
167
176
25
34
35
59
231
162
184
53
25
34
58
59
232
185
183
159
25
49
58
59
315
184
164
161
26
27
42
66
144
190
187
56
26
27
51
66
145
188
186
153
26
50
51
66
318
187
191
154
26
42
44
68
150
138
190
59
26
42
66
68
151
191
189
186
26
50
66
68
321
190
139
188
27
28
29
53
205
199
193
62
27
28
52
53
206
194
192
196
27
51
52
53
324
193
200
197
27
28
33
57
147
141
196
65
27
28
52
57
148
197
195
193
27
51
52
57
327
196
142
194
27
29
30
54
220
202
199
68
27
29
53
54
221
200
198
192
27
51
53
54
330
199
203
194
27
30
40
64
171
156
202
71
27
30
54
64
172
203
201
198
27
51
54
64
333
202
157
200
28
29
41
65
237
210
205
74
28
29
53
65
239
206
204
192
28
52
53
65
336
205
212
193
28
34
38
62
256
217
208
77
28
34
58
62
257
209
207
159
28
52
58
62
339
208
218
160
28
37
41
65
237
204
211
80
28
37
61
65
238
212
210
214
28
52
61
65
342
211
206
215
28
37
45
69
261
216
214
83
28
37
61
69
263
215
213
211
28
52
61
69
345
214
218
212
28
38
45
69
261
213
217
86
28
38
62
69
262
218
216
207
28
52
62
69
348
217
215
209
29
30
31
55
241
223
220
89
29
30
54
55
242
221
219
198
29
53
54
55
351
220
224
199
29
31
43
67
247
225
223
92
29
31
55
67
248
224
222
219
29
53
55
67
354
223
227
221
29
32
43
67
250
222
226
95
29
32
56
67
251
227
225
229
29
53
56
67
357
226
224
230
29
32
46
70
180
165
229
98
29
32
56
70
181
230
228
226
29
53
56
70
360
229
166
227
29
34
35
59
183
162
232
101
29
34
58
59
184
233
231
235
29
53
58
59
363
232
163
236
29
34
37
61
253
238
235
104
29
34
58
61
254
236
234
232
29
53
58
61
366
235
239
233
29
37
41
65
210
204
238
107
29
37
61
65
211
239
237
234
29
53
61
65
369
238
205
236
30
31
36
60
177
168
241
110
30
31
55
60
178
242
240
219
30
54
55
60
372
241
169
220
31
32
47
71
249
246
244
113
31
32
56
71
251
245
243
174
31
55
56
71
375
244
248
175
31
43
47
71
249
243
247
116
31
43
67
71
250
248
246
222
31
55
67
71
378
247
245
223
32
43
47
71
246
243
250
119
32
43
67
71
247
251
249
225
32
56
67
71
381
250
244
226
34
37
39
63
258
255
253
122
34
37
61
63
260
254
252
234
34
58
61
63
384
253
257
235
34
38
39
63
258
252
256
125
34
38
62
63
259
257
255
207
34
58
62
63
387
256
254
208
37
38
39
63
255
252
259
128
37
38
62
63
256
260
258
262
37
61
62
63
390
259
253
263
37
38
45
69
216
213
262
131
37
38
62
69
217
263
261
259
37
61
62
69
393
262
214
260
48
49
50
74
286
271
265
134
48
49
73
74
287
266
264
268
48
72
73
74
396
265
272
269
48
49
52
76
292
280
268
137
48
49
73
76
293
269
267
265
48
72
73
76
399
268
281
266
48
50
68
92
321
282
271
140
48
50
74
92
323
272
270
264
48
72
74
92
402
271
284
266
48
51
57
81
327
279
274
143
48
51
75
81
329
275
273
277
48
72
75
81
405
274
281
278
48
51
66
90
318
283
277
146
48
51
75
90
319
278
276
274
48
72
75
90
408
277
284
275
48
52
57
81
327
273
280
149
48
52
76
81
328
281
279
267
48
72
76
81
411
280
275
269
48
66
68
92
321
270
283
152
48
66
90
92
322
284
282
276
48
72
90
92
414
283
272
278
49
50
51
75
319
289
286
155
49
50
74
75
320
287
285
264
49
73
74
75
417
286
290
265
49
51
64
88
333
303
289
158
49
51
75
88
335
290
288
285
49
73
75
88
420
289
305
287
49
52
58
82
340
316
292
161
49
52
76
82
341
293
291
267
49
73
76
82
423
292
317
268
49
53
59
83
363
315
295
164
49
53
77
83
365
296
294
298
49
73
77
83
426
295
317
299
49
53
70
94
360
312
298
167
49
53
77
94
362
299
297
295
49
73
77
94
429
298
314
296
49
54
60
84
372
309
301
170
49
54
78
84
374
302
300
304
49
73
78
84
432
301
311
305
49
54
64
88
333
288
304
173
49
54
78
88
334
305
303
301
49
73
78
88
435
304
290
302
49
55
56
80
376
313
307
176
49
55
79
80
377
308
306
310
49
73
79
80
438
307
314
311
49
55
60
84
372
300
310
179
49
55
79
84
373
311
309
307
49
73
79
84
441
310
302
308
49
56
70
94
360
297
313
182
49
56
80
94
361
314
312
306
49
73
80
94
444
313
299
308
49
58
59
83
363
294
316
185
49
58
82
83
364
317
315
291
49
73
82
83
447
316
296
293
50
51
66
90
276
322
319
188
50
51
75
90
277
320
318
285
50
74
75
90
450
319
323
286
50
66
68
92
282
270
322
191
50
66
90
92
283
323
321
318
50
74
90
92
453
322
271
320
51
52
53
77
337
331
325
194
51
52
76
77
338
326
324
328
51
75
76
77
456
325
332
329
51
52
57
81
279
273
328
197
51
52
76
81
280
329
327
325
51
75
76
81
459
328
274
326
51
53
54
78
352
334
331
200
51
53
77
78
353
332
330
324
51
75
77
78
462
331
335
326
51
54
64
88
303
288
334
203
51
54
78
88
304
335
333
330
51
75
78
88
465
334
289
332
52
53
65
89
369
342
337
206
52
53
77
89
371
338
336
324
52
76
77
89
468
337
344
325
52
58
62
86
388
349
340
209
52
58
82
86
389
341
339
291
52
76
82
86
471
340
350
292
52
61
65
89
369
336
343
212
52
61
85
89
370
344
342
346
52
76
85
89
474
343
338
347
52
61
69
93
393
348
346
215
52
61
85
93
395
347
345
343
52
76
85
93
477
346
350
344
52
62
69
93
393
345
349
218
52
62
86
93
394
350
348
339
52
76
86
93
480
349
347
341
53
54
55
79
373
355
352
221
53
54
78
79
374
353
351
330
53
77
78
79
483
352
356
331
53
55
67
91
379
357
355
224
53
55
79
91
380
356
354
351
53
77
79
91
486
355
359
353
53
56
67
91
382
354
358
227
53
56
80
91
383
359
357
361
53
77
80
91
489
358
356
362
53
56
70
94
312
297
361
230
53
56
80
94
313
362
360
358
53
77
80
94
492
361
298
359
53
58
59
83
315
294
364
233
53
58
82
83
316
365
363
367
53
77
82
83
495
364
295
368
53
58
61
85
385
370
367
236
53
58
82
85
386
368
366
364
53
77
82
85
498
367
371
365
53
61
65
89
342
336
370
239
53
61
85
89
343
371
369
366
53
77
85
89
501
370
337
368
54
55
60
84
309
300
373
242
54
55
79
84
310
374
372
351
54
78
79
84
504
373
301
352
55
56
71
95
381
378
376
245
55
56
80
95
383
377
375
306
55
79
80
95
507
376
380
307
55
67
71
95
381
375
379
248
55
67
91
95
382
380
378
354
55
79
91
95
510
379
377
355
56
67
71
95
378
375
382
251
56
67
91
95
379
383
381
357
56
80
91
95
513
382
376
358
58
61
63
87
390
387
385
254
58
61
85
87
392
386
384
366
58
82
85
87
516
385
389
367
58
62
63
87
390
384
388
257
58
62
86
87
391
389
387
339
58
82
86
87
519
388
386
340
61
62
63
87
387
384
391
260
61
62
86
87
388
392
390
394
61
85
86
87
522
391
385
395
61
62
69
93
348
345
394
263
61
62
86
93
349
395
393
391
61
85
86
93
525
394
346
392
72
73
74
2
418
403
397
266
72
73
1
2
419
398
396
400
72
0
1
2
0
397
404
401
72
73
76
4
424
412
400
269
72
73
1
4
425
401
399
397
72
0
1
4
3
400
413
398
72
74
92
20
453
414
403
272
72
74
2
20
455
404
402
396
72
0
2
20
6
403
416
398
72
75
81
9
459
411
406
275
72
75
3
9
461
407
405
409
72
0
3
9
9
406
413
410
72
75
90
18
450
415
409
278
72
75
3
18
451
410
408
406
72
0
3
18
12
409
416
407
72
76
81
9
459
405
412
281
72
76
4
9
460
413
411
399
72
0
4
9
15
412
407
401
72
90
92
20
453
402
415
284
72
90
18
20
454
416
414
408
72
0
18
20
18
415
404
410
73
74
75
3
451
421
418
287
73
74
2
3
452
419
417
396
73
1
2
3
21
418
422
397
73
75
88
16
465
435
421
290
73
75
3
16
467
422
420
417
73
1
3
16
24
421
437
419
73
76
82
10
472
448
424
293
73
76
4
10
473
425
423
399
73
1
4
10
27
424
449
400
73
77
83
11
495
447
427
296
73
77
5
11
497
428
426
430
73
1
5
11
30
427
449
431
73
77
94
22
492
444
430
299
73
77
5
22
494
431
429
427
73
1
5
22
33
430
446
428
73
78
84
12
504
441
433
302
73
78
6
12
506
434
432
436
73
1
6
12
36
433
443
437
73
78
88
16
465
420
436
305
73
78
6
16
466
437
435
433
73
1
6
16
39
436
422
434
73
79
80
8
508
445
439
308
73
79
7
8
509
440
438
442
73
1
7
8
42
439
446
443
73
79
84
12
504
432
442
311
73
79
7
12
505
443
441
439
73
1
7
12
45
442
434
440
73
80
94
22
492
429
445
314
73
80
8
22
493
446
444
438
73
1
8
22
48
445
431
440
73
82
83
11
495
426
448
317
73
82
10
11
496
449
447
423
73
1
10
11
51
448
428
425
74
75
90
18
408
454
451
320
74
75
3
18
409
452
450
417
74
2
3
18
54
451
455
418
74
90
92
20
414
402
454
323
74
90
18
20
415
455
453
450
74
2
18
20
57
454
403
452
75
76
77
5
469
463
457
326
75
76
4
5
470
458
456
460
75
3
4
5
60
457
464
461
75
76
81
9
411
405
460
329
75
76
4
9
412
461
459
457
75
3
4
9
63
460
406
458
75
77
78
6
484
466
463
332
75
77
5
6
485
464
462
456
75
3
5
6
66
463
467
458
75
78
88
16
435
420
466
335
75
78
6
16
436
467
465
462
75
3
6
16
69
466
421
464
76
77
89
17
501
474
469
338
76
77
5
17
503
470
468
456
76
4
5
17
72
469
476
457
76
82
86
14
520
481
472
341
76
82
10
14
521
473
471
423
76
4
10
14
75
472
482
424
76
85
89
17
501
468
475
344
76
85
13
17
502
476
474
478
76
4
13
17
78
475
470
479
76
85
93
21
525
480
478
347
76
85
13
21
527
479
477
475
76
4
13
21
81
478
482
476
76
86
93
21
525
477
481
350
76
86
14
21
526
482
480
471
76
4
14
21
84
481
479
473
77
78
79
7
505
487
484
353
77
78
6
7
506
485
483
462
77
5
6
7
87
484
488
463
77
79
91
19
511
489
487
356
77
79
7
19
512
488
486
483
77
5
7
19
90
487
491
485
77
80
91
19
514
486
490
359
77
80
8
19
515
491
489
493
77
5
8
19
93
490
488
494
77
80
94
22
444
429
493
362
77
80
8
22
445
494
492
490
77
5
8
22
96
493
430
491
77
82
83
11
447
426
496
365
77
82
10
11
448
497
495
499
77
5
10
11
99
496
427
500
77
82
85
13
517
502
499
368
77
82
10
13
518
500
498
496
77
5
10
13
102
499
503
497
77
85
89
17
474
468
502
371
77
85
13
17
475
503
501
498
77
5
13
17
105
502
469
500
78
79
84
12
441
432
505
374
78
79
7
12
442
506
504
483
78
6
7
12
108
505
433
484
79
80
95
23
513
510
508
377
79
80
8
23
515
509
507
438
79
7
8
23
111
508
512
439
79
91
95
23
513
507
511
380
79
91
19
23
514
512
510
486
79
7
19
23
114
511
509
487
80
91
95
23
510
507
514
383
80
91
19
23
511
515
513
489
80
8
19
23
117
514
508
490
82
85
87
15
522
519
517
386
82
85
13
15
524
518
516
498
82
10
13
15
120
517
521
499
82
86
87
15
522
516
520
389
82
86
14
15
523
521
519
471
82
10
14
15
123
520
518
472
85
86
87
15
519
516
523
392
85
86
14
15
520
524
522
526
85
13
14
15
126
523
517
527
85
86
93
21
480
477
526
395
85
86
14
21
481
527
525
523
85
13
14
21
129
526
478
524
528
