1
192
0
0
0
0
0
0
0
0
0
0
0
0
0
0
0
0
0
0
0
0
0
0
0
0
0
0
0
0
0
0
0
0
0
0
0
0
0
0
0
0
0
0
0
0
0
0
0
0
1
1
1
1
1
1
1
1
1
1
1
1
1
1
1
1
1
1
1
1
1
1
1
1
1
1
1
1
1
1
1
1
1
1
1
1
1
1
1
1
1
1
1
1
1
1
1
1
2
2
2
2
2
2
2
2
2
2
2
2
2
2
2
2
2
2
2
2
2
2
2
2
2
2
2
2
2
2
2
2
2
2
2
2
2
2
2
2
2
2
2
2
2
2
2
2
3
3
3
3
3
3
3
3
3
3
3
3
3
3
3
3
3
3
3
3
3
3
3
3
3
3
3
3
3
3
3
3
3
3
3
3
3
3
3
3
3
3
3
3
3
3
3
3
192
1104
0
14
22
70
205
16
1
830
0
14
62
70
206
2
0
4
0
48
62
70
276
1
17
5
0
14
35
83
195
12
4
833
0
14
62
83
197
5
3
1
0
48
62
83
279
4
14
2
0
15
21
69
45
13
7
836
0
15
63
69
46
8
6
10
0
48
63
69
282
7
14
11
0
15
34
82
220
18
10
839
0
15
63
82
221
11
9
7
0
48
63
82
285
10
20
8
0
21
35
83
51
3
13
842
0
21
69
83
52
14
12
6
0
48
69
83
288
13
5
8
0
22
23
71
225
19
16
845
0
22
70
71
226
17
15
0
0
48
70
71
291
16
20
2
0
23
34
82
244
9
19
848
0
23
71
82
245
20
18
15
0
48
71
82
294
19
11
17
1
3
32
80
66
30
22
851
1
3
51
80
68
23
21
25
1
49
51
80
297
22
32
26
1
3
41
89
63
40
25
854
1
3
51
89
65
26
24
22
1
49
51
89
300
25
41
23
1
5
24
72
99
34
28
857
1
5
53
72
101
29
27
31
1
49
53
72
303
28
35
32
1
5
32
80
105
21
31
860
1
5
53
80
107
32
30
28
1
49
53
80
306
31
23
29
1
24
37
85
171
37
34
863
1
24
72
85
172
35
33
27
1
49
72
85
309
34
38
29
1
37
42
90
177
43
37
866
1
37
85
90
178
38
36
33
1
49
85
90
312
37
44
35
1
41
45
93
252
42
40
869
1
41
89
93
253
41
39
24
1
49
89
93
315
40
44
26
1
42
45
93
180
39
43
872
1
42
90
93
181
44
42
36
1
49
90
93
318
43
41
38
2
15
21
69
6
52
46
875
2
15
63
69
7
47
45
49
2
50
63
69
321
46
53
50
2
15
35
83
195
51
49
878
2
15
63
83
196
50
48
46
2
50
63
83
324
49
53
47
2
21
35
83
12
48
52
881
2
21
69
83
13
53
51
45
2
50
69
83
327
52
50
47
3
6
10
58
109
67
55
884
3
6
54
58
110
56
54
58
3
51
54
58
330
55
68
59
3
6
13
61
108
70
58
887
3
6
54
61
110
59
57
55
3
51
54
61
333
58
71
56
3
8
38
86
144
75
61
890
3
8
56
86
146
62
60
64
3
51
56
86
336
61
77
65
3
8
41
89
132
24
64
893
3
8
56
89
134
65
63
61
3
51
56
89
339
64
25
62
3
10
32
80
165
21
67
896
3
10
58
80
167
68
66
54
3
51
58
80
342
67
22
56
3
13
24
72
159
79
70
899
3
13
61
72
160
71
69
57
3
51
61
72
345
70
80
59
3
18
28
76
141
81
73
902
3
18
66
76
142
74
72
76
3
51
66
76
348
73
83
77
3
18
38
86
144
60
76
905
3
18
66
86
145
77
75
73
3
51
66
86
351
76
62
74
3
24
27
75
247
82
79
908
3
24
72
75
248
80
78
69
3
51
72
75
354
79
83
71
3
27
28
76
246
72
82
911
3
27
75
76
247
83
81
78
3
51
75
76
357
82
74
80
4
20
29
77
237
91
85
914
4
20
68
77
239
86
84
88
4
52
68
77
360
85
92
89
4
20
40
88
240
94
88
917
4
20
68
88
242
89
87
85
4
52
68
88
363
88
95
86
4
29
41
89
261
93
91
920
4
29
77
89
262
92
90
84
4
52
77
89
366
91
95
86
4
40
41
89
274
90
94
923
4
40
88
89
275
95
93
87
4
52
88
89
369
94
92
89
5
9
10
58
157
103
97
926
5
9
57
58
158
98
96
100
5
53
57
58
372
97
104
101
5
9
24
72
156
27
100
929
5
9
57
72
158
101
99
97
5
53
57
72
375
100
28
98
5
10
16
64
163
106
103
932
5
10
58
64
164
104
102
96
5
53
58
64
378
103
107
98
5
16
32
80
223
30
106
935
5
16
64
80
224
107
105
102
5
53
64
80
381
106
31
104
6
10
13
61
160
57
109
938
6
10
58
61
161
110
108
54
6
54
58
61
384
109
58
55
7
12
22
70
184
117
112
941
7
12
60
70
185
113
111
115
7
55
60
70
387
112
119
116
7
12
39
87
189
126
115
944
7
12
60
87
191
116
114
112
7
55
60
87
390
115
128
113
7
17
22
70
226
111
118
947
7
17
65
70
227
119
117
121
7
55
65
70
393
118
113
122
7
17
36
84
228
123
121
950
7
17
65
84
230
122
120
118
7
55
65
84
396
121
125
119
7
34
36
84
243
120
124
953
7
34
82
84
244
125
123
127
7
55
82
84
399
124
122
128
7
34
39
87
189
114
127
956
7
34
82
87
190
128
126
124
7
55
82
87
402
127
116
125
8
12
34
82
190
151
130
959
8
12
60
82
191
131
129
133
8
56
60
82
405
130
152
134
8
12
41
89
186
63
133
962
8
12
60
89
188
134
132
130
8
56
60
89
408
133
64
131
8
15
30
78
192
147
136
965
8
15
63
78
193
137
135
139
8
56
63
78
411
136
149
140
8
15
44
92
219
153
139
968
8
15
63
92
221
140
138
136
8
56
63
92
414
139
155
137
8
18
28
76
72
148
142
971
8
18
66
76
73
143
141
145
8
56
66
76
417
142
149
146
8
18
38
86
75
60
145
974
8
18
66
86
76
146
144
142
8
56
66
86
420
145
61
143
8
28
30
78
265
135
148
977
8
28
76
78
266
149
147
141
8
56
76
78
423
148
137
143
8
34
43
91
271
154
151
980
8
34
82
91
272
152
150
129
8
56
82
91
426
151
155
131
8
43
44
92
270
138
154
983
8
43
91
92
271
155
153
150
8
56
91
92
429
154
140
152
9
10
24
72
159
99
157
986
9
10
58
72
161
158
156
96
9
57
58
72
432
157
100
97
10
13
24
72
69
156
160
989
10
13
61
72
70
161
159
108
10
58
61
72
435
160
157
109
10
16
47
95
222
168
163
992
10
16
64
95
224
164
162
102
10
58
64
95
438
163
170
103
10
26
32
80
259
66
166
995
10
26
74
80
260
167
165
169
10
58
74
80
441
166
67
170
10
26
47
95
258
162
169
998
10
26
74
95
260
170
168
166
10
58
74
95
444
169
164
167
11
24
37
85
33
178
172
1001
11
24
72
85
34
173
171
175
11
59
72
85
447
172
179
176
11
24
45
93
252
180
175
1004
11
24
72
93
254
176
174
172
11
59
72
93
450
175
182
173
11
37
42
90
36
181
178
1007
11
37
85
90
37
179
177
171
11
59
85
90
453
178
182
173
11
42
45
93
42
174
181
1010
11
42
90
93
43
182
180
177
11
59
90
93
456
181
176
179
12
22
25
73
204
187
184
1013
12
22
70
73
205
185
183
111
12
60
70
73
459
184
188
112
12
25
41
89
255
132
187
1016
12
25
73
89
257
188
186
183
12
60
73
89
462
187
133
185
12
34
39
87
126
114
190
1019
12
34
82
87
127
191
189
129
12
60
82
87
465
190
115
130
14
15
30
78
135
214
193
1022
14
15
63
78
136
194
192
196
14
62
63
78
468
193
215
197
14
15
35
83
48
3
196
1025
14
15
63
83
49
197
195
193
14
62
63
83
471
196
4
194
14
19
25
73
232
204
199
1028
14
19
67
73
233
200
198
202
14
62
67
73
474
199
206
203
14
19
46
94
234
216
202
1031
14
19
67
94
236
203
201
199
14
62
67
94
477
202
218
200
14
22
25
73
183
198
205
1034
14
22
70
73
184
206
204
0
14
62
70
73
480
205
200
1
14
28
33
81
264
213
208
1037
14
28
76
81
266
209
207
211
14
62
76
81
483
208
215
212
14
28
40
88
240
217
211
1040
14
28
76
88
241
212
210
208
14
62
76
88
486
211
218
209
14
30
33
81
264
207
214
1043
14
30
78
81
265
215
213
192
14
62
78
81
489
214
209
194
14
40
46
94
273
201
217
1046
14
40
88
94
275
218
216
210
14
62
88
94
492
217
203
212
15
34
44
92
270
138
220
1049
15
34
82
92
272
221
219
9
15
63
82
92
495
220
139
10
16
32
47
95
258
162
223
1052
16
32
80
95
259
224
222
105
16
64
80
95
498
223
163
106
17
22
23
71
15
229
226
1055
17
22
70
71
16
227
225
117
17
65
70
71
501
226
230
118
17
23
36
84
243
120
229
1058
17
23
71
84
245
230
228
225
17
65
71
84
504
229
121
227
19
25
31
79
256
235
232
1061
19
25
73
79
257
233
231
198
19
67
73
79
507
232
236
199
19
31
46
94
267
201
235
1064
19
31
79
94
269
236
234
231
19
67
79
94
510
235
202
233
20
28
29
77
262
84
238
1067
20
28
76
77
263
239
237
241
20
68
76
77
513
238
85
242
20
28
40
88
210
87
241
1070
20
28
76
88
211
242
240
238
20
68
76
88
516
241
88
239
23
34
36
84
123
228
244
1073
23
34
82
84
124
245
243
18
23
71
82
84
519
244
229
19
24
27
28
76
81
250
247
1076
24
27
75
76
82
248
246
78
24
72
75
76
522
247
251
79
24
28
41
89
261
253
250
1079
24
28
76
89
263
251
249
246
24
72
76
89
525
250
254
248
24
41
45
93
39
174
253
1082
24
41
89
93
40
254
252
249
24
72
89
93
528
253
175
251
25
31
41
89
268
186
256
1085
25
31
79
89
269
257
255
231
25
73
79
89
531
256
187
232
26
32
47
95
222
168
259
1088
26
32
80
95
223
260
258
165
26
74
80
95
534
259
169
166
28
29
41
89
90
249
262
1091
28
29
77
89
91
263
261
237
28
76
77
89
537
262
250
238
28
30
33
81
213
207
265
1094
28
30
78
81
214
266
264
147
28
76
78
81
540
265
208
148
31
41
46
94
273
234
268
1097
31
41
89
94
274
269
267
255
31
79
89
94
543
268
235
256
34
43
44
92
153
219
271
1100
34
43
91
92
154
272
270
150
34
82
91
92
546
271
220
151
40
41
46
94
267
216
274
1103
40
41
89
94
268
275
273
93
40
88
89
94
549
274
217
94
48
62
70
118
481
292
277
2
48
62
110
118
482
278
276
280
48
96
110
118
552
277
293
281
48
62
83
131
471
288
280
5
48
62
110
131
473
281
279
277
48
96
110
131
555
280
290
278
48
63
69
117
321
289
283
8
48
63
111
117
322
284
282
286
48
96
111
117
558
283
290
287
48
63
82
130
496
294
286
11
48
63
111
130
497
287
285
283
48
96
111
130
561
286
296
284
48
69
83
131
327
279
289
14
48
69
117
131
328
290
288
282
48
96
117
131
564
289
281
284
48
70
71
119
501
295
292
17
48
70
118
119
502
293
291
276
48
96
118
119
567
292
296
278
48
71
82
130
520
285
295
20
48
71
119
130
521
296
294
291
48
96
119
130
570
295
287
293
49
51
80
128
342
306
298
23
49
51
99
128
344
299
297
301
49
97
99
128
573
298
308
302
49
51
89
137
339
316
301
26
49
51
99
137
341
302
300
298
49
97
99
137
576
301
317
299
49
53
72
120
375
310
304
29
49
53
101
120
377
305
303
307
49
97
101
120
579
304
311
308
49
53
80
128
381
297
307
32
49
53
101
128
383
308
306
304
49
97
101
128
582
307
299
305
49
72
85
133
447
313
310
35
49
72
120
133
448
311
309
303
49
97
120
133
585
310
314
305
49
85
90
138
453
319
313
38
49
85
133
138
454
314
312
309
49
97
133
138
588
313
320
311
49
89
93
141
528
318
316
41
49
89
137
141
529
317
315
300
49
97
137
141
591
316
320
302
49
90
93
141
456
315
319
44
49
90
138
141
457
320
318
312
49
97
138
141
594
319
317
314
50
63
69
117
282
328
322
47
50
63
111
117
283
323
321
325
50
98
111
117
597
322
329
326
50
63
83
131
471
327
325
50
50
63
111
131
472
326
324
322
50
98
111
131
600
325
329
323
50
69
83
131
288
324
328
53
50
69
117
131
289
329
327
321
50
98
117
131
603
328
326
323
51
54
58
106
385
343
331
56
51
54
102
106
386
332
330
334
51
99
102
106
606
331
344
335
51
54
61
109
384
346
334
59
51
54
102
109
386
335
333
331
51
99
102
109
609
334
347
332
51
56
86
134
420
351
337
62
51
56
104
134
422
338
336
340
51
99
104
134
612
337
353
341
51
56
89
137
408
300
340
65
51
56
104
137
410
341
339
337
51
99
104
137
615
340
301
338
51
58
80
128
441
297
343
68
51
58
106
128
443
344
342
330
51
99
106
128
618
343
298
332
51
61
72
120
435
355
346
71
51
61
109
120
436
347
345
333
51
99
109
120
621
346
356
335
51
66
76
124
417
357
349
74
51
66
114
124
418
350
348
352
51
99
114
124
624
349
359
353
51
66
86
134
420
336
352
77
51
66
114
134
421
353
351
349
51
99
114
134
627
352
338
350
51
72
75
123
523
358
355
80
51
72
120
123
524
356
354
345
51
99
120
123
630
355
359
347
51
75
76
124
522
348
358
83
51
75
123
124
523
359
357
354
51
99
123
124
633
358
350
356
52
68
77
125
513
367
361
86
52
68
116
125
515
362
360
364
52
100
116
125
636
361
368
365
52
68
88
136
516
370
364
89
52
68
116
136
518
365
363
361
52
100
116
136
639
364
371
362
52
77
89
137
537
369
367
92
52
77
125
137
538
368
366
360
52
100
125
137
642
367
371
362
52
88
89
137
550
366
370
95
52
88
136
137
551
371
369
363
52
100
136
137
645
370
368
365
53
57
58
106
433
379
373
98
53
57
105
106
434
374
372
376
53
101
105
106
648
373
380
377
53
57
72
120
432
303
376
101
53
57
105
120
434
377
375
373
53
101
105
120
651
376
304
374
53
58
64
112
439
382
379
104
53
58
106
112
440
380
378
372
53
101
106
112
654
379
383
374
53
64
80
128
499
306
382
107
53
64
112
128
500
383
381
378
53
101
112
128
657
382
307
380
54
58
61
109
436
333
385
110
54
58
106
109
437
386
384
330
54
102
106
109
660
385
334
331
55
60
70
118
460
393
388
113
55
60
108
118
461
389
387
391
55
103
108
118
663
388
395
392
55
60
87
135
465
402
391
116
55
60
108
135
467
392
390
388
55
103
108
135
666
391
404
389
55
65
70
118
502
387
394
119
55
65
113
118
503
395
393
397
55
103
113
118
669
394
389
398
55
65
84
132
504
399
397
122
55
65
113
132
506
398
396
394
55
103
113
132
672
397
401
395
55
82
84
132
519
396
400
125
55
82
130
132
520
401
399
403
55
103
130
132
675
400
398
404
55
82
87
135
465
390
403
128
55
82
130
135
466
404
402
400
55
103
130
135
678
403
392
401
56
60
82
130
466
427
406
131
56
60
108
130
467
407
405
409
56
104
108
130
681
406
428
410
56
60
89
137
462
339
409
134
56
60
108
137
464
410
408
406
56
104
108
137
684
409
340
407
56
63
78
126
468
423
412
137
56
63
111
126
469
413
411
415
56
104
111
126
687
412
425
416
56
63
92
140
495
429
415
140
56
63
111
140
497
416
414
412
56
104
111
140
690
415
431
413
56
66
76
124
348
424
418
143
56
66
114
124
349
419
417
421
56
104
114
124
693
418
425
422
56
66
86
134
351
336
421
146
56
66
114
134
352
422
420
418
56
104
114
134
696
421
337
419
56
76
78
126
541
411
424
149
56
76
124
126
542
425
423
417
56
104
124
126
699
424
413
419
56
82
91
139
547
430
427
152
56
82
130
139
548
428
426
405
56
104
130
139
702
427
431
407
56
91
92
140
546
414
430
155
56
91
139
140
547
431
429
426
56
104
139
140
705
430
416
428
57
58
72
120
435
375
433
158
57
58
106
120
437
434
432
372
57
105
106
120
708
433
376
373
58
61
72
120
345
432
436
161
58
61
109
120
346
437
435
384
58
106
109
120
711
436
433
385
58
64
95
143
498
444
439
164
58
64
112
143
500
440
438
378
58
106
112
143
714
439
446
379
58
74
80
128
535
342
442
167
58
74
122
128
536
443
441
445
58
106
122
128
717
442
343
446
58
74
95
143
534
438
445
170
58
74
122
143
536
446
444
442
58
106
122
143
720
445
440
443
59
72
85
133
309
454
448
173
59
72
120
133
310
449
447
451
59
107
120
133
723
448
455
452
59
72
93
141
528
456
451
176
59
72
120
141
530
452
450
448
59
107
120
141
726
451
458
449
59
85
90
138
312
457
454
179
59
85
133
138
313
455
453
447
59
107
133
138
729
454
458
449
59
90
93
141
318
450
457
182
59
90
138
141
319
458
456
453
59
107
138
141
732
457
452
455
60
70
73
121
480
463
460
185
60
70
118
121
481
461
459
387
60
108
118
121
735
460
464
388
60
73
89
137
531
408
463
188
60
73
121
137
533
464
462
459
60
108
121
137
738
463
409
461
60
82
87
135
402
390
466
191
60
82
130
135
403
467
465
405
60
108
130
135
741
466
391
406
62
63
78
126
411
490
469
194
62
63
111
126
412
470
468
472
62
110
111
126
744
469
491
473
62
63
83
131
324
279
472
197
62
63
111
131
325
473
471
469
62
110
111
131
747
472
280
470
62
67
73
121
508
480
475
200
62
67
115
121
509
476
474
478
62
110
115
121
750
475
482
479
62
67
94
142
510
492
478
203
62
67
115
142
512
479
477
475
62
110
115
142
753
478
494
476
62
70
73
121
459
474
481
206
62
70
118
121
460
482
480
276
62
110
118
121
756
481
476
277
62
76
81
129
540
489
484
209
62
76
124
129
542
485
483
487
62
110
124
129
759
484
491
488
62
76
88
136
516
493
487
212
62
76
124
136
517
488
486
484
62
110
124
136
762
487
494
485
62
78
81
129
540
483
490
215
62
78
126
129
541
491
489
468
62
110
126
129
765
490
485
470
62
88
94
142
549
477
493
218
62
88
136
142
551
494
492
486
62
110
136
142
768
493
479
488
63
82
92
140
546
414
496
221
63
82
130
140
548
497
495
285
63
111
130
140
771
496
415
286
64
80
95
143
534
438
499
224
64
80
128
143
535
500
498
381
64
112
128
143
774
499
439
382
65
70
71
119
291
505
502
227
65
70
118
119
292
503
501
393
65
113
118
119
777
502
506
394
65
71
84
132
519
396
505
230
65
71
119
132
521
506
504
501
65
113
119
132
780
505
397
503
67
73
79
127
532
511
508
233
67
73
121
127
533
509
507
474
67
115
121
127
783
508
512
475
67
79
94
142
543
477
511
236
67
79
127
142
545
512
510
507
67
115
127
142
786
511
478
509
68
76
77
125
538
360
514
239
68
76
124
125
539
515
513
517
68
116
124
125
789
514
361
518
68
76
88
136
486
363
517
242
68
76
124
136
487
518
516
514
68
116
124
136
792
517
364
515
71
82
84
132
399
504
520
245
71
82
130
132
400
521
519
294
71
119
130
132
795
520
505
295
72
75
76
124
357
526
523
248
72
75
123
124
358
524
522
354
72
120
123
124
798
523
527
355
72
76
89
137
537
529
526
251
72
76
124
137
539
527
525
522
72
120
124
137
801
526
530
524
72
89
93
141
315
450
529
254
72
89
137
141
316
530
528
525
72
120
137
141
804
529
451
527
73
79
89
137
544
462
532
257
73
79
127
137
545
533
531
507
73
121
127
137
807
532
463
508
74
80
95
143
498
444
535
260
74
80
128
143
499
536
534
441
74
122
128
143
810
535
445
442
76
77
89
137
366
525
538
263
76
77
125
137
367
539
537
513
76
124
125
137
813
538
526
514
76
78
81
129
489
483
541
266
76
78
126
129
490
542
540
423
76
124
126
129
816
541
484
424
79
89
94
142
549
510
544
269
79
89
137
142
550
545
543
531
79
127
137
142
819
544
511
532
82
91
92
140
429
495
547
272
82
91
139
140
430
548
546
426
82
130
139
140
822
547
496
427
88
89
94
142
543
492
550
275
88
89
137
142
544
551
549
369
88
136
137
142
825
550
493
370
96
110
118
166
757
568
553
278
96
110
158
166
758
554
552
556
96
144
158
166
828
553
569
557
96
110
131
179
747
564
556
281
96
110
158
179
749
557
555
553
96
144
158
179
831
556
566
554
96
111
117
165
597
565
559
284
96
111
159
165
598
560
558
562
96
144
159
165
834
559
566
563
96
111
130
178
772
570
562
287
96
111
159
178
773
563
561
559
96
144
159
178
837
562
572
560
96
117
131
179
603
555
565
290
96
117
165
179
604
566
564
558
96
144
165
179
840
565
557
560
96
118
119
167
777
571
568
293
96
118
166
167
778
569
567
552
96
144
166
167
843
568
572
554
96
119
130
178
796
561
571
296
96
119
167
178
797
572
570
567
96
144
167
178
846
571
563
569
97
99
128
176
618
582
574
299
97
99
147
176
620
575
573
577
97
145
147
176
849
574
584
578
97
99
137
185
615
592
577
302
97
99
147
185
617
578
576
574
97
145
147
185
852
577
593
575
97
101
120
168
651
586
580
305
97
101
149
168
653
581
579
583
97
145
149
168
855
580
587
584
97
101
128
176
657
573
583
308
97
101
149
176
659
584
582
580
97
145
149
176
858
583
575
581
97
120
133
181
723
589
586
311
97
120
168
181
724
587
585
579
97
145
168
181
861
586
590
581
97
133
138
186
729
595
589
314
97
133
181
186
730
590
588
585
97
145
181
186
864
589
596
587
97
137
141
189
804
594
592
317
97
137
185
189
805
593
591
576
97
145
185
189
867
592
596
578
97
138
141
189
732
591
595
320
97
138
186
189
733
596
594
588
97
145
186
189
870
595
593
590
98
111
117
165
558
604
598
323
98
111
159
165
559
599
597
601
98
146
159
165
873
598
605
602
98
111
131
179
747
603
601
326
98
111
159
179
748
602
600
598
98
146
159
179
876
601
605
599
98
117
131
179
564
600
604
329
98
117
165
179
565
605
603
597
98
146
165
179
879
604
602
599
99
102
106
154
661
619
607
332
99
102
150
154
662
608
606
610
99
147
150
154
882
607
620
611
99
102
109
157
660
622
610
335
99
102
150
157
662
611
609
607
99
147
150
157
885
610
623
608
99
104
134
182
696
627
613
338
99
104
152
182
698
614
612
616
99
147
152
182
888
613
629
617
99
104
137
185
684
576
616
341
99
104
152
185
686
617
615
613
99
147
152
185
891
616
577
614
99
106
128
176
717
573
619
344
99
106
154
176
719
620
618
606
99
147
154
176
894
619
574
608
99
109
120
168
711
631
622
347
99
109
157
168
712
623
621
609
99
147
157
168
897
622
632
611
99
114
124
172
693
633
625
350
99
114
162
172
694
626
624
628
99
147
162
172
900
625
635
629
99
114
134
182
696
612
628
353
99
114
162
182
697
629
627
625
99
147
162
182
903
628
614
626
99
120
123
171
799
634
631
356
99
120
168
171
800
632
630
621
99
147
168
171
906
631
635
623
99
123
124
172
798
624
634
359
99
123
171
172
799
635
633
630
99
147
171
172
909
634
626
632
100
116
125
173
789
643
637
362
100
116
164
173
791
638
636
640
100
148
164
173
912
637
644
641
100
116
136
184
792
646
640
365
100
116
164
184
794
641
639
637
100
148
164
184
915
640
647
638
100
125
137
185
813
645
643
368
100
125
173
185
814
644
642
636
100
148
173
185
918
643
647
638
100
136
137
185
826
642
646
371
100
136
184
185
827
647
645
639
100
148
184
185
921
646
644
641
101
105
106
154
709
655
649
374
101
105
153
154
710
650
648
652
101
149
153
154
924
649
656
653
101
105
120
168
708
579
652
377
101
105
153
168
710
653
651
649
101
149
153
168
927
652
580
650
101
106
112
160
715
658
655
380
101
106
154
160
716
656
654
648
101
149
154
160
930
655
659
650
101
112
128
176
775
582
658
383
101
112
160
176
776
659
657
654
101
149
160
176
933
658
583
656
102
106
109
157
712
609
661
386
102
106
154
157
713
662
660
606
102
150
154
157
936
661
610
607
103
108
118
166
736
669
664
389
103
108
156
166
737
665
663
667
103
151
156
166
939
664
671
668
103
108
135
183
741
678
667
392
103
108
156
183
743
668
666
664
103
151
156
183
942
667
680
665
103
113
118
166
778
663
670
395
103
113
161
166
779
671
669
673
103
151
161
166
945
670
665
674
103
113
132
180
780
675
673
398
103
113
161
180
782
674
672
670
103
151
161
180
948
673
677
671
103
130
132
180
795
672
676
401
103
130
178
180
796
677
675
679
103
151
178
180
951
676
674
680
103
130
135
183
741
666
679
404
103
130
178
183
742
680
678
676
103
151
178
183
954
679
668
677
104
108
130
178
742
703
682
407
104
108
156
178
743
683
681
685
104
152
156
178
957
682
704
686
104
108
137
185
738
615
685
410
104
108
156
185
740
686
684
682
104
152
156
185
960
685
616
683
104
111
126
174
744
699
688
413
104
111
159
174
745
689
687
691
104
152
159
174
963
688
701
692
104
111
140
188
771
705
691
416
104
111
159
188
773
692
690
688
104
152
159
188
966
691
707
689
104
114
124
172
624
700
694
419
104
114
162
172
625
695
693
697
104
152
162
172
969
694
701
698
104
114
134
182
627
612
697
422
104
114
162
182
628
698
696
694
104
152
162
182
972
697
613
695
104
124
126
174
817
687
700
425
104
124
172
174
818
701
699
693
104
152
172
174
975
700
689
695
104
130
139
187
823
706
703
428
104
130
178
187
824
704
702
681
104
152
178
187
978
703
707
683
104
139
140
188
822
690
706
431
104
139
187
188
823
707
705
702
104
152
187
188
981
706
692
704
105
106
120
168
711
651
709
434
105
106
154
168
713
710
708
648
105
153
154
168
984
709
652
649
106
109
120
168
621
708
712
437
106
109
157
168
622
713
711
660
106
154
157
168
987
712
709
661
106
112
143
191
774
720
715
440
106
112
160
191
776
716
714
654
106
154
160
191
990
715
722
655
106
122
128
176
811
618
718
443
106
122
170
176
812
719
717
721
106
154
170
176
993
718
619
722
106
122
143
191
810
714
721
446
106
122
170
191
812
722
720
718
106
154
170
191
996
721
716
719
107
120
133
181
585
730
724
449
107
120
168
181
586
725
723
727
107
155
168
181
999
724
731
728
107
120
141
189
804
732
727
452
107
120
168
189
806
728
726
724
107
155
168
189
1002
727
734
725
107
133
138
186
588
733
730
455
107
133
181
186
589
731
729
723
107
155
181
186
1005
730
734
725
107
138
141
189
594
726
733
458
107
138
186
189
595
734
732
729
107
155
186
189
1008
733
728
731
108
118
121
169
756
739
736
461
108
118
166
169
757
737
735
663
108
156
166
169
1011
736
740
664
108
121
137
185
807
684
739
464
108
121
169
185
809
740
738
735
108
156
169
185
1014
739
685
737
108
130
135
183
678
666
742
467
108
130
178
183
679
743
741
681
108
156
178
183
1017
742
667
682
110
111
126
174
687
766
745
470
110
111
159
174
688
746
744
748
110
158
159
174
1020
745
767
749
110
111
131
179
600
555
748
473
110
111
159
179
601
749
747
745
110
158
159
179
1023
748
556
746
110
115
121
169
784
756
751
476
110
115
163
169
785
752
750
754
110
158
163
169
1026
751
758
755
110
115
142
190
786
768
754
479
110
115
163
190
788
755
753
751
110
158
163
190
1029
754
770
752
110
118
121
169
735
750
757
482
110
118
166
169
736
758
756
552
110
158
166
169
1032
757
752
553
110
124
129
177
816
765
760
485
110
124
172
177
818
761
759
763
110
158
172
177
1035
760
767
764
110
124
136
184
792
769
763
488
110
124
172
184
793
764
762
760
110
158
172
184
1038
763
770
761
110
126
129
177
816
759
766
491
110
126
174
177
817
767
765
744
110
158
174
177
1041
766
761
746
110
136
142
190
825
753
769
494
110
136
184
190
827
770
768
762
110
158
184
190
1044
769
755
764
111
130
140
188
822
690
772
497
111
130
178
188
824
773
771
561
111
159
178
188
1047
772
691
562
112
128
143
191
810
714
775
500
112
128
176
191
811
776
774
657
112
160
176
191
1050
775
715
658
113
118
119
167
567
781
778
503
113
118
166
167
568
779
777
669
113
161
166
167
1053
778
782
670
113
119
132
180
795
672
781
506
113
119
167
180
797
782
780
777
113
161
167
180
1056
781
673
779
115
121
127
175
808
787
784
509
115
121
169
175
809
785
783
750
115
163
169
175
1059
784
788
751
115
127
142
190
819
753
787
512
115
127
175
190
821
788
786
783
115
163
175
190
1062
787
754
785
116
124
125
173
814
636
790
515
116
124
172
173
815
791
789
793
116
164
172
173
1065
790
637
794
116
124
136
184
762
639
793
518
116
124
172
184
763
794
792
790
116
164
172
184
1068
793
640
791
119
130
132
180
675
780
796
521
119
130
178
180
676
797
795
570
119
167
178
180
1071
796
781
571
120
123
124
172
633
802
799
524
120
123
171
172
634
800
798
630
120
168
171
172
1074
799
803
631
120
124
137
185
813
805
802
527
120
124
172
185
815
803
801
798
120
168
172
185
1077
802
806
800
120
137
141
189
591
726
805
530
120
137
185
189
592
806
804
801
120
168
185
189
1080
805
727
803
121
127
137
185
820
738
808
533
121
127
175
185
821
809
807
783
121
169
175
185
1083
808
739
784
122
128
143
191
774
720
811
536
122
128
176
191
775
812
810
717
122
170
176
191
1086
811
721
718
124
125
137
185
642
801
814
539
124
125
173
185
643
815
813
789
124
172
173
185
1089
814
802
790
124
126
129
177
765
759
817
542
124
126
174
177
766
818
816
699
124
172
174
177
1092
817
760
700
127
137
142
190
825
786
820
545
127
137
185
190
826
821
819
807
127
175
185
190
1095
820
787
808
130
139
140
188
705
771
823
548
130
139
187
188
706
824
822
702
130
178
187
188
1098
823
772
703
136
137
142
190
819
768
826
551
136
137
185
190
820
827
825
645
136
184
185
190
1101
826
769
646
144
158
166
22
1033
844
829
554
144
158
14
22
1034
830
828
832
144
0
14
22
0
829
845
833
144
158
179
35
1023
840
832
557
144
158
14
35
1025
833
831
829
144
0
14
35
3
832
842
830
144
159
165
21
873
841
835
560
144
159
15
21
874
836
834
838
144
0
15
21
6
835
842
839
144
159
178
34
1048
846
838
563
144
159
15
34
1049
839
837
835
144
0
15
34
9
838
848
836
144
165
179
35
879
831
841
566
144
165
21
35
880
842
840
834
144
0
21
35
12
841
833
836
144
166
167
23
1053
847
844
569
144
166
22
23
1054
845
843
828
144
0
22
23
15
844
848
830
144
167
178
34
1072
837
847
572
144
167
23
34
1073
848
846
843
144
0
23
34
18
847
839
845
145
147
176
32
894
858
850
575
145
147
3
32
896
851
849
853
145
1
3
32
21
850
860
854
145
147
185
41
891
868
853
578
145
147
3
41
893
854
852
850
145
1
3
41
24
853
869
851
145
149
168
24
927
862
856
581
145
149
5
24
929
857
855
859
145
1
5
24
27
856
863
860
145
149
176
32
933
849
859
584
145
149
5
32
935
860
858
856
145
1
5
32
30
859
851
857
145
168
181
37
999
865
862
587
145
168
24
37
1000
863
861
855
145
1
24
37
33
862
866
857
145
181
186
42
1005
871
865
590
145
181
37
42
1006
866
864
861
145
1
37
42
36
865
872
863
145
185
189
45
1080
870
868
593
145
185
41
45
1081
869
867
852
145
1
41
45
39
868
872
854
145
186
189
45
1008
867
871
596
145
186
42
45
1009
872
870
864
145
1
42
45
42
871
869
866
146
159
165
21
834
880
874
599
146
159
15
21
835
875
873
877
146
2
15
21
45
874
881
878
146
159
179
35
1023
879
877
602
146
159
15
35
1024
878
876
874
146
2
15
35
48
877
881
875
146
165
179
35
840
876
880
605
146
165
21
35
841
881
879
873
146
2
21
35
51
880
878
875
147
150
154
10
937
895
883
608
147
150
6
10
938
884
882
886
147
3
6
10
54
883
896
887
147
150
157
13
936
898
886
611
147
150
6
13
938
887
885
883
147
3
6
13
57
886
899
884
147
152
182
38
972
903
889
614
147
152
8
38
974
890
888
892
147
3
8
38
60
889
905
893
147
152
185
41
960
852
892
617
147
152
8
41
962
893
891
889
147
3
8
41
63
892
853
890
147
154
176
32
993
849
895
620
147
154
10
32
995
896
894
882
147
3
10
32
66
895
850
884
147
157
168
24
987
907
898
623
147
157
13
24
988
899
897
885
147
3
13
24
69
898
908
887
147
162
172
28
969
909
901
626
147
162
18
28
970
902
900
904
147
3
18
28
72
901
911
905
147
162
182
38
972
888
904
629
147
162
18
38
973
905
903
901
147
3
18
38
75
904
890
902
147
168
171
27
1075
910
907
632
147
168
24
27
1076
908
906
897
147
3
24
27
78
907
911
899
147
171
172
28
1074
900
910
635
147
171
27
28
1075
911
909
906
147
3
27
28
81
910
902
908
148
164
173
29
1065
919
913
638
148
164
20
29
1067
914
912
916
148
4
20
29
84
913
920
917
148
164
184
40
1068
922
916
641
148
164
20
40
1070
917
915
913
148
4
20
40
87
916
923
914
148
173
185
41
1089
921
919
644
148
173
29
41
1090
920
918
912
148
4
29
41
90
919
923
914
148
184
185
41
1102
918
922
647
148
184
40
41
1103
923
921
915
148
4
40
41
93
922
920
917
149
153
154
10
985
931
925
650
149
153
9
10
986
926
924
928
149
5
9
10
96
925
932
929
149
153
168
24
984
855
928
653
149
153
9
24
986
929
927
925
149
5
9
24
99
928
856
926
149
154
160
16
991
934
931
656
149
154
10
16
992
932
930
924
149
5
10
16
102
931
935
926
149
160
176
32
1051
858
934
659
149
160
16
32
1052
935
933
930
149
5
16
32
105
934
859
932
150
154
157
13
988
885
937
662
150
154
10
13
989
938
936
882
150
6
10
13
108
937
886
883
151
156
166
22
1012
945
940
665
151
156
12
22
1013
941
939
943
151
7
12
22
111
940
947
944
151
156
183
39
1017
954
943
668
151
156
12
39
1019
944
942
940
151
7
12
39
114
943
956
941
151
161
166
22
1054
939
946
671
151
161
17
22
1055
947
945
949
151
7
17
22
117
946
941
950
151
161
180
36
1056
951
949
674
151
161
17
36
1058
950
948
946
151
7
17
36
120
949
953
947
151
178
180
36
1071
948
952
677
151
178
34
36
1072
953
951
955
151
7
34
36
123
952
950
956
151
178
183
39
1017
942
955
680
151
178
34
39
1018
956
954
952
151
7
34
39
126
955
944
953
152
156
178
34
1018
979
958
683
152
156
12
34
1019
959
957
961
152
8
12
34
129
958
980
962
152
156
185
41
1014
891
961
686
152
156
12
41
1016
962
960
958
152
8
12
41
132
961
892
959
152
159
174
30
1020
975
964
689
152
159
15
30
1021
965
963
967
152
8
15
30
135
964
977
968
152
159
188
44
1047
981
967
692
152
159
15
44
1049
968
966
964
152
8
15
44
138
967
983
965
152
162
172
28
900
976
970
695
152
162
18
28
901
971
969
973
152
8
18
28
141
970
977
974
152
162
182
38
903
888
973
698
152
162
18
38
904
974
972
970
152
8
18
38
144
973
889
971
152
172
174
30
1093
963
976
701
152
172
28
30
1094
977
975
969
152
8
28
30
147
976
965
971
152
178
187
43
1099
982
979
704
152
178
34
43
1100
980
978
957
152
8
34
43
150
979
983
959
152
187
188
44
1098
966
982
707
152
187
43
44
1099
983
981
978
152
8
43
44
153
982
968
980
153
154
168
24
987
927
985
710
153
154
10
24
989
986
984
924
153
9
10
24
156
985
928
925
154
157
168
24
897
984
988
713
154
157
13
24
898
989
987
936
154
10
13
24
159
988
985
937
154
160
191
47
1050
996
991
716
154
160
16
47
1052
992
990
930
154
10
16
47
162
991
998
931
154
170
176
32
1087
894
994
719
154
170
26
32
1088
995
993
997
154
10
26
32
165
994
895
998
154
170
191
47
1086
990
997
722
154
170
26
47
1088
998
996
994
154
10
26
47
168
997
992
995
155
168
181
37
861
1006
1000
725
155
168
24
37
862
1001
999
1003
155
11
24
37
171
1000
1007
1004
155
168
189
45
1080
1008
1003
728
155
168
24
45
1082
1004
1002
1000
155
11
24
45
174
1003
1010
1001
155
181
186
42
864
1009
1006
731
155
181
37
42
865
1007
1005
999
155
11
37
42
177
1006
1010
1001
155
186
189
45
870
1002
1009
734
155
186
42
45
871
1010
1008
1005
155
11
42
45
180
1009
1004
1007
156
166
169
25
1032
1015
1012
737
156
166
22
25
1033
1013
1011
939
156
12
22
25
183
1012
1016
940
156
169
185
41
1083
960
1015
740
156
169
25
41
1085
1016
1014
1011
156
12
25
41
186
1015
961
1013
156
178
183
39
954
942
1018
743
156
178
34
39
955
1019
1017
957
156
12
34
39
189
1018
943
958
158
159
174
30
963
1042
1021
746
158
159
15
30
964
1022
1020
1024
158
14
15
30
192
1021
1043
1025
158
159
179
35
876
831
1024
749
158
159
15
35
877
1025
1023
1021
158
14
15
35
195
1024
832
1022
158
163
169
25
1060
1032
1027
752
158
163
19
25
1061
1028
1026
1030
158
14
19
25
198
1027
1034
1031
158
163
190
46
1062
1044
1030
755
158
163
19
46
1064
1031
1029
1027
158
14
19
46
201
1030
1046
1028
158
166
169
25
1011
1026
1033
758
158
166
22
25
1012
1034
1032
828
158
14
22
25
204
1033
1028
829
158
172
177
33
1092
1041
1036
761
158
172
28
33
1094
1037
1035
1039
158
14
28
33
207
1036
1043
1040
158
172
184
40
1068
1045
1039
764
158
172
28
40
1069
1040
1038
1036
158
14
28
40
210
1039
1046
1037
158
174
177
33
1092
1035
1042
767
158
174
30
33
1093
1043
1041
1020
158
14
30
33
213
1042
1037
1022
158
184
190
46
1101
1029
1045
770
158
184
40
46
1103
1046
1044
1038
158
14
40
46
216
1045
1031
1040
159
178
188
44
1098
966
1048
773
159
178
34
44
1100
1049
1047
837
159
15
34
44
219
1048
967
838
160
176
191
47
1086
990
1051
776
160
176
32
47
1087
1052
1050
933
160
16
32
47
222
1051
991
934
161
166
167
23
843
1057
1054
779
161
166
22
23
844
1055
1053
945
161
17
22
23
225
1054
1058
946
161
167
180
36
1071
948
1057
782
161
167
23
36
1073
1058
1056
1053
161
17
23
36
228
1057
949
1055
163
169
175
31
1084
1063
1060
785
163
169
25
31
1085
1061
1059
1026
163
19
25
31
231
1060
1064
1027
163
175
190
46
1095
1029
1063
788
163
175
31
46
1097
1064
1062
1059
163
19
31
46
234
1063
1030
1061
164
172
173
29
1090
912
1066
791
164
172
28
29
1091
1067
1065
1069
164
20
28
29
237
1066
913
1070
164
172
184
40
1038
915
1069
794
164
172
28
40
1039
1070
1068
1066
164
20
28
40
240
1069
916
1067
167
178
180
36
951
1056
1072
797
167
178
34
36
952
1073
1071
846
167
23
34
36
243
1072
1057
847
168
171
172
28
909
1078
1075
800
168
171
27
28
910
1076
1074
906
168
24
27
28
246
1075
1079
907
168
172
185
41
1089
1081
1078
803
168
172
28
41
1091
1079
1077
1074
168
24
28
41
249
1078
1082
1076
168
185
189
45
867
1002
1081
806
168
185
41
45
868
1082
1080
1077
168
24
41
45
252
1081
1003
1079
169
175
185
41
1096
1014
1084
809
169
175
31
41
1097
1085
1083
1059
169
25
31
41
255
1084
1015
1060
170
176
191
47
1050
996
1087
812
170
176
32
47
1051
1088
1086
993
170
26
32
47
258
1087
997
994
172
173
185
41
918
1077
1090
815
172
173
29
41
919
1091
1089
1065
172
28
29
41
261
1090
1078
1066
172
174
177
33
1041
1035
1093
818
172
174
30
33
1042
1094
1092
975
172
28
30
33
264
1093
1036
976
175
185
190
46
1101
1062
1096
821
175
185
41
46
1102
1097
1095
1083
175
31
41
46
267
1096
1063
1084
178
187
188
44
981
1047
1099
824
178
187
43
44
982
1100
1098
978
178
34
43
44
270
1099
1048
979
184
185
190
46
1095
1044
1102
827
184
185
41
46
1096
1103
1101
921
184
40
41
46
273
1102
1045
922
1104
