1
96
0
0
0
0
0
0
0
0
0
0
0
0
0
0
0
0
0
0
0
0
0
0
0
0
1
1
1
1
1
1
1
1
1
1
1
1
1
1
1
1
1
1
1
1
1
1
1
1
2
2
2
2
2
2
2
2
2
2
2
2
2
2
2
2
2
2
2
2
2
2
2
2
3
3
3
3
3
3
3
3
3
3
3
3
3
3
3
3
3
3
3
3
3
3
3
3
96
528
0
10
16
40
111
7
1
398
0
10
34
40
113
2
0
4
0
24
34
40
132
1
8
5
0
10
23
47
114
9
4
401
0
10
34
47
116
5
3
1
0
24
34
47
135
4
11
2
0
16
17
41
127
10
7
404
0
16
40
41
128
8
6
0
0
24
40
41
138
7
11
2
0
17
23
47
129
3
10
407
0
17
41
47
131
11
9
6
0
24
41
47
141
10
5
8
1
2
12
36
39
25
13
410
1
2
26
36
41
14
12
16
1
25
26
36
144
13
26
17
1
2
21
45
33
21
16
413
1
2
26
45
35
17
15
13
1
25
26
45
147
16
23
14
1
4
20
44
63
27
19
416
1
4
28
44
65
20
18
22
1
25
28
44
150
19
29
23
1
4
21
45
33
15
22
419
1
4
28
45
34
23
21
19
1
25
28
45
153
22
17
20
1
12
16
40
87
28
25
422
1
12
36
40
88
26
24
12
1
25
36
40
156
25
29
14
1
16
20
44
126
18
28
425
1
16
40
44
128
29
27
24
1
25
40
44
159
28
20
26
2
4
8
32
60
36
31
428
2
4
28
32
62
32
30
34
2
26
28
32
162
31
38
35
2
4
21
45
21
15
34
431
2
4
28
45
22
35
33
31
2
26
28
45
165
34
16
32
2
6
8
32
79
30
37
434
2
6
30
32
80
38
36
40
2
26
30
32
168
37
32
41
2
6
12
36
78
12
40
437
2
6
30
36
80
41
39
37
2
26
30
36
171
40
13
38
3
5
11
35
72
48
43
440
3
5
29
35
74
44
42
46
3
27
29
35
174
43
50
47
3
5
22
46
75
57
46
443
3
5
29
46
77
47
45
43
3
27
29
46
177
46
59
44
3
8
11
35
72
42
49
446
3
8
32
35
73
50
48
52
3
27
32
35
180
49
44
53
3
8
19
43
96
54
52
449
3
8
32
43
98
53
51
49
3
27
32
43
183
52
56
50
3
15
19
43
120
51
55
452
3
15
39
43
121
56
54
58
3
27
39
43
186
55
53
59
3
15
22
46
123
45
58
455
3
15
39
46
124
59
57
55
3
27
39
46
189
58
47
56
4
7
8
32
66
30
61
458
4
7
31
32
67
62
60
64
4
28
31
32
192
61
31
65
4
7
20
44
84
18
64
461
4
7
31
44
86
65
63
61
4
28
31
44
195
64
19
62
5
7
8
32
60
73
67
464
5
7
31
32
61
68
66
70
5
29
31
32
198
67
74
71
5
7
14
38
81
76
70
467
5
7
31
38
83
71
69
67
5
29
31
38
201
70
77
68
5
8
11
35
48
42
73
470
5
8
32
35
49
74
72
66
5
29
32
35
204
73
43
68
5
14
22
46
123
45
76
473
5
14
38
46
125
77
75
69
5
29
38
46
207
76
46
71
6
8
12
36
88
39
79
476
6
8
32
36
89
80
78
36
6
30
32
36
210
79
40
37
7
10
14
38
108
69
82
479
7
10
34
38
110
83
81
85
7
31
34
38
213
82
70
86
7
10
20
44
115
63
85
482
7
10
34
44
116
86
84
82
7
31
34
44
216
85
64
83
8
12
16
40
24
90
88
485
8
12
36
40
25
89
87
78
8
32
36
40
219
88
92
79
8
13
16
40
111
87
91
488
8
13
37
40
112
92
90
94
8
32
37
40
222
91
89
95
8
13
18
42
117
97
94
491
8
13
37
42
119
95
93
91
8
32
37
42
225
94
98
92
8
18
19
43
105
51
97
494
8
18
42
43
106
98
96
93
8
32
42
43
228
97
52
95
9
14
18
42
117
106
100
497
9
14
38
42
118
101
99
103
9
33
38
42
231
100
107
104
9
14
19
43
120
105
103
500
9
14
38
43
122
104
102
100
9
33
38
43
234
103
107
101
9
18
19
43
96
102
106
503
9
18
42
43
97
107
105
99
9
33
42
43
237
106
104
101
10
13
14
38
118
81
109
506
10
13
37
38
119
110
108
112
10
34
37
38
240
109
82
113
10
13
16
40
90
0
112
509
10
13
37
40
91
113
111
109
10
34
37
40
243
112
1
110
10
20
23
47
129
3
115
512
10
20
44
47
130
116
114
84
10
34
44
47
246
115
4
85
13
14
18
42
99
93
118
515
13
14
38
42
100
119
117
108
13
37
38
42
249
118
94
109
14
15
19
43
54
102
121
518
14
15
39
43
55
122
120
124
14
38
39
43
252
121
103
125
14
15
22
46
57
75
124
521
14
15
39
46
58
125
123
121
14
38
39
46
255
124
76
122
16
17
20
44
130
27
127
524
16
17
41
44
131
128
126
6
16
40
41
44
258
127
28
7
17
20
23
47
114
9
130
527
17
20
44
47
115
131
129
126
17
41
44
47
261
130
10
127
24
34
40
64
243
139
133
2
24
34
58
64
245
134
132
136
24
48
58
64
264
133
140
137
24
34
47
71
246
141
136
5
24
34
58
71
248
137
135
133
24
48
58
71
267
136
143
134
24
40
41
65
259
142
139
8
24
40
64
65
260
140
138
132
24
48
64
65
270
139
143
134
24
41
47
71
261
135
142
11
24
41
65
71
263
143
141
138
24
48
65
71
273
142
137
140
25
26
36
60
171
157
145
14
25
26
50
60
173
146
144
148
25
49
50
60
276
145
158
149
25
26
45
69
165
153
148
17
25
26
50
69
167
149
147
145
25
49
50
69
279
148
155
146
25
28
44
68
195
159
151
20
25
28
52
68
197
152
150
154
25
49
52
68
282
151
161
155
25
28
45
69
165
147
154
23
25
28
52
69
166
155
153
151
25
49
52
69
285
154
149
152
25
36
40
64
219
160
157
26
25
36
60
64
220
158
156
144
25
49
60
64
288
157
161
146
25
40
44
68
258
150
160
29
25
40
64
68
260
161
159
156
25
49
64
68
291
160
152
158
26
28
32
56
192
168
163
32
26
28
52
56
194
164
162
166
26
50
52
56
294
163
170
167
26
28
45
69
153
147
166
35
26
28
52
69
154
167
165
163
26
50
52
69
297
166
148
164
26
30
32
56
211
162
169
38
26
30
54
56
212
170
168
172
26
50
54
56
300
169
164
173
26
30
36
60
210
144
172
41
26
30
54
60
212
173
171
169
26
50
54
60
303
172
145
170
27
29
35
59
204
180
175
44
27
29
53
59
206
176
174
178
27
51
53
59
306
175
182
179
27
29
46
70
207
189
178
47
27
29
53
70
209
179
177
175
27
51
53
70
309
178
191
176
27
32
35
59
204
174
181
50
27
32
56
59
205
182
180
184
27
51
56
59
312
181
176
185
27
32
43
67
228
186
184
53
27
32
56
67
230
185
183
181
27
51
56
67
315
184
188
182
27
39
43
67
252
183
187
56
27
39
63
67
253
188
186
190
27
51
63
67
318
187
185
191
27
39
46
70
255
177
190
59
27
39
63
70
256
191
189
187
27
51
63
70
321
190
179
188
28
31
32
56
198
162
193
62
28
31
55
56
199
194
192
196
28
52
55
56
324
193
163
197
28
31
44
68
216
150
196
65
28
31
55
68
218
197
195
193
28
52
55
68
327
196
151
194
29
31
32
56
192
205
199
68
29
31
55
56
193
200
198
202
29
53
55
56
330
199
206
203
29
31
38
62
213
208
202
71
29
31
55
62
215
203
201
199
29
53
55
62
333
202
209
200
29
32
35
59
180
174
205
74
29
32
56
59
181
206
204
198
29
53
56
59
336
205
175
200
29
38
46
70
255
177
208
77
29
38
62
70
257
209
207
201
29
53
62
70
339
208
178
203
30
32
36
60
220
171
211
80
30
32
56
60
221
212
210
168
30
54
56
60
342
211
172
169
31
34
38
62
240
201
214
83
31
34
58
62
242
215
213
217
31
55
58
62
345
214
202
218
31
34
44
68
247
195
217
86
31
34
58
68
248
218
216
214
31
55
58
68
348
217
196
215
32
36
40
64
156
222
220
89
32
36
60
64
157
221
219
210
32
56
60
64
351
220
224
211
32
37
40
64
243
219
223
92
32
37
61
64
244
224
222
226
32
56
61
64
354
223
221
227
32
37
42
66
249
229
226
95
32
37
61
66
251
227
225
223
32
56
61
66
357
226
230
224
32
42
43
67
237
183
229
98
32
42
66
67
238
230
228
225
32
56
66
67
360
229
184
227
33
38
42
66
249
238
232
101
33
38
62
66
250
233
231
235
33
57
62
66
363
232
239
236
33
38
43
67
252
237
235
104
33
38
62
67
254
236
234
232
33
57
62
67
366
235
239
233
33
42
43
67
228
234
238
107
33
42
66
67
229
239
237
231
33
57
66
67
369
238
236
233
34
37
38
62
250
213
241
110
34
37
61
62
251
242
240
244
34
58
61
62
372
241
214
245
34
37
40
64
222
132
244
113
34
37
61
64
223
245
243
241
34
58
61
64
375
244
133
242
34
44
47
71
261
135
247
116
34
44
68
71
262
248
246
216
34
58
68
71
378
247
136
217
37
38
42
66
231
225
250
119
37
38
62
66
232
251
249
240
37
61
62
66
381
250
226
241
38
39
43
67
186
234
253
122
38
39
63
67
187
254
252
256
38
62
63
67
384
253
235
257
38
39
46
70
189
207
256
125
38
39
63
70
190
257
255
253
38
62
63
70
387
256
208
254
40
41
44
68
262
159
259
128
40
41
65
68
263
260
258
138
40
64
65
68
390
259
160
139
41
44
47
71
246
141
262
131
41
44
68
71
247
263
261
258
41
65
68
71
393
262
142
259
48
58
64
88
375
271
265
134
48
58
82
88
377
266
264
268
48
72
82
88
396
265
272
269
48
58
71
95
378
273
268
137
48
58
82
95
380
269
267
265
48
72
82
95
399
268
275
266
48
64
65
89
391
274
271
140
48
64
88
89
392
272
270
264
48
72
88
89
402
271
275
266
48
65
71
95
393
267
274
143
48
65
89
95
395
275
273
270
48
72
89
95
405
274
269
272
49
50
60
84
303
289
277
146
49
50
74
84
305
278
276
280
49
73
74
84
408
277
290
281
49
50
69
93
297
285
280
149
49
50
74
93
299
281
279
277
49
73
74
93
411
280
287
278
49
52
68
92
327
291
283
152
49
52
76
92
329
284
282
286
49
73
76
92
414
283
293
287
49
52
69
93
297
279
286
155
49
52
76
93
298
287
285
283
49
73
76
93
417
286
281
284
49
60
64
88
351
292
289
158
49
60
84
88
352
290
288
276
49
73
84
88
420
289
293
278
49
64
68
92
390
282
292
161
49
64
88
92
392
293
291
288
49
73
88
92
423
292
284
290
50
52
56
80
324
300
295
164
50
52
76
80
326
296
294
298
50
74
76
80
426
295
302
299
50
52
69
93
285
279
298
167
50
52
76
93
286
299
297
295
50
74
76
93
429
298
280
296
50
54
56
80
343
294
301
170
50
54
78
80
344
302
300
304
50
74
78
80
432
301
296
305
50
54
60
84
342
276
304
173
50
54
78
84
344
305
303
301
50
74
78
84
435
304
277
302
51
53
59
83
336
312
307
176
51
53
77
83
338
308
306
310
51
75
77
83
438
307
314
311
51
53
70
94
339
321
310
179
51
53
77
94
341
311
309
307
51
75
77
94
441
310
323
308
51
56
59
83
336
306
313
182
51
56
80
83
337
314
312
316
51
75
80
83
444
313
308
317
51
56
67
91
360
318
316
185
51
56
80
91
362
317
315
313
51
75
80
91
447
316
320
314
51
63
67
91
384
315
319
188
51
63
87
91
385
320
318
322
51
75
87
91
450
319
317
323
51
63
70
94
387
309
322
191
51
63
87
94
388
323
321
319
51
75
87
94
453
322
311
320
52
55
56
80
330
294
325
194
52
55
79
80
331
326
324
328
52
76
79
80
456
325
295
329
52
55
68
92
348
282
328
197
52
55
79
92
350
329
327
325
52
76
79
92
459
328
283
326
53
55
56
80
324
337
331
200
53
55
79
80
325
332
330
334
53
77
79
80
462
331
338
335
53
55
62
86
345
340
334
203
53
55
79
86
347
335
333
331
53
77
79
86
465
334
341
332
53
56
59
83
312
306
337
206
53
56
80
83
313
338
336
330
53
77
80
83
468
337
307
332
53
62
70
94
387
309
340
209
53
62
86
94
389
341
339
333
53
77
86
94
471
340
310
335
54
56
60
84
352
303
343
212
54
56
80
84
353
344
342
300
54
78
80
84
474
343
304
301
55
58
62
86
372
333
346
215
55
58
82
86
374
347
345
349
55
79
82
86
477
346
334
350
55
58
68
92
379
327
349
218
55
58
82
92
380
350
348
346
55
79
82
92
480
349
328
347
56
60
64
88
288
354
352
221
56
60
84
88
289
353
351
342
56
80
84
88
483
352
356
343
56
61
64
88
375
351
355
224
56
61
85
88
376
356
354
358
56
80
85
88
486
355
353
359
56
61
66
90
381
361
358
227
56
61
85
90
383
359
357
355
56
80
85
90
489
358
362
356
56
66
67
91
369
315
361
230
56
66
90
91
370
362
360
357
56
80
90
91
492
361
316
359
57
62
66
90
381
370
364
233
57
62
86
90
382
365
363
367
57
81
86
90
495
364
371
368
57
62
67
91
384
369
367
236
57
62
86
91
386
368
366
364
57
81
86
91
498
367
371
365
57
66
67
91
360
366
370
239
57
66
90
91
361
371
369
363
57
81
90
91
501
370
368
365
58
61
62
86
382
345
373
242
58
61
85
86
383
374
372
376
58
82
85
86
504
373
346
377
58
61
64
88
354
264
376
245
58
61
85
88
355
377
375
373
58
82
85
88
507
376
265
374
58
68
71
95
393
267
379
248
58
68
92
95
394
380
378
348
58
82
92
95
510
379
268
349
61
62
66
90
363
357
382
251
61
62
86
90
364
383
381
372
61
85
86
90
513
382
358
373
62
63
67
91
318
366
385
254
62
63
87
91
319
386
384
388
62
86
87
91
516
385
367
389
62
63
70
94
321
339
388
257
62
63
87
94
322
389
387
385
62
86
87
94
519
388
340
386
64
65
68
92
394
291
391
260
64
65
89
92
395
392
390
270
64
88
89
92
522
391
292
271
65
68
71
95
378
273
394
263
65
68
92
95
379
395
393
390
65
89
92
95
525
394
274
391
72
82
88
16
507
403
397
266
72
82
10
16
509
398
396
400
72
0
10
16
0
397
404
401
72
82
95
23
510
405
400
269
72
82
10
23
512
401
399
397
72
0
10
23
3
400
407
398
72
88
89
17
523
406
403
272
72
88
16
17
524
404
402
396
72
0
16
17
6
403
407
398
72
89
95
23
525
399
406
275
72
89
17
23
527
407
405
402
72
0
17
23
9
406
401
404
73
74
84
12
435
421
409
278
73
74
2
12
437
410
408
412
73
1
2
12
12
409
422
413
73
74
93
21
429
417
412
281
73
74
2
21
431
413
411
409
73
1
2
21
15
412
419
410
73
76
92
20
459
423
415
284
73
76
4
20
461
416
414
418
73
1
4
20
18
415
425
419
73
76
93
21
429
411
418
287
73
76
4
21
430
419
417
415
73
1
4
21
21
418
413
416
73
84
88
16
483
424
421
290
73
84
12
16
484
422
420
408
73
1
12
16
24
421
425
410
73
88
92
20
522
414
424
293
73
88
16
20
524
425
423
420
73
1
16
20
27
424
416
422
74
76
80
8
456
432
427
296
74
76
4
8
458
428
426
430
74
2
4
8
30
427
434
431
74
76
93
21
417
411
430
299
74
76
4
21
418
431
429
427
74
2
4
21
33
430
412
428
74
78
80
8
475
426
433
302
74
78
6
8
476
434
432
436
74
2
6
8
36
433
428
437
74
78
84
12
474
408
436
305
74
78
6
12
476
437
435
433
74
2
6
12
39
436
409
434
75
77
83
11
468
444
439
308
75
77
5
11
470
440
438
442
75
3
5
11
42
439
446
443
75
77
94
22
471
453
442
311
75
77
5
22
473
443
441
439
75
3
5
22
45
442
455
440
75
80
83
11
468
438
445
314
75
80
8
11
469
446
444
448
75
3
8
11
48
445
440
449
75
80
91
19
492
450
448
317
75
80
8
19
494
449
447
445
75
3
8
19
51
448
452
446
75
87
91
19
516
447
451
320
75
87
15
19
517
452
450
454
75
3
15
19
54
451
449
455
75
87
94
22
519
441
454
323
75
87
15
22
520
455
453
451
75
3
15
22
57
454
443
452
76
79
80
8
462
426
457
326
76
79
7
8
463
458
456
460
76
4
7
8
60
457
427
461
76
79
92
20
480
414
460
329
76
79
7
20
482
461
459
457
76
4
7
20
63
460
415
458
77
79
80
8
456
469
463
332
77
79
7
8
457
464
462
466
77
5
7
8
66
463
470
467
77
79
86
14
477
472
466
335
77
79
7
14
479
467
465
463
77
5
7
14
69
466
473
464
77
80
83
11
444
438
469
338
77
80
8
11
445
470
468
462
77
5
8
11
72
469
439
464
77
86
94
22
519
441
472
341
77
86
14
22
521
473
471
465
77
5
14
22
75
472
442
467
78
80
84
12
484
435
475
344
78
80
8
12
485
476
474
432
78
6
8
12
78
475
436
433
79
82
86
14
504
465
478
347
79
82
10
14
506
479
477
481
79
7
10
14
81
478
466
482
79
82
92
20
511
459
481
350
79
82
10
20
512
482
480
478
79
7
10
20
84
481
460
479
80
84
88
16
420
486
484
353
80
84
12
16
421
485
483
474
80
8
12
16
87
484
488
475
80
85
88
16
507
483
487
356
80
85
13
16
508
488
486
490
80
8
13
16
90
487
485
491
80
85
90
18
513
493
490
359
80
85
13
18
515
491
489
487
80
8
13
18
93
490
494
488
80
90
91
19
501
447
493
362
80
90
18
19
502
494
492
489
80
8
18
19
96
493
448
491
81
86
90
18
513
502
496
365
81
86
14
18
514
497
495
499
81
9
14
18
99
496
503
500
81
86
91
19
516
501
499
368
81
86
14
19
518
500
498
496
81
9
14
19
102
499
503
497
81
90
91
19
492
498
502
371
81
90
18
19
493
503
501
495
81
9
18
19
105
502
500
497
82
85
86
14
514
477
505
374
82
85
13
14
515
506
504
508
82
10
13
14
108
505
478
509
82
85
88
16
486
396
508
377
82
85
13
16
487
509
507
505
82
10
13
16
111
508
397
506
82
92
95
23
525
399
511
380
82
92
20
23
526
512
510
480
82
10
20
23
114
511
400
481
85
86
90
18
495
489
514
383
85
86
14
18
496
515
513
504
85
13
14
18
117
514
490
505
86
87
91
19
450
498
517
386
86
87
15
19
451
518
516
520
86
14
15
19
120
517
499
521
86
87
94
22
453
471
520
389
86
87
15
22
454
521
519
517
86
14
15
22
123
520
472
518
88
89
92
20
526
423
523
392
88
89
17
20
527
524
522
402
88
16
17
20
126
523
424
403
89
92
95
23
510
405
526
395
89
92
20
23
511
527
525
522
89
17
20
23
129
526
406
523
528
