1
96
0
0
0
0
0
0
0
0
0
0
0
0
0
0
0
0
0
0
0
0
0
0
0
0
1
1
1
1
1
1
1
1
1
1
1
1
1
1
1
1
1
1
1
1
1
1
1
1
2
2
2
2
2
2
2
2
2
2
2
2
2
2
2
2
2
2
2
2
2
2
2
2
3
3
3
3
3
3
3
3
3
3
3
3
3
3
3
3
3
3
3
3
3
3
3
3
96
528
0
2
14
38
34
6
1
398
0
2
26
38
35
2
0
4
0
24
26
38
132
1
8
5
0
2
21
45
33
9
4
401
0
2
26
45
35
5
3
1
0
24
26
45
135
4
11
2
0
5
14
38
73
0
7
404
0
5
29
38
74
8
6
10
0
24
29
38
138
7
2
11
0
5
21
45
57
3
10
407
0
5
29
45
58
11
9
7
0
24
29
45
141
10
5
8
1
7
12
36
75
25
13
410
1
7
31
36
76
14
12
16
1
25
31
36
144
13
26
17
1
7
15
39
85
31
16
413
1
7
31
39
86
17
15
13
1
25
31
39
147
16
32
14
1
11
14
38
115
28
19
416
1
11
35
38
116
20
18
22
1
25
35
38
150
19
29
23
1
11
16
40
42
30
22
419
1
11
35
40
43
23
21
19
1
25
35
40
153
22
32
20
1
12
19
43
96
27
25
422
1
12
36
43
97
26
24
12
1
25
36
43
156
25
29
14
1
14
19
43
72
24
28
425
1
14
38
43
73
29
27
18
1
25
38
43
159
28
26
20
1
15
16
40
84
21
31
428
1
15
39
40
85
32
30
15
1
25
39
40
162
31
23
17
2
14
21
45
120
3
34
431
2
14
38
45
122
35
33
0
2
26
38
45
165
34
4
1
3
8
14
38
88
49
37
434
3
8
32
38
89
38
36
40
3
27
32
38
168
37
50
41
3
8
22
46
93
51
40
437
3
8
32
46
95
41
39
37
3
27
32
46
171
40
53
38
3
11
16
40
21
52
43
440
3
11
35
40
22
44
42
46
3
27
35
40
174
43
53
47
3
11
18
42
114
48
46
443
3
11
35
42
116
47
45
43
3
27
35
42
177
46
50
44
3
14
18
42
114
45
49
446
3
14
38
42
115
50
48
36
3
27
38
42
180
49
47
38
3
16
22
46
93
39
52
449
3
16
40
46
94
53
51
42
3
27
40
46
183
52
41
44
4
5
13
37
66
61
55
452
4
5
29
37
68
56
54
58
4
28
29
37
186
55
62
59
4
5
21
45
9
63
58
455
4
5
29
45
10
59
57
55
4
28
29
45
189
58
65
56
4
13
17
41
105
64
61
458
4
13
37
41
106
62
60
54
4
28
37
41
192
61
65
56
4
17
21
45
120
57
64
461
4
17
41
45
121
65
63
60
4
28
41
45
195
64
59
62
5
10
13
37
106
54
67
464
5
10
34
37
107
68
66
70
5
29
34
37
198
67
55
71
5
10
19
43
112
72
70
467
5
10
34
43
113
71
69
67
5
29
34
43
201
70
74
68
5
14
19
43
27
69
73
470
5
14
38
43
28
74
72
6
5
29
38
43
204
73
71
7
6
7
12
36
12
82
76
473
6
7
31
36
13
77
75
79
6
30
31
36
207
76
83
80
6
7
16
40
84
81
79
476
6
7
31
40
86
80
78
76
6
30
31
40
210
79
83
77
6
12
16
40
118
78
82
479
6
12
36
40
119
83
81
75
6
30
36
40
213
82
80
77
7
15
16
40
30
78
85
482
7
15
39
40
31
86
84
15
7
31
39
40
216
85
79
16
8
14
17
41
121
90
88
485
8
14
38
41
122
89
87
36
8
32
38
41
219
88
92
37
8
16
17
41
124
87
91
488
8
16
40
41
125
92
90
94
8
32
40
41
222
91
89
95
8
16
22
46
51
39
94
491
8
16
40
46
52
95
93
91
8
32
40
46
225
94
40
92
9
12
19
43
24
103
97
494
9
12
36
43
25
98
96
100
9
33
36
43
228
97
104
101
9
12
20
44
117
102
100
497
9
12
36
44
119
101
99
97
9
33
36
44
231
100
104
98
9
19
20
44
130
99
103
500
9
19
43
44
131
104
102
96
9
33
43
44
234
103
101
98
10
13
17
41
60
109
106
503
10
13
37
41
61
107
105
66
10
34
37
41
237
106
110
67
10
17
23
47
123
111
109
506
10
17
41
47
124
110
108
105
10
34
41
47
240
109
113
107
10
19
23
47
129
108
112
509
10
19
43
47
131
113
111
69
10
34
43
47
243
112
110
70
11
14
18
42
48
45
115
512
11
14
38
42
49
116
114
18
11
35
38
42
246
115
46
19
12
16
20
44
127
99
118
515
12
16
40
44
128
119
117
81
12
36
40
44
249
118
100
82
14
17
21
45
63
33
121
518
14
17
41
45
64
122
120
87
14
38
41
45
252
121
34
88
16
17
23
47
108
126
124
521
16
17
41
47
109
125
123
90
16
40
41
47
255
124
128
91
16
20
23
47
129
123
127
524
16
20
44
47
130
128
126
117
16
40
44
47
258
127
125
118
19
20
23
47
126
111
130
527
19
20
44
47
127
131
129
102
19
43
44
47
261
130
112
103
24
26
38
62
166
138
133
2
24
26
50
62
167
134
132
136
24
48
50
62
264
133
140
137
24
26
45
69
165
141
136
5
24
26
50
69
167
137
135
133
24
48
50
69
267
136
143
134
24
29
38
62
205
132
139
8
24
29
53
62
206
140
138
142
24
48
53
62
270
139
134
143
24
29
45
69
189
135
142
11
24
29
53
69
190
143
141
139
24
48
53
69
273
142
137
140
25
31
36
60
207
157
145
14
25
31
55
60
208
146
144
148
25
49
55
60
276
145
158
149
25
31
39
63
217
163
148
17
25
31
55
63
218
149
147
145
25
49
55
63
279
148
164
146
25
35
38
62
247
160
151
20
25
35
59
62
248
152
150
154
25
49
59
62
282
151
161
155
25
35
40
64
174
162
154
23
25
35
59
64
175
155
153
151
25
49
59
64
285
154
164
152
25
36
43
67
228
159
157
26
25
36
60
67
229
158
156
144
25
49
60
67
288
157
161
146
25
38
43
67
204
156
160
29
25
38
62
67
205
161
159
150
25
49
62
67
291
160
158
152
25
39
40
64
216
153
163
32
25
39
63
64
217
164
162
147
25
49
63
64
294
163
155
149
26
38
45
69
252
135
166
35
26
38
62
69
254
167
165
132
26
50
62
69
297
166
136
133
27
32
38
62
220
181
169
38
27
32
56
62
221
170
168
172
27
51
56
62
300
169
182
173
27
32
46
70
225
183
172
41
27
32
56
70
227
173
171
169
27
51
56
70
303
172
185
170
27
35
40
64
153
184
175
44
27
35
59
64
154
176
174
178
27
51
59
64
306
175
185
179
27
35
42
66
246
180
178
47
27
35
59
66
248
179
177
175
27
51
59
66
309
178
182
176
27
38
42
66
246
177
181
50
27
38
62
66
247
182
180
168
27
51
62
66
312
181
179
170
27
40
46
70
225
171
184
53
27
40
64
70
226
185
183
174
27
51
64
70
315
184
173
176
28
29
37
61
198
193
187
56
28
29
53
61
200
188
186
190
28
52
53
61
318
187
194
191
28
29
45
69
141
195
190
59
28
29
53
69
142
191
189
187
28
52
53
69
321
190
197
188
28
37
41
65
237
196
193
62
28
37
61
65
238
194
192
186
28
52
61
65
324
193
197
188
28
41
45
69
252
189
196
65
28
41
65
69
253
197
195
192
28
52
65
69
327
196
191
194
29
34
37
61
238
186
199
68
29
34
58
61
239
200
198
202
29
53
58
61
330
199
187
203
29
34
43
67
244
204
202
71
29
34
58
67
245
203
201
199
29
53
58
67
333
202
206
200
29
38
43
67
159
201
205
74
29
38
62
67
160
206
204
138
29
53
62
67
336
205
203
139
30
31
36
60
144
214
208
77
30
31
55
60
145
209
207
211
30
54
55
60
339
208
215
212
30
31
40
64
216
213
211
80
30
31
55
64
218
212
210
208
30
54
55
64
342
211
215
209
30
36
40
64
250
210
214
83
30
36
60
64
251
215
213
207
30
54
60
64
345
214
212
209
31
39
40
64
162
210
217
86
31
39
63
64
163
218
216
147
31
55
63
64
348
217
211
148
32
38
41
65
253
222
220
89
32
38
62
65
254
221
219
168
32
56
62
65
351
220
224
169
32
40
41
65
256
219
223
92
32
40
64
65
257
224
222
226
32
56
64
65
354
223
221
227
32
40
46
70
183
171
226
95
32
40
64
70
184
227
225
223
32
56
64
70
357
226
172
224
33
36
43
67
156
235
229
98
33
36
60
67
157
230
228
232
33
57
60
67
360
229
236
233
33
36
44
68
249
234
232
101
33
36
60
68
251
233
231
229
33
57
60
68
363
232
236
230
33
43
44
68
262
231
235
104
33
43
67
68
263
236
234
228
33
57
67
68
366
235
233
230
34
37
41
65
192
241
238
107
34
37
61
65
193
239
237
198
34
58
61
65
369
238
242
199
34
41
47
71
255
243
241
110
34
41
65
71
256
242
240
237
34
58
65
71
372
241
245
239
34
43
47
71
261
240
244
113
34
43
67
71
263
245
243
201
34
58
67
71
375
244
242
202
35
38
42
66
180
177
247
116
35
38
62
66
181
248
246
150
35
59
62
66
378
247
178
151
36
40
44
68
259
231
250
119
36
40
64
68
260
251
249
213
36
60
64
68
381
250
232
214
38
41
45
69
195
165
253
122
38
41
65
69
196
254
252
219
38
62
65
69
384
253
166
220
40
41
47
71
240
258
256
125
40
41
65
71
241
257
255
222
40
64
65
71
387
256
260
223
40
44
47
71
261
255
259
128
40
44
68
71
262
260
258
249
40
64
68
71
390
259
257
250
43
44
47
71
258
243
262
131
43
44
68
71
259
263
261
234
43
67
68
71
393
262
244
235
48
50
62
86
298
270
265
134
48
50
74
86
299
266
264
268
48
72
74
86
396
265
272
269
48
50
69
93
297
273
268
137
48
50
74
93
299
269
267
265
48
72
74
93
399
268
275
266
48
53
62
86
337
264
271
140
48
53
77
86
338
272
270
274
48
72
77
86
402
271
266
275
48
53
69
93
321
267
274
143
48
53
77
93
322
275
273
271
48
72
77
93
405
274
269
272
49
55
60
84
339
289
277
146
49
55
79
84
340
278
276
280
49
73
79
84
408
277
290
281
49
55
63
87
349
295
280
149
49
55
79
87
350
281
279
277
49
73
79
87
411
280
296
278
49
59
62
86
379
292
283
152
49
59
83
86
380
284
282
286
49
73
83
86
414
283
293
287
49
59
64
88
306
294
286
155
49
59
83
88
307
287
285
283
49
73
83
88
417
286
296
284
49
60
67
91
360
291
289
158
49
60
84
91
361
290
288
276
49
73
84
91
420
289
293
278
49
62
67
91
336
288
292
161
49
62
86
91
337
293
291
282
49
73
86
91
423
292
290
284
49
63
64
88
348
285
295
164
49
63
87
88
349
296
294
279
49
73
87
88
426
295
287
281
50
62
69
93
384
267
298
167
50
62
86
93
386
299
297
264
50
74
86
93
429
298
268
265
51
56
62
86
352
313
301
170
51
56
80
86
353
302
300
304
51
75
80
86
432
301
314
305
51
56
70
94
357
315
304
173
51
56
80
94
359
305
303
301
51
75
80
94
435
304
317
302
51
59
64
88
285
316
307
176
51
59
83
88
286
308
306
310
51
75
83
88
438
307
317
311
51
59
66
90
378
312
310
179
51
59
83
90
380
311
309
307
51
75
83
90
441
310
314
308
51
62
66
90
378
309
313
182
51
62
86
90
379
314
312
300
51
75
86
90
444
313
311
302
51
64
70
94
357
303
316
185
51
64
88
94
358
317
315
306
51
75
88
94
447
316
305
308
52
53
61
85
330
325
319
188
52
53
77
85
332
320
318
322
52
76
77
85
450
319
326
323
52
53
69
93
273
327
322
191
52
53
77
93
274
323
321
319
52
76
77
93
453
322
329
320
52
61
65
89
369
328
325
194
52
61
85
89
370
326
324
318
52
76
85
89
456
325
329
320
52
65
69
93
384
321
328
197
52
65
89
93
385
329
327
324
52
76
89
93
459
328
323
326
53
58
61
85
370
318
331
200
53
58
82
85
371
332
330
334
53
77
82
85
462
331
319
335
53
58
67
91
376
336
334
203
53
58
82
91
377
335
333
331
53
77
82
91
465
334
338
332
53
62
67
91
291
333
337
206
53
62
86
91
292
338
336
270
53
77
86
91
468
337
335
271
54
55
60
84
276
346
340
209
54
55
79
84
277
341
339
343
54
78
79
84
471
340
347
344
54
55
64
88
348
345
343
212
54
55
79
88
350
344
342
340
54
78
79
88
474
343
347
341
54
60
64
88
382
342
346
215
54
60
84
88
383
347
345
339
54
78
84
88
477
346
344
341
55
63
64
88
294
342
349
218
55
63
87
88
295
350
348
279
55
79
87
88
480
349
343
280
56
62
65
89
385
354
352
221
56
62
86
89
386
353
351
300
56
80
86
89
483
352
356
301
56
64
65
89
388
351
355
224
56
64
88
89
389
356
354
358
56
80
88
89
486
355
353
359
56
64
70
94
315
303
358
227
56
64
88
94
316
359
357
355
56
80
88
94
489
358
304
356
57
60
67
91
288
367
361
230
57
60
84
91
289
362
360
364
57
81
84
91
492
361
368
365
57
60
68
92
381
366
364
233
57
60
84
92
383
365
363
361
57
81
84
92
495
364
368
362
57
67
68
92
394
363
367
236
57
67
91
92
395
368
366
360
57
81
91
92
498
367
365
362
58
61
65
89
324
373
370
239
58
61
85
89
325
371
369
330
58
82
85
89
501
370
374
331
58
65
71
95
387
375
373
242
58
65
89
95
388
374
372
369
58
82
89
95
504
373
377
371
58
67
71
95
393
372
376
245
58
67
91
95
395
377
375
333
58
82
91
95
507
376
374
334
59
62
66
90
312
309
379
248
59
62
86
90
313
380
378
282
59
83
86
90
510
379
310
283
60
64
68
92
391
363
382
251
60
64
88
92
392
383
381
345
60
84
88
92
513
382
364
346
62
65
69
93
327
297
385
254
62
65
89
93
328
386
384
351
62
86
89
93
516
385
298
352
64
65
71
95
372
390
388
257
64
65
89
95
373
389
387
354
64
88
89
95
519
388
392
355
64
68
71
95
393
387
391
260
64
68
92
95
394
392
390
381
64
88
92
95
522
391
389
382
67
68
71
95
390
375
394
263
67
68
92
95
391
395
393
366
67
91
92
95
525
394
376
367
72
74
86
14
430
402
397
266
72
74
2
14
431
398
396
400
72
0
2
14
0
397
404
401
72
74
93
21
429
405
400
269
72
74
2
21
431
401
399
397
72
0
2
21
3
400
407
398
72
77
86
14
469
396
403
272
72
77
5
14
470
404
402
406
72
0
5
14
6
403
398
407
72
77
93
21
453
399
406
275
72
77
5
21
454
407
405
403
72
0
5
21
9
406
401
404
73
79
84
12
471
421
409
278
73
79
7
12
472
410
408
412
73
1
7
12
12
409
422
413
73
79
87
15
481
427
412
281
73
79
7
15
482
413
411
409
73
1
7
15
15
412
428
410
73
83
86
14
511
424
415
284
73
83
11
14
512
416
414
418
73
1
11
14
18
415
425
419
73
83
88
16
438
426
418
287
73
83
11
16
439
419
417
415
73
1
11
16
21
418
428
416
73
84
91
19
492
423
421
290
73
84
12
19
493
422
420
408
73
1
12
19
24
421
425
410
73
86
91
19
468
420
424
293
73
86
14
19
469
425
423
414
73
1
14
19
27
424
422
416
73
87
88
16
480
417
427
296
73
87
15
16
481
428
426
411
73
1
15
16
30
427
419
413
74
86
93
21
516
399
430
299
74
86
14
21
518
431
429
396
74
2
14
21
33
430
400
397
75
80
86
14
484
445
433
302
75
80
8
14
485
434
432
436
75
3
8
14
36
433
446
437
75
80
94
22
489
447
436
305
75
80
8
22
491
437
435
433
75
3
8
22
39
436
449
434
75
83
88
16
417
448
439
308
75
83
11
16
418
440
438
442
75
3
11
16
42
439
449
443
75
83
90
18
510
444
442
311
75
83
11
18
512
443
441
439
75
3
11
18
45
442
446
440
75
86
90
18
510
441
445
314
75
86
14
18
511
446
444
432
75
3
14
18
48
445
443
434
75
88
94
22
489
435
448
317
75
88
16
22
490
449
447
438
75
3
16
22
51
448
437
440
76
77
85
13
462
457
451
320
76
77
5
13
464
452
450
454
76
4
5
13
54
451
458
455
76
77
93
21
405
459
454
323
76
77
5
21
406
455
453
451
76
4
5
21
57
454
461
452
76
85
89
17
501
460
457
326
76
85
13
17
502
458
456
450
76
4
13
17
60
457
461
452
76
89
93
21
516
453
460
329
76
89
17
21
517
461
459
456
76
4
17
21
63
460
455
458
77
82
85
13
502
450
463
332
77
82
10
13
503
464
462
466
77
5
10
13
66
463
451
467
77
82
91
19
508
468
466
335
77
82
10
19
509
467
465
463
77
5
10
19
69
466
470
464
77
86
91
19
423
465
469
338
77
86
14
19
424
470
468
402
77
5
14
19
72
469
467
403
78
79
84
12
408
478
472
341
78
79
7
12
409
473
471
475
78
6
7
12
75
472
479
476
78
79
88
16
480
477
475
344
78
79
7
16
482
476
474
472
78
6
7
16
78
475
479
473
78
84
88
16
514
474
478
347
78
84
12
16
515
479
477
471
78
6
12
16
81
478
476
473
79
87
88
16
426
474
481
350
79
87
15
16
427
482
480
411
79
7
15
16
84
481
475
412
80
86
89
17
517
486
484
353
80
86
14
17
518
485
483
432
80
8
14
17
87
484
488
433
80
88
89
17
520
483
487
356
80
88
16
17
521
488
486
490
80
8
16
17
90
487
485
491
80
88
94
22
447
435
490
359
80
88
16
22
448
491
489
487
80
8
16
22
93
490
436
488
81
84
91
19
420
499
493
362
81
84
12
19
421
494
492
496
81
9
12
19
96
493
500
497
81
84
92
20
513
498
496
365
81
84
12
20
515
497
495
493
81
9
12
20
99
496
500
494
81
91
92
20
526
495
499
368
81
91
19
20
527
500
498
492
81
9
19
20
102
499
497
494
82
85
89
17
456
505
502
371
82
85
13
17
457
503
501
462
82
10
13
17
105
502
506
463
82
89
95
23
519
507
505
374
82
89
17
23
520
506
504
501
82
10
17
23
108
505
509
503
82
91
95
23
525
504
508
377
82
91
19
23
527
509
507
465
82
10
19
23
111
508
506
466
83
86
90
18
444
441
511
380
83
86
14
18
445
512
510
414
83
11
14
18
114
511
442
415
84
88
92
20
523
495
514
383
84
88
16
20
524
515
513
477
84
12
16
20
117
514
496
478
86
89
93
21
459
429
517
386
86
89
17
21
460
518
516
483
86
14
17
21
120
517
430
484
88
89
95
23
504
522
520
389
88
89
17
23
505
521
519
486
88
16
17
23
123
520
524
487
88
92
95
23
525
519
523
392
88
92
20
23
526
524
522
513
88
16
20
23
126
523
521
514
91
92
95
23
522
507
526
395
91
92
20
23
523
527
525
498
91
19
20
23
129
526
508
499
528
