1
48
0
0
0
0
0
0
0
0
0
0
0
0
1
1
1
1
1
1
1
1
1
1
1
1
2
2
2
2
2
2
2
2
2
2
2
2
3
3
3
3
3
3
3
3
3
3
3
3
48
240
0
1
3
15
13
7
1
182
0
1
13
15
14
2
0
4
0
12
13
15
60
1
8
5
0
1
8
20
16
9
4
185
0
1
13
20
17
5
3
1
0
12
13
20
63
4
11
2
0
3
4
16
43
10
7
188
0
3
15
16
44
8
6
0
0
12
15
16
66
7
11
2
0
4
8
20
42
3
10
191
0
4
16
20
43
11
9
6
0
12
16
20
69
10
5
8
1
3
11
23
54
15
13
194
1
3
15
23
56
14
12
0
1
13
15
23
72
13
17
1
1
8
11
23
57
12
16
197
1
8
20
23
58
17
15
3
1
13
20
23
75
16
14
4
2
3
6
18
45
24
19
200
2
3
15
18
47
20
18
22
2
14
15
18
78
19
26
23
2
3
9
21
51
36
22
203
2
3
15
21
53
23
21
19
2
14
15
21
81
22
38
20
2
5
6
18
45
18
25
206
2
5
17
18
46
26
24
28
2
14
17
18
84
25
20
29
2
5
10
22
48
40
28
209
2
5
17
22
49
29
27
25
2
14
17
22
87
28
41
26
2
7
8
20
58
37
31
212
2
7
19
20
59
32
30
34
2
14
19
20
90
31
38
35
2
7
11
23
57
39
34
215
2
7
19
23
59
35
33
31
2
14
19
23
93
34
41
32
2
8
9
21
51
21
37
218
2
8
20
21
52
38
36
30
2
14
20
21
96
37
23
32
2
10
11
23
54
33
40
221
2
10
22
23
55
41
39
27
2
14
22
23
99
40
35
29
3
4
8
20
9
52
43
224
3
4
16
20
10
44
42
6
3
15
16
20
102
43
53
7
3
5
6
18
24
18
46
227
3
5
17
18
25
47
45
49
3
15
17
18
105
46
19
50
3
5
10
22
27
55
49
230
3
5
17
22
28
50
48
46
3
15
17
22
108
49
56
47
3
8
9
21
36
21
52
233
3
8
20
21
37
53
51
42
3
15
20
21
111
52
22
44
3
10
11
23
39
12
55
236
3
10
22
23
40
56
54
48
3
15
22
23
114
55
13
50
7
8
11
23
15
33
58
239
7
8
20
23
16
59
57
30
7
19
20
23
117
58
34
31
12
13
15
27
73
67
61
2
12
13
25
27
74
62
60
64
12
24
25
27
120
61
68
65
12
13
20
32
76
69
64
5
12
13
25
32
77
65
63
61
12
24
25
32
123
64
71
62
12
15
16
28
103
70
67
8
12
15
27
28
104
68
66
60
12
24
27
28
126
67
71
62
12
16
20
32
102
63
70
11
12
16
28
32
103
71
69
66
12
24
28
32
129
70
65
68
13
15
23
35
114
75
73
14
13
15
27
35
116
74
72
60
13
25
27
35
132
73
77
61
13
20
23
35
117
72
76
17
13
20
32
35
118
77
75
63
13
25
32
35
135
76
74
64
14
15
18
30
105
84
79
20
14
15
27
30
107
80
78
82
14
26
27
30
138
79
86
83
14
15
21
33
111
96
82
23
14
15
27
33
113
83
81
79
14
26
27
33
141
82
98
80
14
17
18
30
105
78
85
26
14
17
29
30
106
86
84
88
14
26
29
30
144
85
80
89
14
17
22
34
108
100
88
29
14
17
29
34
109
89
87
85
14
26
29
34
147
88
101
86
14
19
20
32
118
97
91
32
14
19
31
32
119
92
90
94
14
26
31
32
150
91
98
95
14
19
23
35
117
99
94
35
14
19
31
35
119
95
93
91
14
26
31
35
153
94
101
92
14
20
21
33
111
81
97
38
14
20
32
33
112
98
96
90
14
26
32
33
156
97
83
92
14
22
23
35
114
93
100
41
14
22
34
35
115
101
99
87
14
26
34
35
159
100
95
89
15
16
20
32
69
112
103
44
15
16
28
32
70
104
102
66
15
27
28
32
162
103
113
67
15
17
18
30
84
78
106
47
15
17
29
30
85
107
105
109
15
27
29
30
165
106
79
110
15
17
22
34
87
115
109
50
15
17
29
34
88
110
108
106
15
27
29
34
168
109
116
107
15
20
21
33
96
81
112
53
15
20
32
33
97
113
111
102
15
27
32
33
171
112
82
104
15
22
23
35
99
72
115
56
15
22
34
35
100
116
114
108
15
27
34
35
174
115
73
110
19
20
23
35
75
93
118
59
19
20
32
35
76
119
117
90
19
31
32
35
177
118
94
91
24
25
27
39
133
127
121
62
24
25
37
39
134
122
120
124
24
36
37
39
180
121
128
125
24
25
32
44
136
129
124
65
24
25
37
44
137
125
123
121
24
36
37
44
183
124
131
122
24
27
28
40
163
130
127
68
24
27
39
40
164
128
126
120
24
36
39
40
186
127
131
122
24
28
32
44
162
123
130
71
24
28
40
44
163
131
129
126
24
36
40
44
189
130
125
128
25
27
35
47
174
135
133
74
25
27
39
47
176
134
132
120
25
37
39
47
192
133
137
121
25
32
35
47
177
132
136
77
25
32
44
47
178
137
135
123
25
37
44
47
195
136
134
124
26
27
30
42
165
144
139
80
26
27
39
42
167
140
138
142
26
38
39
42
198
139
146
143
26
27
33
45
171
156
142
83
26
27
39
45
173
143
141
139
26
38
39
45
201
142
158
140
26
29
30
42
165
138
145
86
26
29
41
42
166
146
144
148
26
38
41
42
204
145
140
149
26
29
34
46
168
160
148
89
26
29
41
46
169
149
147
145
26
38
41
46
207
148
161
146
26
31
32
44
178
157
151
92
26
31
43
44
179
152
150
154
26
38
43
44
210
151
158
155
26
31
35
47
177
159
154
95
26
31
43
47
179
155
153
151
26
38
43
47
213
154
161
152
26
32
33
45
171
141
157
98
26
32
44
45
172
158
156
150
26
38
44
45
216
157
143
152
26
34
35
47
174
153
160
101
26
34
46
47
175
161
159
147
26
38
46
47
219
160
155
149
27
28
32
44
129
172
163
104
27
28
40
44
130
164
162
126
27
39
40
44
222
163
173
127
27
29
30
42
144
138
166
107
27
29
41
42
145
167
165
169
27
39
41
42
225
166
139
170
27
29
34
46
147
175
169
110
27
29
41
46
148
170
168
166
27
39
41
46
228
169
176
167
27
32
33
45
156
141
172
113
27
32
44
45
157
173
171
162
27
39
44
45
231
172
142
164
27
34
35
47
159
132
175
116
27
34
46
47
160
176
174
168
27
39
46
47
234
175
133
170
31
32
35
47
135
153
178
119
31
32
44
47
136
179
177
150
31
43
44
47
237
178
154
151
36
37
39
3
193
187
181
122
36
37
1
3
194
182
180
184
36
0
1
3
0
181
188
185
36
37
44
8
196
189
184
125
36
37
1
8
197
185
183
181
36
0
1
8
3
184
191
182
36
39
40
4
223
190
187
128
36
39
3
4
224
188
186
180
36
0
3
4
6
187
191
182
36
40
44
8
222
183
190
131
36
40
4
8
223
191
189
186
36
0
4
8
9
190
185
188
37
39
47
11
234
195
193
134
37
39
3
11
236
194
192
180
37
1
3
11
12
193
197
181
37
44
47
11
237
192
196
137
37
44
8
11
238
197
195
183
37
1
8
11
15
196
194
184
38
39
42
6
225
204
199
140
38
39
3
6
227
200
198
202
38
2
3
6
18
199
206
203
38
39
45
9
231
216
202
143
38
39
3
9
233
203
201
199
38
2
3
9
21
202
218
200
38
41
42
6
225
198
205
146
38
41
5
6
226
206
204
208
38
2
5
6
24
205
200
209
38
41
46
10
228
220
208
149
38
41
5
10
229
209
207
205
38
2
5
10
27
208
221
206
38
43
44
8
238
217
211
152
38
43
7
8
239
212
210
214
38
2
7
8
30
211
218
215
38
43
47
11
237
219
214
155
38
43
7
11
239
215
213
211
38
2
7
11
33
214
221
212
38
44
45
9
231
201
217
158
38
44
8
9
232
218
216
210
38
2
8
9
36
217
203
212
38
46
47
11
234
213
220
161
38
46
10
11
235
221
219
207
38
2
10
11
39
220
215
209
39
40
44
8
189
232
223
164
39
40
4
8
190
224
222
186
39
3
4
8
42
223
233
187
39
41
42
6
204
198
226
167
39
41
5
6
205
227
225
229
39
3
5
6
45
226
199
230
39
41
46
10
207
235
229
170
39
41
5
10
208
230
228
226
39
3
5
10
48
229
236
227
39
44
45
9
216
201
232
173
39
44
8
9
217
233
231
222
39
3
8
9
51
232
202
224
39
46
47
11
219
192
235
176
39
46
10
11
220
236
234
228
39
3
10
11
54
235
193
230
43
44
47
11
195
213
238
179
43
44
8
11
196
239
237
210
43
7
8
11
57
238
214
211
240
