1
96
0
0
0
0
0
0
0
0
0
0
0
0
0
0
0
0
0
0
0
0
0
0
0
0
1
1
1
1
1
1
1
1
1
1
1
1
1
1
1
1
1
1
1
1
1
1
1
1
2
2
2
2
2
2
2
2
2
2
2
2
2
2
2
2
2
2
2
2
2
2
2
2
3
3
3
3
3
3
3
3
3
3
3
3
3
3
3
3
3
3
3
3
3
3
3
3
96
528
0
1
3
27
31
6
1
398
0
1
25
27
32
2
0
4
0
24
25
27
132
1
8
5
0
1
4
28
34
13
4
401
0
1
25
28
35
5
3
1
0
24
25
28
135
4
14
2
0
2
3
27
49
0
7
404
0
2
26
27
50
8
6
10
0
24
26
27
138
7
2
11
0
2
10
34
66
18
10
407
0
2
26
34
68
11
9
7
0
24
26
34
141
10
20
8
0
4
7
31
51
16
13
410
0
4
28
31
52
14
12
3
0
24
28
31
144
13
17
5
0
7
20
44
120
21
16
413
0
7
31
44
122
17
15
12
0
24
31
44
147
16
23
14
0
9
10
34
66
9
19
416
0
9
33
34
67
20
18
22
0
24
33
34
150
19
11
23
0
9
20
44
120
15
22
419
0
9
33
44
121
23
21
19
0
24
33
44
153
22
17
20
1
2
6
30
57
43
25
422
1
2
26
30
59
26
24
28
1
25
26
30
156
25
44
29
1
2
11
35
48
30
28
425
1
2
26
35
50
29
27
25
1
25
26
35
159
28
32
26
1
3
11
35
48
27
31
428
1
3
27
35
49
32
30
0
1
25
27
35
162
31
29
1
1
4
8
32
88
46
34
431
1
4
28
32
89
35
33
3
1
25
28
32
165
34
47
4
1
5
21
45
105
45
37
434
1
5
29
45
107
38
36
40
1
25
29
45
168
37
47
41
1
5
23
47
99
42
40
437
1
5
29
47
101
41
39
37
1
25
29
47
171
40
44
38
1
6
23
47
99
39
43
440
1
6
30
47
100
44
42
24
1
25
30
47
174
43
41
26
1
8
21
45
105
36
46
443
1
8
32
45
106
47
45
33
1
25
32
45
177
46
38
35
2
3
11
35
30
27
49
446
2
3
27
35
31
50
48
6
2
26
27
35
180
49
28
7
2
4
7
31
12
64
52
449
2
4
28
31
13
53
51
55
2
26
28
31
183
52
65
56
2
4
13
37
97
79
55
452
2
4
28
37
98
56
54
52
2
26
28
37
186
55
80
53
2
5
6
30
100
24
58
455
2
5
29
30
101
59
57
61
2
26
29
30
189
58
25
62
2
5
19
43
111
72
61
458
2
5
29
43
113
62
60
58
2
26
29
43
192
61
74
59
2
7
18
42
117
69
64
461
2
7
31
42
119
65
63
51
2
26
31
42
195
64
71
53
2
9
10
34
18
9
67
464
2
9
33
34
19
68
66
70
2
26
33
34
198
67
10
71
2
9
18
42
117
63
70
467
2
9
33
42
118
71
69
67
2
26
33
42
201
70
65
68
2
12
19
43
111
60
73
470
2
12
36
43
112
74
72
76
2
26
36
43
204
73
62
77
2
12
22
46
129
78
76
473
2
12
36
46
131
77
75
73
2
26
36
46
207
76
80
74
2
13
22
46
129
75
79
476
2
13
37
46
130
80
78
54
2
26
37
46
210
79
77
56
4
5
14
38
115
87
82
479
4
5
29
38
116
83
81
85
4
28
29
38
213
82
89
86
4
5
16
40
108
93
85
482
4
5
29
40
110
86
84
82
4
28
29
40
216
85
95
83
4
8
14
38
124
81
88
485
4
8
32
38
125
89
87
33
4
28
32
38
219
88
83
34
4
12
15
39
126
96
91
488
4
12
36
39
128
92
90
94
4
28
36
39
222
91
98
95
4
12
16
40
108
84
94
491
4
12
36
40
109
95
93
91
4
28
36
40
225
94
86
92
4
13
15
39
126
90
97
494
4
13
37
39
127
98
96
54
4
28
37
39
228
97
92
55
5
6
23
47
42
39
100
497
5
6
30
47
43
101
99
57
5
29
30
47
231
100
40
58
5
8
17
41
123
114
103
500
5
8
32
41
125
104
102
106
5
29
32
41
234
103
116
107
5
8
21
45
45
36
106
503
5
8
32
45
46
107
105
103
5
29
32
45
237
106
37
104
5
12
16
40
93
84
109
506
5
12
36
40
94
110
108
112
5
29
36
40
240
109
85
113
5
12
19
43
72
60
112
509
5
12
36
43
73
113
111
109
5
29
36
43
243
112
61
110
5
14
17
41
123
102
115
512
5
14
38
41
124
116
114
81
5
29
38
41
246
115
104
82
7
9
18
42
69
63
118
515
7
9
33
42
70
119
117
121
7
31
33
42
249
118
64
122
7
9
20
44
21
15
121
518
7
9
33
44
22
122
120
118
7
31
33
44
252
121
16
119
8
14
17
41
114
102
124
521
8
14
38
41
115
125
123
87
8
32
38
41
255
124
103
88
12
13
15
39
96
90
127
524
12
13
37
39
97
128
126
130
12
36
37
39
258
127
91
131
12
13
22
46
78
75
130
527
12
13
37
46
79
131
129
127
12
36
37
46
261
130
76
128
24
25
27
51
163
138
133
2
24
25
49
51
164
134
132
136
24
48
49
51
264
133
140
137
24
25
28
52
166
145
136
5
24
25
49
52
167
137
135
133
24
48
49
52
267
136
146
134
24
26
27
51
181
132
139
8
24
26
50
51
182
140
138
142
24
48
50
51
270
139
134
143
24
26
34
58
198
150
142
11
24
26
50
58
200
143
141
139
24
48
50
58
273
142
152
140
24
28
31
55
183
148
145
14
24
28
52
55
184
146
144
135
24
48
52
55
276
145
149
137
24
31
44
68
252
153
148
17
24
31
55
68
254
149
147
144
24
48
55
68
279
148
155
146
24
33
34
58
198
141
151
20
24
33
57
58
199
152
150
154
24
48
57
58
282
151
143
155
24
33
44
68
252
147
154
23
24
33
57
68
253
155
153
151
24
48
57
68
285
154
149
152
25
26
30
54
189
175
157
26
25
26
50
54
191
158
156
160
25
49
50
54
288
157
176
161
25
26
35
59
180
162
160
29
25
26
50
59
182
161
159
157
25
49
50
59
291
160
164
158
25
27
35
59
180
159
163
32
25
27
51
59
181
164
162
132
25
49
51
59
294
163
161
133
25
28
32
56
220
178
166
35
25
28
52
56
221
167
165
135
25
49
52
56
297
166
179
136
25
29
45
69
237
177
169
38
25
29
53
69
239
170
168
172
25
49
53
69
300
169
179
173
25
29
47
71
231
174
172
41
25
29
53
71
233
173
171
169
25
49
53
71
303
172
176
170
25
30
47
71
231
171
175
44
25
30
54
71
232
176
174
156
25
49
54
71
306
175
173
158
25
32
45
69
237
168
178
47
25
32
56
69
238
179
177
165
25
49
56
69
309
178
170
167
26
27
35
59
162
159
181
50
26
27
51
59
163
182
180
138
26
50
51
59
312
181
160
139
26
28
31
55
144
196
184
53
26
28
52
55
145
185
183
187
26
50
52
55
315
184
197
188
26
28
37
61
229
211
187
56
26
28
52
61
230
188
186
184
26
50
52
61
318
187
212
185
26
29
30
54
232
156
190
59
26
29
53
54
233
191
189
193
26
50
53
54
321
190
157
194
26
29
43
67
243
204
193
62
26
29
53
67
245
194
192
190
26
50
53
67
324
193
206
191
26
31
42
66
249
201
196
65
26
31
55
66
251
197
195
183
26
50
55
66
327
196
203
185
26
33
34
58
150
141
199
68
26
33
57
58
151
200
198
202
26
50
57
58
330
199
142
203
26
33
42
66
249
195
202
71
26
33
57
66
250
203
201
199
26
50
57
66
333
202
197
200
26
36
43
67
243
192
205
74
26
36
60
67
244
206
204
208
26
50
60
67
336
205
194
209
26
36
46
70
261
210
208
77
26
36
60
70
263
209
207
205
26
50
60
70
339
208
212
206
26
37
46
70
261
207
211
80
26
37
61
70
262
212
210
186
26
50
61
70
342
211
209
188
28
29
38
62
247
219
214
83
28
29
53
62
248
215
213
217
28
52
53
62
345
214
221
218
28
29
40
64
240
225
217
86
28
29
53
64
242
218
216
214
28
52
53
64
348
217
227
215
28
32
38
62
256
213
220
89
28
32
56
62
257
221
219
165
28
52
56
62
351
220
215
166
28
36
39
63
258
228
223
92
28
36
60
63
260
224
222
226
28
52
60
63
354
223
230
227
28
36
40
64
240
216
226
95
28
36
60
64
241
227
225
223
28
52
60
64
357
226
218
224
28
37
39
63
258
222
229
98
28
37
61
63
259
230
228
186
28
52
61
63
360
229
224
187
29
30
47
71
174
171
232
101
29
30
54
71
175
233
231
189
29
53
54
71
363
232
172
190
29
32
41
65
255
246
235
104
29
32
56
65
257
236
234
238
29
53
56
65
366
235
248
239
29
32
45
69
177
168
238
107
29
32
56
69
178
239
237
235
29
53
56
69
369
238
169
236
29
36
40
64
225
216
241
110
29
36
60
64
226
242
240
244
29
53
60
64
372
241
217
245
29
36
43
67
204
192
244
113
29
36
60
67
205
245
243
241
29
53
60
67
375
244
193
242
29
38
41
65
255
234
247
116
29
38
62
65
256
248
246
213
29
53
62
65
378
247
236
214
31
33
42
66
201
195
250
119
31
33
57
66
202
251
249
253
31
55
57
66
381
250
196
254
31
33
44
68
153
147
253
122
31
33
57
68
154
254
252
250
31
55
57
68
384
253
148
251
32
38
41
65
246
234
256
125
32
38
62
65
247
257
255
219
32
56
62
65
387
256
235
220
36
37
39
63
228
222
259
128
36
37
61
63
229
260
258
262
36
60
61
63
390
259
223
263
36
37
46
70
210
207
262
131
36
37
61
70
211
263
261
259
36
60
61
70
393
262
208
260
48
49
51
75
295
270
265
134
48
49
73
75
296
266
264
268
48
72
73
75
396
265
272
269
48
49
52
76
298
277
268
137
48
49
73
76
299
269
267
265
48
72
73
76
399
268
278
266
48
50
51
75
313
264
271
140
48
50
74
75
314
272
270
274
48
72
74
75
402
271
266
275
48
50
58
82
330
282
274
143
48
50
74
82
332
275
273
271
48
72
74
82
405
274
284
272
48
52
55
79
315
280
277
146
48
52
76
79
316
278
276
267
48
72
76
79
408
277
281
269
48
55
68
92
384
285
280
149
48
55
79
92
386
281
279
276
48
72
79
92
411
280
287
278
48
57
58
82
330
273
283
152
48
57
81
82
331
284
282
286
48
72
81
82
414
283
275
287
48
57
68
92
384
279
286
155
48
57
81
92
385
287
285
283
48
72
81
92
417
286
281
284
49
50
54
78
321
307
289
158
49
50
74
78
323
290
288
292
49
73
74
78
420
289
308
293
49
50
59
83
312
294
292
161
49
50
74
83
314
293
291
289
49
73
74
83
423
292
296
290
49
51
59
83
312
291
295
164
49
51
75
83
313
296
294
264
49
73
75
83
426
295
293
265
49
52
56
80
352
310
298
167
49
52
76
80
353
299
297
267
49
73
76
80
429
298
311
268
49
53
69
93
369
309
301
170
49
53
77
93
371
302
300
304
49
73
77
93
432
301
311
305
49
53
71
95
363
306
304
173
49
53
77
95
365
305
303
301
49
73
77
95
435
304
308
302
49
54
71
95
363
303
307
176
49
54
78
95
364
308
306
288
49
73
78
95
438
307
305
290
49
56
69
93
369
300
310
179
49
56
80
93
370
311
309
297
49
73
80
93
441
310
302
299
50
51
59
83
294
291
313
182
50
51
75
83
295
314
312
270
50
74
75
83
444
313
292
271
50
52
55
79
276
328
316
185
50
52
76
79
277
317
315
319
50
74
76
79
447
316
329
320
50
52
61
85
361
343
319
188
50
52
76
85
362
320
318
316
50
74
76
85
450
319
344
317
50
53
54
78
364
288
322
191
50
53
77
78
365
323
321
325
50
74
77
78
453
322
289
326
50
53
67
91
375
336
325
194
50
53
77
91
377
326
324
322
50
74
77
91
456
325
338
323
50
55
66
90
381
333
328
197
50
55
79
90
383
329
327
315
50
74
79
90
459
328
335
317
50
57
58
82
282
273
331
200
50
57
81
82
283
332
330
334
50
74
81
82
462
331
274
335
50
57
66
90
381
327
334
203
50
57
81
90
382
335
333
331
50
74
81
90
465
334
329
332
50
60
67
91
375
324
337
206
50
60
84
91
376
338
336
340
50
74
84
91
468
337
326
341
50
60
70
94
393
342
340
209
50
60
84
94
395
341
339
337
50
74
84
94
471
340
344
338
50
61
70
94
393
339
343
212
50
61
85
94
394
344
342
318
50
74
85
94
474
343
341
320
52
53
62
86
379
351
346
215
52
53
77
86
380
347
345
349
52
76
77
86
477
346
353
350
52
53
64
88
372
357
349
218
52
53
77
88
374
350
348
346
52
76
77
88
480
349
359
347
52
56
62
86
388
345
352
221
52
56
80
86
389
353
351
297
52
76
80
86
483
352
347
298
52
60
63
87
390
360
355
224
52
60
84
87
392
356
354
358
52
76
84
87
486
355
362
359
52
60
64
88
372
348
358
227
52
60
84
88
373
359
357
355
52
76
84
88
489
358
350
356
52
61
63
87
390
354
361
230
52
61
85
87
391
362
360
318
52
76
85
87
492
361
356
319
53
54
71
95
306
303
364
233
53
54
78
95
307
365
363
321
53
77
78
95
495
364
304
322
53
56
65
89
387
378
367
236
53
56
80
89
389
368
366
370
53
77
80
89
498
367
380
371
53
56
69
93
309
300
370
239
53
56
80
93
310
371
369
367
53
77
80
93
501
370
301
368
53
60
64
88
357
348
373
242
53
60
84
88
358
374
372
376
53
77
84
88
504
373
349
377
53
60
67
91
336
324
376
245
53
60
84
91
337
377
375
373
53
77
84
91
507
376
325
374
53
62
65
89
387
366
379
248
53
62
86
89
388
380
378
345
53
77
86
89
510
379
368
346
55
57
66
90
333
327
382
251
55
57
81
90
334
383
381
385
55
79
81
90
513
382
328
386
55
57
68
92
285
279
385
254
55
57
81
92
286
386
384
382
55
79
81
92
516
385
280
383
56
62
65
89
378
366
388
257
56
62
86
89
379
389
387
351
56
80
86
89
519
388
367
352
60
61
63
87
360
354
391
260
60
61
85
87
361
392
390
394
60
84
85
87
522
391
355
395
60
61
70
94
342
339
394
263
60
61
85
94
343
395
393
391
60
84
85
94
525
394
340
392
72
73
75
3
427
402
397
266
72
73
1
3
428
398
396
400
72
0
1
3
0
397
404
401
72
73
76
4
430
409
400
269
72
73
1
4
431
401
399
397
72
0
1
4
3
400
410
398
72
74
75
3
445
396
403
272
72
74
2
3
446
404
402
406
72
0
2
3
6
403
398
407
72
74
82
10
462
414
406
275
72
74
2
10
464
407
405
403
72
0
2
10
9
406
416
404
72
76
79
7
447
412
409
278
72
76
4
7
448
410
408
399
72
0
4
7
12
409
413
401
72
79
92
20
516
417
412
281
72
79
7
20
518
413
411
408
72
0
7
20
15
412
419
410
72
81
82
10
462
405
415
284
72
81
9
10
463
416
414
418
72
0
9
10
18
415
407
419
72
81
92
20
516
411
418
287
72
81
9
20
517
419
417
415
72
0
9
20
21
418
413
416
73
74
78
6
453
439
421
290
73
74
2
6
455
422
420
424
73
1
2
6
24
421
440
425
73
74
83
11
444
426
424
293
73
74
2
11
446
425
423
421
73
1
2
11
27
424
428
422
73
75
83
11
444
423
427
296
73
75
3
11
445
428
426
396
73
1
3
11
30
427
425
397
73
76
80
8
484
442
430
299
73
76
4
8
485
431
429
399
73
1
4
8
33
430
443
400
73
77
93
21
501
441
433
302
73
77
5
21
503
434
432
436
73
1
5
21
36
433
443
437
73
77
95
23
495
438
436
305
73
77
5
23
497
437
435
433
73
1
5
23
39
436
440
434
73
78
95
23
495
435
439
308
73
78
6
23
496
440
438
420
73
1
6
23
42
439
437
422
73
80
93
21
501
432
442
311
73
80
8
21
502
443
441
429
73
1
8
21
45
442
434
431
74
75
83
11
426
423
445
314
74
75
3
11
427
446
444
402
74
2
3
11
48
445
424
403
74
76
79
7
408
460
448
317
74
76
4
7
409
449
447
451
74
2
4
7
51
448
461
452
74
76
85
13
493
475
451
320
74
76
4
13
494
452
450
448
74
2
4
13
54
451
476
449
74
77
78
6
496
420
454
323
74
77
5
6
497
455
453
457
74
2
5
6
57
454
421
458
74
77
91
19
507
468
457
326
74
77
5
19
509
458
456
454
74
2
5
19
60
457
470
455
74
79
90
18
513
465
460
329
74
79
7
18
515
461
459
447
74
2
7
18
63
460
467
449
74
81
82
10
414
405
463
332
74
81
9
10
415
464
462
466
74
2
9
10
66
463
406
467
74
81
90
18
513
459
466
335
74
81
9
18
514
467
465
463
74
2
9
18
69
466
461
464
74
84
91
19
507
456
469
338
74
84
12
19
508
470
468
472
74
2
12
19
72
469
458
473
74
84
94
22
525
474
472
341
74
84
12
22
527
473
471
469
74
2
12
22
75
472
476
470
74
85
94
22
525
471
475
344
74
85
13
22
526
476
474
450
74
2
13
22
78
475
473
452
76
77
86
14
511
483
478
347
76
77
5
14
512
479
477
481
76
4
5
14
81
478
485
482
76
77
88
16
504
489
481
350
76
77
5
16
506
482
480
478
76
4
5
16
84
481
491
479
76
80
86
14
520
477
484
353
76
80
8
14
521
485
483
429
76
4
8
14
87
484
479
430
76
84
87
15
522
492
487
356
76
84
12
15
524
488
486
490
76
4
12
15
90
487
494
491
76
84
88
16
504
480
490
359
76
84
12
16
505
491
489
487
76
4
12
16
93
490
482
488
76
85
87
15
522
486
493
362
76
85
13
15
523
494
492
450
76
4
13
15
96
493
488
451
77
78
95
23
438
435
496
365
77
78
6
23
439
497
495
453
77
5
6
23
99
496
436
454
77
80
89
17
519
510
499
368
77
80
8
17
521
500
498
502
77
5
8
17
102
499
512
503
77
80
93
21
441
432
502
371
77
80
8
21
442
503
501
499
77
5
8
21
105
502
433
500
77
84
88
16
489
480
505
374
77
84
12
16
490
506
504
508
77
5
12
16
108
505
481
509
77
84
91
19
468
456
508
377
77
84
12
19
469
509
507
505
77
5
12
19
111
508
457
506
77
86
89
17
519
498
511
380
77
86
14
17
520
512
510
477
77
5
14
17
114
511
500
478
79
81
90
18
465
459
514
383
79
81
9
18
466
515
513
517
79
7
9
18
117
514
460
518
79
81
92
20
417
411
517
386
79
81
9
20
418
518
516
514
79
7
9
20
120
517
412
515
80
86
89
17
510
498
520
389
80
86
14
17
511
521
519
483
80
8
14
17
123
520
499
484
84
85
87
15
492
486
523
392
84
85
13
15
493
524
522
526
84
12
13
15
126
523
487
527
84
85
94
22
474
471
526
395
84
85
13
22
475
527
525
523
84
12
13
22
129
526
472
524
528
