1
96
0
0
0
0
0
0
0
0
0
0
0
0
0
0
0
0
0
0
0
0
0
0
0
0
1
1
1
1
1
1
1
1
1
1
1
1
1
1
1
1
1
1
1
1
1
1
1
1
2
2
2
2
2
2
2
2
2
2
2
2
2
2
2
2
2
2
2
2
2
2
2
2
3
3
3
3
3
3
3
3
3
3
3
3
3
3
3
3
3
3
3
3
3
3
3
3
96
528
0
6
9
33
100
7
1
398
0
6
30
33
101
2
0
4
0
24
30
33
132
1
8
5
0
6
14
38
103
10
4
401
0
6
30
38
104
5
3
1
0
24
30
38
135
4
11
2
0
9
20
44
111
16
7
404
0
9
33
44
113
8
6
0
0
24
33
44
138
7
17
2
0
14
15
39
102
13
10
407
0
14
38
39
103
11
9
3
0
24
38
39
141
10
14
5
0
15
22
46
129
15
13
410
0
15
39
46
131
14
12
9
0
24
39
46
144
13
17
11
0
20
22
46
33
12
16
413
0
20
44
46
34
17
15
6
0
24
44
46
147
16
14
8
1
5
8
32
79
25
19
416
1
5
29
32
80
20
18
22
1
25
29
32
150
19
26
23
1
5
18
42
81
27
22
419
1
5
29
42
83
23
21
19
1
25
29
42
153
22
29
20
1
8
19
43
78
30
25
422
1
8
32
43
79
26
24
18
1
25
32
43
156
25
32
20
1
10
18
42
81
21
28
425
1
10
34
42
82
29
27
31
1
25
34
42
159
28
23
32
1
10
19
43
117
24
31
428
1
10
34
43
119
32
30
28
1
25
34
43
162
31
26
29
2
20
22
46
15
39
34
431
2
20
44
46
16
35
33
37
2
26
44
46
165
34
41
38
2
20
23
47
96
42
37
434
2
20
44
47
97
38
36
34
2
26
44
47
168
37
44
35
2
21
22
46
129
33
40
437
2
21
45
46
130
41
39
43
2
26
45
46
171
40
35
44
2
21
23
47
126
36
43
440
2
21
45
47
127
44
42
40
2
26
45
47
174
43
38
41
3
5
10
34
82
52
46
443
3
5
29
34
83
47
45
49
3
27
29
34
177
46
53
50
3
5
20
44
97
54
49
446
3
5
29
44
98
50
48
46
3
27
29
44
180
49
56
47
3
10
13
37
118
55
52
449
3
10
34
37
119
53
51
45
3
27
34
37
183
52
56
47
3
13
20
44
111
48
55
452
3
13
37
44
112
56
54
51
3
27
37
44
186
55
50
53
4
5
11
35
85
64
58
455
4
5
29
35
86
59
57
61
4
28
29
35
189
58
65
62
4
5
21
45
87
63
61
458
4
5
29
45
89
62
60
58
4
28
29
45
192
61
65
59
4
11
21
45
123
60
64
461
4
11
35
45
125
65
63
57
4
28
35
45
195
64
62
59
5
6
15
39
102
72
67
464
5
6
30
39
104
68
66
70
5
29
30
39
198
67
74
71
5
6
16
40
99
94
70
467
5
6
30
40
101
71
69
67
5
29
30
40
201
70
95
68
5
7
15
39
106
66
73
470
5
7
31
39
107
74
72
76
5
29
31
39
204
73
68
77
5
7
17
41
105
84
76
473
5
7
31
41
107
77
75
73
5
29
31
41
207
76
86
74
5
8
19
43
24
93
79
476
5
8
32
43
25
80
78
18
5
29
32
43
210
79
95
19
5
10
18
42
27
21
82
479
5
10
34
42
28
83
81
45
5
29
34
42
213
82
22
46
5
11
17
41
120
75
85
482
5
11
35
41
122
86
84
57
5
29
35
41
216
85
77
58
5
12
21
45
127
60
88
485
5
12
36
45
128
89
87
91
5
29
36
45
219
88
61
92
5
12
23
47
126
96
91
488
5
12
36
47
128
92
90
88
5
29
36
47
222
91
98
89
5
16
19
43
114
78
94
491
5
16
40
43
115
95
93
69
5
29
40
43
225
94
80
71
5
20
23
47
36
90
97
494
5
20
44
47
37
98
96
48
5
29
44
47
228
97
92
49
6
9
16
40
115
69
100
497
6
9
33
40
116
101
99
0
6
30
33
40
231
100
70
1
6
14
15
39
9
66
103
500
6
14
38
39
10
104
102
3
6
30
38
39
234
103
67
4
7
15
17
41
120
75
106
503
7
15
39
41
121
107
105
72
7
31
39
41
237
106
76
73
9
13
19
43
117
114
109
506
9
13
37
43
118
110
108
112
9
33
37
43
240
109
116
113
9
13
20
44
54
6
112
509
9
13
37
44
55
113
111
109
9
33
37
44
243
112
7
110
9
16
19
43
93
108
115
512
9
16
40
43
94
116
114
99
9
33
40
43
246
115
110
100
10
13
19
43
108
30
118
515
10
13
37
43
109
119
117
51
10
34
37
43
249
118
31
52
11
15
17
41
105
84
121
518
11
15
39
41
106
122
120
124
11
35
39
41
252
121
85
125
11
15
21
45
130
63
124
521
11
15
39
45
131
125
123
121
11
35
39
45
255
124
64
122
12
21
23
47
42
90
127
524
12
21
45
47
43
128
126
87
12
36
45
47
258
127
91
88
15
21
22
46
39
12
130
527
15
21
45
46
40
131
129
123
15
39
45
46
261
130
13
124
24
30
33
57
232
139
133
2
24
30
54
57
233
134
132
136
24
48
54
57
264
133
140
137
24
30
38
62
235
142
136
5
24
30
54
62
236
137
135
133
24
48
54
62
267
136
143
134
24
33
44
68
243
148
139
8
24
33
57
68
245
140
138
132
24
48
57
68
270
139
149
134
24
38
39
63
234
145
142
11
24
38
62
63
235
143
141
135
24
48
62
63
273
142
146
137
24
39
46
70
261
147
145
14
24
39
63
70
263
146
144
141
24
48
63
70
276
145
149
143
24
44
46
70
165
144
148
17
24
44
68
70
166
149
147
138
24
48
68
70
279
148
146
140
25
29
32
56
211
157
151
20
25
29
53
56
212
152
150
154
25
49
53
56
282
151
158
155
25
29
42
66
213
159
154
23
25
29
53
66
215
155
153
151
25
49
53
66
285
154
161
152
25
32
43
67
210
162
157
26
25
32
56
67
211
158
156
150
25
49
56
67
288
157
164
152
25
34
42
66
213
153
160
29
25
34
58
66
214
161
159
163
25
49
58
66
291
160
155
164
25
34
43
67
249
156
163
32
25
34
58
67
251
164
162
160
25
49
58
67
294
163
158
161
26
44
46
70
147
171
166
35
26
44
68
70
148
167
165
169
26
50
68
70
297
166
173
170
26
44
47
71
228
174
169
38
26
44
68
71
229
170
168
166
26
50
68
71
300
169
176
167
26
45
46
70
261
165
172
41
26
45
69
70
262
173
171
175
26
50
69
70
303
172
167
176
26
45
47
71
258
168
175
44
26
45
69
71
259
176
174
172
26
50
69
71
306
175
170
173
27
29
34
58
214
184
178
47
27
29
53
58
215
179
177
181
27
51
53
58
309
178
185
182
27
29
44
68
229
186
181
50
27
29
53
68
230
182
180
178
27
51
53
68
312
181
188
179
27
34
37
61
250
187
184
53
27
34
58
61
251
185
183
177
27
51
58
61
315
184
188
179
27
37
44
68
243
180
187
56
27
37
61
68
244
188
186
183
27
51
61
68
318
187
182
185
28
29
35
59
217
196
190
59
28
29
53
59
218
191
189
193
28
52
53
59
321
190
197
194
28
29
45
69
219
195
193
62
28
29
53
69
221
194
192
190
28
52
53
69
324
193
197
191
28
35
45
69
255
192
196
65
28
35
59
69
257
197
195
189
28
52
59
69
327
196
194
191
29
30
39
63
234
204
199
68
29
30
54
63
236
200
198
202
29
53
54
63
330
199
206
203
29
30
40
64
231
226
202
71
29
30
54
64
233
203
201
199
29
53
54
64
333
202
227
200
29
31
39
63
238
198
205
74
29
31
55
63
239
206
204
208
29
53
55
63
336
205
200
209
29
31
41
65
237
216
208
77
29
31
55
65
239
209
207
205
29
53
55
65
339
208
218
206
29
32
43
67
156
225
211
80
29
32
56
67
157
212
210
150
29
53
56
67
342
211
227
151
29
34
42
66
159
153
214
83
29
34
58
66
160
215
213
177
29
53
58
66
345
214
154
178
29
35
41
65
252
207
217
86
29
35
59
65
254
218
216
189
29
53
59
65
348
217
209
190
29
36
45
69
259
192
220
89
29
36
60
69
260
221
219
223
29
53
60
69
351
220
193
224
29
36
47
71
258
228
223
92
29
36
60
71
260
224
222
220
29
53
60
71
354
223
230
221
29
40
43
67
246
210
226
95
29
40
64
67
247
227
225
201
29
53
64
67
357
226
212
203
29
44
47
71
168
222
229
98
29
44
68
71
169
230
228
180
29
53
68
71
360
229
224
181
30
33
40
64
247
201
232
101
30
33
57
64
248
233
231
132
30
54
57
64
363
232
202
133
30
38
39
63
141
198
235
104
30
38
62
63
142
236
234
135
30
54
62
63
366
235
199
136
31
39
41
65
252
207
238
107
31
39
63
65
253
239
237
204
31
55
63
65
369
238
208
205
33
37
43
67
249
246
241
110
33
37
61
67
250
242
240
244
33
57
61
67
372
241
248
245
33
37
44
68
186
138
244
113
33
37
61
68
187
245
243
241
33
57
61
68
375
244
139
242
33
40
43
67
225
240
247
116
33
40
64
67
226
248
246
231
33
57
64
67
378
247
242
232
34
37
43
67
240
162
250
119
34
37
61
67
241
251
249
183
34
58
61
67
381
250
163
184
35
39
41
65
237
216
253
122
35
39
63
65
238
254
252
256
35
59
63
65
384
253
217
257
35
39
45
69
262
195
256
125
35
39
63
69
263
257
255
253
35
59
63
69
387
256
196
254
36
45
47
71
174
222
259
128
36
45
69
71
175
260
258
219
36
60
69
71
390
259
223
220
39
45
46
70
171
144
262
131
39
45
69
70
172
263
261
255
39
63
69
70
393
262
145
256
48
54
57
81
364
271
265
134
48
54
78
81
365
266
264
268
48
72
78
81
396
265
272
269
48
54
62
86
367
274
268
137
48
54
78
86
368
269
267
265
48
72
78
86
399
268
275
266
48
57
68
92
375
280
271
140
48
57
81
92
377
272
270
264
48
72
81
92
402
271
281
266
48
62
63
87
366
277
274
143
48
62
86
87
367
275
273
267
48
72
86
87
405
274
278
269
48
63
70
94
393
279
277
146
48
63
87
94
395
278
276
273
48
72
87
94
408
277
281
275
48
68
70
94
297
276
280
149
48
68
92
94
298
281
279
270
48
72
92
94
411
280
278
272
49
53
56
80
343
289
283
152
49
53
77
80
344
284
282
286
49
73
77
80
414
283
290
287
49
53
66
90
345
291
286
155
49
53
77
90
347
287
285
283
49
73
77
90
417
286
293
284
49
56
67
91
342
294
289
158
49
56
80
91
343
290
288
282
49
73
80
91
420
289
296
284
49
58
66
90
345
285
292
161
49
58
82
90
346
293
291
295
49
73
82
90
423
292
287
296
49
58
67
91
381
288
295
164
49
58
82
91
383
296
294
292
49
73
82
91
426
295
290
293
50
68
70
94
279
303
298
167
50
68
92
94
280
299
297
301
50
74
92
94
429
298
305
302
50
68
71
95
360
306
301
170
50
68
92
95
361
302
300
298
50
74
92
95
432
301
308
299
50
69
70
94
393
297
304
173
50
69
93
94
394
305
303
307
50
74
93
94
435
304
299
308
50
69
71
95
390
300
307
176
50
69
93
95
391
308
306
304
50
74
93
95
438
307
302
305
51
53
58
82
346
316
310
179
51
53
77
82
347
311
309
313
51
75
77
82
441
310
317
314
51
53
68
92
361
318
313
182
51
53
77
92
362
314
312
310
51
75
77
92
444
313
320
311
51
58
61
85
382
319
316
185
51
58
82
85
383
317
315
309
51
75
82
85
447
316
320
311
51
61
68
92
375
312
319
188
51
61
85
92
376
320
318
315
51
75
85
92
450
319
314
317
52
53
59
83
349
328
322
191
52
53
77
83
350
323
321
325
52
76
77
83
453
322
329
326
52
53
69
93
351
327
325
194
52
53
77
93
353
326
324
322
52
76
77
93
456
325
329
323
52
59
69
93
387
324
328
197
52
59
83
93
389
329
327
321
52
76
83
93
459
328
326
323
53
54
63
87
366
336
331
200
53
54
78
87
368
332
330
334
53
77
78
87
462
331
338
335
53
54
64
88
363
358
334
203
53
54
78
88
365
335
333
331
53
77
78
88
465
334
359
332
53
55
63
87
370
330
337
206
53
55
79
87
371
338
336
340
53
77
79
87
468
337
332
341
53
55
65
89
369
348
340
209
53
55
79
89
371
341
339
337
53
77
79
89
471
340
350
338
53
56
67
91
288
357
343
212
53
56
80
91
289
344
342
282
53
77
80
91
474
343
359
283
53
58
66
90
291
285
346
215
53
58
82
90
292
347
345
309
53
77
82
90
477
346
286
310
53
59
65
89
384
339
349
218
53
59
83
89
386
350
348
321
53
77
83
89
480
349
341
322
53
60
69
93
391
324
352
221
53
60
84
93
392
353
351
355
53
77
84
93
483
352
325
356
53
60
71
95
390
360
355
224
53
60
84
95
392
356
354
352
53
77
84
95
486
355
362
353
53
64
67
91
378
342
358
227
53
64
88
91
379
359
357
333
53
77
88
91
489
358
344
335
53
68
71
95
300
354
361
230
53
68
92
95
301
362
360
312
53
77
92
95
492
361
356
313
54
57
64
88
379
333
364
233
54
57
81
88
380
365
363
264
54
78
81
88
495
364
334
265
54
62
63
87
273
330
367
236
54
62
86
87
274
368
366
267
54
78
86
87
498
367
331
268
55
63
65
89
384
339
370
239
55
63
87
89
385
371
369
336
55
79
87
89
501
370
340
337
57
61
67
91
381
378
373
242
57
61
85
91
382
374
372
376
57
81
85
91
504
373
380
377
57
61
68
92
318
270
376
245
57
61
85
92
319
377
375
373
57
81
85
92
507
376
271
374
57
64
67
91
357
372
379
248
57
64
88
91
358
380
378
363
57
81
88
91
510
379
374
364
58
61
67
91
372
294
382
251
58
61
85
91
373
383
381
315
58
82
85
91
513
382
295
316
59
63
65
89
369
348
385
254
59
63
87
89
370
386
384
388
59
83
87
89
516
385
349
389
59
63
69
93
394
327
388
257
59
63
87
93
395
389
387
385
59
83
87
93
519
388
328
386
60
69
71
95
306
354
391
260
60
69
93
95
307
392
390
351
60
84
93
95
522
391
355
352
63
69
70
94
303
276
394
263
63
69
93
94
304
395
393
387
63
87
93
94
525
394
277
388
72
78
81
9
496
403
397
266
72
78
6
9
497
398
396
400
72
0
6
9
0
397
404
401
72
78
86
14
499
406
400
269
72
78
6
14
500
401
399
397
72
0
6
14
3
400
407
398
72
81
92
20
507
412
403
272
72
81
9
20
509
404
402
396
72
0
9
20
6
403
413
398
72
86
87
15
498
409
406
275
72
86
14
15
499
407
405
399
72
0
14
15
9
406
410
401
72
87
94
22
525
411
409
278
72
87
15
22
527
410
408
405
72
0
15
22
12
409
413
407
72
92
94
22
429
408
412
281
72
92
20
22
430
413
411
402
72
0
20
22
15
412
410
404
73
77
80
8
475
421
415
284
73
77
5
8
476
416
414
418
73
1
5
8
18
415
422
419
73
77
90
18
477
423
418
287
73
77
5
18
479
419
417
415
73
1
5
18
21
418
425
416
73
80
91
19
474
426
421
290
73
80
8
19
475
422
420
414
73
1
8
19
24
421
428
416
73
82
90
18
477
417
424
293
73
82
10
18
478
425
423
427
73
1
10
18
27
424
419
428
73
82
91
19
513
420
427
296
73
82
10
19
515
428
426
424
73
1
10
19
30
427
422
425
74
92
94
22
411
435
430
299
74
92
20
22
412
431
429
433
74
2
20
22
33
430
437
434
74
92
95
23
492
438
433
302
74
92
20
23
493
434
432
430
74
2
20
23
36
433
440
431
74
93
94
22
525
429
436
305
74
93
21
22
526
437
435
439
74
2
21
22
39
436
431
440
74
93
95
23
522
432
439
308
74
93
21
23
523
440
438
436
74
2
21
23
42
439
434
437
75
77
82
10
478
448
442
311
75
77
5
10
479
443
441
445
75
3
5
10
45
442
449
446
75
77
92
20
493
450
445
314
75
77
5
20
494
446
444
442
75
3
5
20
48
445
452
443
75
82
85
13
514
451
448
317
75
82
10
13
515
449
447
441
75
3
10
13
51
448
452
443
75
85
92
20
507
444
451
320
75
85
13
20
508
452
450
447
75
3
13
20
54
451
446
449
76
77
83
11
481
460
454
323
76
77
5
11
482
455
453
457
76
4
5
11
57
454
461
458
76
77
93
21
483
459
457
326
76
77
5
21
485
458
456
454
76
4
5
21
60
457
461
455
76
83
93
21
519
456
460
329
76
83
11
21
521
461
459
453
76
4
11
21
63
460
458
455
77
78
87
15
498
468
463
332
77
78
6
15
500
464
462
466
77
5
6
15
66
463
470
467
77
78
88
16
495
490
466
335
77
78
6
16
497
467
465
463
77
5
6
16
69
466
491
464
77
79
87
15
502
462
469
338
77
79
7
15
503
470
468
472
77
5
7
15
72
469
464
473
77
79
89
17
501
480
472
341
77
79
7
17
503
473
471
469
77
5
7
17
75
472
482
470
77
80
91
19
420
489
475
344
77
80
8
19
421
476
474
414
77
5
8
19
78
475
491
415
77
82
90
18
423
417
478
347
77
82
10
18
424
479
477
441
77
5
10
18
81
478
418
442
77
83
89
17
516
471
481
350
77
83
11
17
518
482
480
453
77
5
11
17
84
481
473
454
77
84
93
21
523
456
484
353
77
84
12
21
524
485
483
487
77
5
12
21
87
484
457
488
77
84
95
23
522
492
487
356
77
84
12
23
524
488
486
484
77
5
12
23
90
487
494
485
77
88
91
19
510
474
490
359
77
88
16
19
511
491
489
465
77
5
16
19
93
490
476
467
77
92
95
23
432
486
493
362
77
92
20
23
433
494
492
444
77
5
20
23
96
493
488
445
78
81
88
16
511
465
496
365
78
81
9
16
512
497
495
396
78
6
9
16
99
496
466
397
78
86
87
15
405
462
499
368
78
86
14
15
406
500
498
399
78
6
14
15
102
499
463
400
79
87
89
17
516
471
502
371
79
87
15
17
517
503
501
468
79
7
15
17
105
502
472
469
81
85
91
19
513
510
505
374
81
85
13
19
514
506
504
508
81
9
13
19
108
505
512
509
81
85
92
20
450
402
508
377
81
85
13
20
451
509
507
505
81
9
13
20
111
508
403
506
81
88
91
19
489
504
511
380
81
88
16
19
490
512
510
495
81
9
16
19
114
511
506
496
82
85
91
19
504
426
514
383
82
85
13
19
505
515
513
447
82
10
13
19
117
514
427
448
83
87
89
17
501
480
517
386
83
87
15
17
502
518
516
520
83
11
15
17
120
517
481
521
83
87
93
21
526
459
520
389
83
87
15
21
527
521
519
517
83
11
15
21
123
520
460
518
84
93
95
23
438
486
523
392
84
93
21
23
439
524
522
483
84
12
21
23
126
523
487
484
87
93
94
22
435
408
526
395
87
93
21
22
436
527
525
519
87
15
21
22
129
526
409
520
528
