1
96
0
0
0
0
0
0
0
0
0
0
0
0
0
0
0
0
0
0
0
0
0
0
0
0
1
1
1
1
1
1
1
1
1
1
1
1
1
1
1
1
1
1
1
1
1
1
1
1
2
2
2
2
2
2
2
2
2
2
2
2
2
2
2
2
2
2
2
2
2
2
2
2
3
3
3
3
3
3
3
3
3
3
3
3
3
3
3
3
3
3
3
3
3
3
3
3
96
528
0
1
11
35
24
7
1
398
0
1
25
35
26
2
0
4
0
24
25
35
132
1
8
5
0
1
20
44
31
16
4
401
0
1
25
44
32
5
3
1
0
24
25
44
135
4
17
2
0
11
14
38
84
9
7
404
0
11
35
38
85
8
6
0
0
24
35
38
138
7
11
2
0
13
14
38
118
6
10
407
0
13
37
38
119
11
9
13
0
24
37
38
141
10
8
14
0
13
22
46
120
15
13
410
0
13
37
46
122
14
12
10
0
24
37
46
144
13
17
11
0
20
22
46
30
12
16
413
0
20
44
46
31
17
15
3
0
24
44
46
147
16
14
5
1
2
6
30
37
25
19
416
1
2
26
30
38
20
18
22
1
25
26
30
150
19
26
23
1
2
19
43
36
28
22
419
1
2
26
43
38
23
21
19
1
25
26
43
153
22
29
20
1
6
11
35
39
0
25
422
1
6
30
35
40
26
24
18
1
25
30
35
156
25
1
20
1
19
23
47
51
33
28
425
1
19
43
47
52
29
27
21
1
25
43
47
159
28
35
23
1
20
22
46
15
34
31
428
1
20
44
46
16
32
30
3
1
25
44
46
162
31
35
4
1
22
23
47
129
27
34
431
1
22
46
47
130
35
33
30
1
25
46
47
165
34
29
32
2
6
19
43
42
21
37
434
2
6
30
43
43
38
36
18
2
26
30
43
168
37
22
19
3
6
11
35
24
45
40
437
3
6
30
35
25
41
39
43
3
27
30
35
171
40
47
44
3
6
19
43
36
52
43
440
3
6
30
43
37
44
42
40
3
27
30
43
174
43
53
41
3
8
11
35
94
39
46
443
3
8
32
35
95
47
45
49
3
27
32
35
177
46
41
50
3
8
23
47
96
51
49
446
3
8
32
47
98
50
48
46
3
27
32
47
180
49
53
47
3
19
23
47
27
48
52
449
3
19
43
47
28
53
51
42
3
27
43
47
183
52
50
44
4
7
12
36
91
61
55
452
4
7
31
36
92
56
54
58
4
28
31
36
186
55
62
59
4
7
17
41
87
63
58
455
4
7
31
41
89
59
57
55
4
28
31
41
189
58
65
56
4
12
21
45
90
66
61
458
4
12
36
45
91
62
60
54
4
28
36
45
192
61
68
56
4
13
17
41
121
57
64
461
4
13
37
41
122
65
63
67
4
28
37
41
195
64
59
68
4
13
21
45
117
60
67
464
4
13
37
45
119
68
66
64
4
28
37
45
198
67
62
65
5
16
18
42
123
76
70
467
5
16
40
42
125
71
69
73
5
29
40
42
201
70
77
74
5
16
23
47
111
75
73
470
5
16
40
47
112
74
72
70
5
29
40
47
204
73
77
71
5
18
23
47
129
72
76
473
5
18
42
47
131
77
75
69
5
29
42
47
207
76
74
71
7
10
14
38
115
84
79
476
7
10
34
38
116
80
78
82
7
31
34
38
210
79
86
83
7
10
21
45
114
90
82
479
7
10
34
45
116
83
81
79
7
31
34
45
213
82
92
80
7
11
14
38
6
78
85
482
7
11
35
38
7
86
84
88
7
31
35
38
216
85
80
89
7
11
17
41
102
57
88
485
7
11
35
41
103
89
87
85
7
31
35
41
219
88
58
86
7
12
21
45
60
81
91
488
7
12
36
45
61
92
90
54
7
31
36
45
222
91
83
55
8
11
15
39
99
97
94
491
8
11
35
39
100
95
93
45
8
32
35
39
225
94
98
46
8
15
23
47
105
48
97
494
8
15
39
47
106
98
96
93
8
32
39
47
228
97
49
95
9
11
15
39
93
106
100
497
9
11
35
39
94
101
99
103
9
33
35
39
231
100
107
104
9
11
17
41
87
108
103
500
9
11
35
41
88
104
102
100
9
33
35
41
234
103
110
101
9
15
23
47
96
111
106
503
9
15
39
47
97
107
105
99
9
33
39
47
237
106
113
101
9
16
17
41
124
102
109
506
9
16
40
41
125
110
108
112
9
33
40
41
240
109
104
113
9
16
23
47
72
105
112
509
9
16
40
47
73
113
111
109
9
33
40
47
243
112
107
110
10
14
21
45
117
81
115
512
10
14
38
45
118
116
114
78
10
34
38
45
246
115
82
79
13
14
21
45
114
66
118
515
13
14
38
45
115
119
117
9
13
37
38
45
249
118
67
10
13
17
22
46
126
12
121
518
13
17
41
46
128
122
120
63
13
37
41
46
252
121
13
64
16
17
18
42
127
69
124
521
16
17
41
42
128
125
123
108
16
40
41
42
255
124
70
109
17
18
22
46
130
120
127
524
17
18
42
46
131
128
126
123
17
41
42
46
258
127
121
124
18
22
23
47
33
75
130
527
18
22
46
47
34
131
129
126
18
42
46
47
261
130
76
127
24
25
35
59
156
139
133
2
24
25
49
59
158
134
132
136
24
48
49
59
264
133
140
137
24
25
44
68
163
148
136
5
24
25
49
68
164
137
135
133
24
48
49
68
267
136
149
134
24
35
38
62
216
141
139
8
24
35
59
62
217
140
138
132
24
48
59
62
270
139
143
134
24
37
38
62
250
138
142
11
24
37
61
62
251
143
141
145
24
48
61
62
273
142
140
146
24
37
46
70
252
147
145
14
24
37
61
70
254
146
144
142
24
48
61
70
276
145
149
143
24
44
46
70
162
144
148
17
24
44
68
70
163
149
147
135
24
48
68
70
279
148
146
137
25
26
30
54
169
157
151
20
25
26
50
54
170
152
150
154
25
49
50
54
282
151
158
155
25
26
43
67
168
160
154
23
25
26
50
67
170
155
153
151
25
49
50
67
285
154
161
152
25
30
35
59
171
132
157
26
25
30
54
59
172
158
156
150
25
49
54
59
288
157
133
152
25
43
47
71
183
165
160
29
25
43
67
71
184
161
159
153
25
49
67
71
291
160
167
155
25
44
46
70
147
166
163
32
25
44
68
70
148
164
162
135
25
49
68
70
294
163
167
136
25
46
47
71
261
159
166
35
25
46
70
71
262
167
165
162
25
49
70
71
297
166
161
164
26
30
43
67
174
153
169
38
26
30
54
67
175
170
168
150
26
50
54
67
300
169
154
151
27
30
35
59
156
177
172
41
27
30
54
59
157
173
171
175
27
51
54
59
303
172
179
176
27
30
43
67
168
184
175
44
27
30
54
67
169
176
174
172
27
51
54
67
306
175
185
173
27
32
35
59
226
171
178
47
27
32
56
59
227
179
177
181
27
51
56
59
309
178
173
182
27
32
47
71
228
183
181
50
27
32
56
71
230
182
180
178
27
51
56
71
312
181
185
179
27
43
47
71
159
180
184
53
27
43
67
71
160
185
183
174
27
51
67
71
315
184
182
176
28
31
36
60
223
193
187
56
28
31
55
60
224
188
186
190
28
52
55
60
318
187
194
191
28
31
41
65
219
195
190
59
28
31
55
65
221
191
189
187
28
52
55
65
321
190
197
188
28
36
45
69
222
198
193
62
28
36
60
69
223
194
192
186
28
52
60
69
324
193
200
188
28
37
41
65
253
189
196
65
28
37
61
65
254
197
195
199
28
52
61
65
327
196
191
200
28
37
45
69
249
192
199
68
28
37
61
69
251
200
198
196
28
52
61
69
330
199
194
197
29
40
42
66
255
208
202
71
29
40
64
66
257
203
201
205
29
53
64
66
333
202
209
206
29
40
47
71
243
207
205
74
29
40
64
71
244
206
204
202
29
53
64
71
336
205
209
203
29
42
47
71
261
204
208
77
29
42
66
71
263
209
207
201
29
53
66
71
339
208
206
203
31
34
38
62
247
216
211
80
31
34
58
62
248
212
210
214
31
55
58
62
342
211
218
215
31
34
45
69
246
222
214
83
31
34
58
69
248
215
213
211
31
55
58
69
345
214
224
212
31
35
38
62
138
210
217
86
31
35
59
62
139
218
216
220
31
55
59
62
348
217
212
221
31
35
41
65
234
189
220
89
31
35
59
65
235
221
219
217
31
55
59
65
351
220
190
218
31
36
45
69
192
213
223
92
31
36
60
69
193
224
222
186
31
55
60
69
354
223
215
187
32
35
39
63
231
229
226
95
32
35
59
63
232
227
225
177
32
56
59
63
357
226
230
178
32
39
47
71
237
180
229
98
32
39
63
71
238
230
228
225
32
56
63
71
360
229
181
227
33
35
39
63
225
238
232
101
33
35
59
63
226
233
231
235
33
57
59
63
363
232
239
236
33
35
41
65
219
240
235
104
33
35
59
65
220
236
234
232
33
57
59
65
366
235
242
233
33
39
47
71
228
243
238
107
33
39
63
71
229
239
237
231
33
57
63
71
369
238
245
233
33
40
41
65
256
234
241
110
33
40
64
65
257
242
240
244
33
57
64
65
372
241
236
245
33
40
47
71
204
237
244
113
33
40
64
71
205
245
243
241
33
57
64
71
375
244
239
242
34
38
45
69
249
213
247
116
34
38
62
69
250
248
246
210
34
58
62
69
378
247
214
211
37
38
45
69
246
198
250
119
37
38
62
69
247
251
249
141
37
61
62
69
381
250
199
142
37
41
46
70
258
144
253
122
37
41
65
70
260
254
252
195
37
61
65
70
384
253
145
196
40
41
42
66
259
201
256
125
40
41
65
66
260
257
255
240
40
64
65
66
387
256
202
241
41
42
46
70
262
252
259
128
41
42
66
70
263
260
258
255
41
65
66
70
390
259
253
256
42
46
47
71
165
207
262
131
42
46
70
71
166
263
261
258
42
66
70
71
393
262
208
259
48
49
59
83
288
271
265
134
48
49
73
83
290
266
264
268
48
72
73
83
396
265
272
269
48
49
68
92
295
280
268
137
48
49
73
92
296
269
267
265
48
72
73
92
399
268
281
266
48
59
62
86
348
273
271
140
48
59
83
86
349
272
270
264
48
72
83
86
402
271
275
266
48
61
62
86
382
270
274
143
48
61
85
86
383
275
273
277
48
72
85
86
405
274
272
278
48
61
70
94
384
279
277
146
48
61
85
94
386
278
276
274
48
72
85
94
408
277
281
275
48
68
70
94
294
276
280
149
48
68
92
94
295
281
279
267
48
72
92
94
411
280
278
269
49
50
54
78
301
289
283
152
49
50
74
78
302
284
282
286
49
73
74
78
414
283
290
287
49
50
67
91
300
292
286
155
49
50
74
91
302
287
285
283
49
73
74
91
417
286
293
284
49
54
59
83
303
264
289
158
49
54
78
83
304
290
288
282
49
73
78
83
420
289
265
284
49
67
71
95
315
297
292
161
49
67
91
95
316
293
291
285
49
73
91
95
423
292
299
287
49
68
70
94
279
298
295
164
49
68
92
94
280
296
294
267
49
73
92
94
426
295
299
268
49
70
71
95
393
291
298
167
49
70
94
95
394
299
297
294
49
73
94
95
429
298
293
296
50
54
67
91
306
285
301
170
50
54
78
91
307
302
300
282
50
74
78
91
432
301
286
283
51
54
59
83
288
309
304
173
51
54
78
83
289
305
303
307
51
75
78
83
435
304
311
308
51
54
67
91
300
316
307
176
51
54
78
91
301
308
306
304
51
75
78
91
438
307
317
305
51
56
59
83
358
303
310
179
51
56
80
83
359
311
309
313
51
75
80
83
441
310
305
314
51
56
71
95
360
315
313
182
51
56
80
95
362
314
312
310
51
75
80
95
444
313
317
311
51
67
71
95
291
312
316
185
51
67
91
95
292
317
315
306
51
75
91
95
447
316
314
308
52
55
60
84
355
325
319
188
52
55
79
84
356
320
318
322
52
76
79
84
450
319
326
323
52
55
65
89
351
327
322
191
52
55
79
89
353
323
321
319
52
76
79
89
453
322
329
320
52
60
69
93
354
330
325
194
52
60
84
93
355
326
324
318
52
76
84
93
456
325
332
320
52
61
65
89
385
321
328
197
52
61
85
89
386
329
327
331
52
76
85
89
459
328
323
332
52
61
69
93
381
324
331
200
52
61
85
93
383
332
330
328
52
76
85
93
462
331
326
329
53
64
66
90
387
340
334
203
53
64
88
90
389
335
333
337
53
77
88
90
465
334
341
338
53
64
71
95
375
339
337
206
53
64
88
95
376
338
336
334
53
77
88
95
468
337
341
335
53
66
71
95
393
336
340
209
53
66
90
95
395
341
339
333
53
77
90
95
471
340
338
335
55
58
62
86
379
348
343
212
55
58
82
86
380
344
342
346
55
79
82
86
474
343
350
347
55
58
69
93
378
354
346
215
55
58
82
93
380
347
345
343
55
79
82
93
477
346
356
344
55
59
62
86
270
342
349
218
55
59
83
86
271
350
348
352
55
79
83
86
480
349
344
353
55
59
65
89
366
321
352
221
55
59
83
89
367
353
351
349
55
79
83
89
483
352
322
350
55
60
69
93
324
345
355
224
55
60
84
93
325
356
354
318
55
79
84
93
486
355
347
319
56
59
63
87
363
361
358
227
56
59
83
87
364
359
357
309
56
80
83
87
489
358
362
310
56
63
71
95
369
312
361
230
56
63
87
95
370
362
360
357
56
80
87
95
492
361
313
359
57
59
63
87
357
370
364
233
57
59
83
87
358
365
363
367
57
81
83
87
495
364
371
368
57
59
65
89
351
372
367
236
57
59
83
89
352
368
366
364
57
81
83
89
498
367
374
365
57
63
71
95
360
375
370
239
57
63
87
95
361
371
369
363
57
81
87
95
501
370
377
365
57
64
65
89
388
366
373
242
57
64
88
89
389
374
372
376
57
81
88
89
504
373
368
377
57
64
71
95
336
369
376
245
57
64
88
95
337
377
375
373
57
81
88
95
507
376
371
374
58
62
69
93
381
345
379
248
58
62
86
93
382
380
378
342
58
82
86
93
510
379
346
343
61
62
69
93
378
330
382
251
61
62
86
93
379
383
381
273
61
85
86
93
513
382
331
274
61
65
70
94
390
276
385
254
61
65
89
94
392
386
384
327
61
85
89
94
516
385
277
328
64
65
66
90
391
333
388
257
64
65
89
90
392
389
387
372
64
88
89
90
519
388
334
373
65
66
70
94
394
384
391
260
65
66
90
94
395
392
390
387
65
89
90
94
522
391
385
388
66
70
71
95
297
339
394
263
66
70
94
95
298
395
393
390
66
90
94
95
525
394
340
391
72
73
83
11
420
403
397
266
72
73
1
11
422
398
396
400
72
0
1
11
0
397
404
401
72
73
92
20
427
412
400
269
72
73
1
20
428
401
399
397
72
0
1
20
3
400
413
398
72
83
86
14
480
405
403
272
72
83
11
14
481
404
402
396
72
0
11
14
6
403
407
398
72
85
86
14
514
402
406
275
72
85
13
14
515
407
405
409
72
0
13
14
9
406
404
410
72
85
94
22
516
411
409
278
72
85
13
22
518
410
408
406
72
0
13
22
12
409
413
407
72
92
94
22
426
408
412
281
72
92
20
22
427
413
411
399
72
0
20
22
15
412
410
401
73
74
78
6
433
421
415
284
73
74
2
6
434
416
414
418
73
1
2
6
18
415
422
419
73
74
91
19
432
424
418
287
73
74
2
19
434
419
417
415
73
1
2
19
21
418
425
416
73
78
83
11
435
396
421
290
73
78
6
11
436
422
420
414
73
1
6
11
24
421
397
416
73
91
95
23
447
429
424
293
73
91
19
23
448
425
423
417
73
1
19
23
27
424
431
419
73
92
94
22
411
430
427
296
73
92
20
22
412
428
426
399
73
1
20
22
30
427
431
400
73
94
95
23
525
423
430
299
73
94
22
23
526
431
429
426
73
1
22
23
33
430
425
428
74
78
91
19
438
417
433
302
74
78
6
19
439
434
432
414
74
2
6
19
36
433
418
415
75
78
83
11
420
441
436
305
75
78
6
11
421
437
435
439
75
3
6
11
39
436
443
440
75
78
91
19
432
448
439
308
75
78
6
19
433
440
438
436
75
3
6
19
42
439
449
437
75
80
83
11
490
435
442
311
75
80
8
11
491
443
441
445
75
3
8
11
45
442
437
446
75
80
95
23
492
447
445
314
75
80
8
23
494
446
444
442
75
3
8
23
48
445
449
443
75
91
95
23
423
444
448
317
75
91
19
23
424
449
447
438
75
3
19
23
51
448
446
440
76
79
84
12
487
457
451
320
76
79
7
12
488
452
450
454
76
4
7
12
54
451
458
455
76
79
89
17
483
459
454
323
76
79
7
17
485
455
453
451
76
4
7
17
57
454
461
452
76
84
93
21
486
462
457
326
76
84
12
21
487
458
456
450
76
4
12
21
60
457
464
452
76
85
89
17
517
453
460
329
76
85
13
17
518
461
459
463
76
4
13
17
63
460
455
464
76
85
93
21
513
456
463
332
76
85
13
21
515
464
462
460
76
4
13
21
66
463
458
461
77
88
90
18
519
472
466
335
77
88
16
18
521
467
465
469
77
5
16
18
69
466
473
470
77
88
95
23
507
471
469
338
77
88
16
23
508
470
468
466
77
5
16
23
72
469
473
467
77
90
95
23
525
468
472
341
77
90
18
23
527
473
471
465
77
5
18
23
75
472
470
467
79
82
86
14
511
480
475
344
79
82
10
14
512
476
474
478
79
7
10
14
78
475
482
479
79
82
93
21
510
486
478
347
79
82
10
21
512
479
477
475
79
7
10
21
81
478
488
476
79
83
86
14
402
474
481
350
79
83
11
14
403
482
480
484
79
7
11
14
84
481
476
485
79
83
89
17
498
453
484
353
79
83
11
17
499
485
483
481
79
7
11
17
87
484
454
482
79
84
93
21
456
477
487
356
79
84
12
21
457
488
486
450
79
7
12
21
90
487
479
451
80
83
87
15
495
493
490
359
80
83
11
15
496
491
489
441
80
8
11
15
93
490
494
442
80
87
95
23
501
444
493
362
80
87
15
23
502
494
492
489
80
8
15
23
96
493
445
491
81
83
87
15
489
502
496
365
81
83
11
15
490
497
495
499
81
9
11
15
99
496
503
500
81
83
89
17
483
504
499
368
81
83
11
17
484
500
498
496
81
9
11
17
102
499
506
497
81
87
95
23
492
507
502
371
81
87
15
23
493
503
501
495
81
9
15
23
105
502
509
497
81
88
89
17
520
498
505
374
81
88
16
17
521
506
504
508
81
9
16
17
108
505
500
509
81
88
95
23
468
501
508
377
81
88
16
23
469
509
507
505
81
9
16
23
111
508
503
506
82
86
93
21
513
477
511
380
82
86
14
21
514
512
510
474
82
10
14
21
114
511
478
475
85
86
93
21
510
462
514
383
85
86
14
21
511
515
513
405
85
13
14
21
117
514
463
406
85
89
94
22
522
408
517
386
85
89
17
22
524
518
516
459
85
13
17
22
120
517
409
460
88
89
90
18
523
465
520
389
88
89
17
18
524
521
519
504
88
16
17
18
123
520
466
505
89
90
94
22
526
516
523
392
89
90
18
22
527
524
522
519
89
17
18
22
126
523
517
520
90
94
95
23
429
471
526
395
90
94
22
23
430
527
525
522
90
18
22
23
129
526
472
523
528
