1
96
0
0
0
0
0
0
0
0
0
0
0
0
0
0
0
0
0
0
0
0
0
0
0
0
1
1
1
1
1
1
1
1
1
1
1
1
1
1
1
1
1
1
1
1
1
1
1
1
2
2
2
2
2
2
2
2
2
2
2
2
2
2
2
2
2
2
2
2
2
2
2
2
3
3
3
3
3
3
3
3
3
3
3
3
3
3
3
3
3
3
3
3
3
3
3
3
96
528
0
1
20
44
24
7
1
398
0
1
25
44
26
2
0
4
0
24
25
44
132
1
8
5
0
1
21
45
31
6
4
401
0
1
25
45
32
5
3
1
0
24
25
45
135
4
8
2
0
20
21
45
75
3
7
404
0
20
44
45
76
8
6
0
0
24
44
45
138
7
5
2
1
2
16
40
33
18
10
407
1
2
26
40
35
11
9
13
1
25
26
40
141
10
20
14
1
2
23
47
39
30
13
410
1
2
26
47
41
14
12
10
1
25
26
47
144
13
32
11
1
7
10
34
82
22
16
413
1
7
31
34
83
17
15
19
1
25
31
34
147
16
23
20
1
7
16
40
84
9
19
416
1
7
31
40
86
20
18
16
1
25
31
40
150
19
11
17
1
10
22
46
66
27
22
419
1
10
34
46
67
23
21
15
1
25
34
46
153
22
29
17
1
12
20
44
123
0
25
422
1
12
36
44
125
26
24
28
1
25
36
44
156
25
1
29
1
12
22
46
99
21
28
425
1
12
36
46
100
29
27
25
1
25
36
46
159
28
23
26
1
21
23
47
78
12
31
428
1
21
45
47
79
32
30
3
1
25
45
47
162
31
14
4
2
14
16
40
84
9
34
431
2
14
38
40
85
35
33
37
2
26
38
40
165
34
10
38
2
14
17
41
93
40
37
434
2
14
38
41
94
38
36
34
2
26
38
41
168
37
41
35
2
17
23
47
129
12
40
437
2
17
41
47
131
41
39
36
2
26
41
47
171
40
13
38
3
4
17
41
54
49
43
440
3
4
28
41
56
44
42
46
3
27
28
41
174
43
50
47
3
4
19
43
57
48
46
443
3
4
28
43
59
47
45
43
3
27
28
43
177
46
50
44
3
17
19
43
130
45
49
446
3
17
41
43
131
50
48
42
3
27
41
43
180
49
47
44
4
5
9
33
61
58
52
449
4
5
29
33
62
53
51
55
4
28
29
33
183
52
59
56
4
5
17
41
63
42
55
452
4
5
29
41
65
56
54
52
4
28
29
41
186
55
43
53
4
9
19
43
112
45
58
455
4
9
33
43
113
59
57
51
4
28
33
43
189
58
46
53
5
9
22
46
99
66
61
458
5
9
33
46
101
62
60
51
5
29
33
46
192
61
68
52
5
10
17
41
90
54
64
461
5
10
34
41
91
65
63
67
5
29
34
41
195
64
55
68
5
10
22
46
21
60
67
464
5
10
34
46
22
68
66
64
5
29
34
46
198
67
62
65
6
9
20
44
105
76
70
467
6
9
33
44
107
71
69
73
6
30
33
44
201
70
77
74
6
9
23
47
111
78
73
470
6
9
33
47
113
74
72
70
6
30
33
47
204
73
80
71
6
20
21
45
6
79
76
473
6
20
44
45
7
77
75
69
6
30
44
45
207
76
80
71
6
21
23
47
30
72
79
476
6
21
45
47
31
80
78
75
6
30
45
47
210
79
74
77
7
10
14
38
87
85
82
479
7
10
34
38
88
83
81
15
7
31
34
38
213
82
86
16
7
14
16
40
33
18
85
482
7
14
38
40
34
86
84
81
7
31
38
40
216
85
19
83
8
10
14
38
81
94
88
485
8
10
34
38
82
89
87
91
8
32
34
38
219
88
95
92
8
10
17
41
63
93
91
488
8
10
34
41
64
92
90
88
8
32
34
41
222
91
95
89
8
14
17
41
36
90
94
491
8
14
38
41
37
95
93
87
8
32
38
41
225
94
92
89
9
12
18
42
124
108
97
494
9
12
36
42
125
98
96
100
9
33
36
42
228
97
110
101
9
12
22
46
27
60
100
497
9
12
36
46
28
101
99
97
9
33
36
46
231
100
61
98
9
13
15
39
127
109
103
500
9
13
37
39
128
104
102
106
9
33
37
39
234
103
110
107
9
13
20
44
126
69
106
503
9
13
37
44
128
107
105
103
9
33
37
44
237
106
70
104
9
15
18
42
114
96
109
506
9
15
39
42
115
110
108
102
9
33
39
42
240
109
98
104
9
19
23
47
129
72
112
509
9
19
43
47
130
113
111
57
9
33
43
47
243
112
73
58
11
15
18
42
108
121
115
512
11
15
39
42
109
116
114
118
11
35
39
42
246
115
122
119
11
15
20
44
126
120
118
515
11
15
39
44
127
119
117
115
11
35
39
44
249
118
122
116
11
18
20
44
123
117
121
518
11
18
42
44
124
122
120
114
11
35
42
44
252
121
119
116
12
18
20
44
120
24
124
521
12
18
42
44
121
125
123
96
12
36
42
44
255
124
25
97
13
15
20
44
117
105
127
524
13
15
39
44
118
128
126
102
13
37
39
44
258
127
106
103
17
19
23
47
111
39
130
527
17
19
43
47
112
131
129
48
17
41
43
47
261
130
40
49
24
25
44
68
156
139
133
2
24
25
49
68
158
134
132
136
24
48
49
68
264
133
140
137
24
25
45
69
163
138
136
5
24
25
49
69
164
137
135
133
24
48
49
69
267
136
140
134
24
44
45
69
207
135
139
8
24
44
68
69
208
140
138
132
24
48
68
69
270
139
137
134
25
26
40
64
165
150
142
11
25
26
50
64
167
143
141
145
25
49
50
64
273
142
152
146
25
26
47
71
171
162
145
14
25
26
50
71
173
146
144
142
25
49
50
71
276
145
164
143
25
31
34
58
214
154
148
17
25
31
55
58
215
149
147
151
25
49
55
58
279
148
155
152
25
31
40
64
216
141
151
20
25
31
55
64
218
152
150
148
25
49
55
64
282
151
143
149
25
34
46
70
198
159
154
23
25
34
58
70
199
155
153
147
25
49
58
70
285
154
161
149
25
36
44
68
255
132
157
26
25
36
60
68
257
158
156
160
25
49
60
68
288
157
133
161
25
36
46
70
231
153
160
29
25
36
60
70
232
161
159
157
25
49
60
70
291
160
155
158
25
45
47
71
210
144
163
32
25
45
69
71
211
164
162
135
25
49
69
71
294
163
146
136
26
38
40
64
216
141
166
35
26
38
62
64
217
167
165
169
26
50
62
64
297
166
142
170
26
38
41
65
225
172
169
38
26
38
62
65
226
170
168
166
26
50
62
65
300
169
173
167
26
41
47
71
261
144
172
41
26
41
65
71
263
173
171
168
26
50
65
71
303
172
145
170
27
28
41
65
186
181
175
44
27
28
52
65
188
176
174
178
27
51
52
65
306
175
182
179
27
28
43
67
189
180
178
47
27
28
52
67
191
179
177
175
27
51
52
67
309
178
182
176
27
41
43
67
262
177
181
50
27
41
65
67
263
182
180
174
27
51
65
67
312
181
179
176
28
29
33
57
193
190
184
53
28
29
53
57
194
185
183
187
28
52
53
57
315
184
191
188
28
29
41
65
195
174
187
56
28
29
53
65
197
188
186
184
28
52
53
65
318
187
175
185
28
33
43
67
244
177
190
59
28
33
57
67
245
191
189
183
28
52
57
67
321
190
178
185
29
33
46
70
231
198
193
62
29
33
57
70
233
194
192
183
29
53
57
70
324
193
200
184
29
34
41
65
222
186
196
65
29
34
58
65
223
197
195
199
29
53
58
65
327
196
187
200
29
34
46
70
153
192
199
68
29
34
58
70
154
200
198
196
29
53
58
70
330
199
194
197
30
33
44
68
237
208
202
71
30
33
57
68
239
203
201
205
30
54
57
68
333
202
209
206
30
33
47
71
243
210
205
74
30
33
57
71
245
206
204
202
30
54
57
71
336
205
212
203
30
44
45
69
138
211
208
77
30
44
68
69
139
209
207
201
30
54
68
69
339
208
212
203
30
45
47
71
162
204
211
80
30
45
69
71
163
212
210
207
30
54
69
71
342
211
206
209
31
34
38
62
219
217
214
83
31
34
58
62
220
215
213
147
31
55
58
62
345
214
218
148
31
38
40
64
165
150
217
86
31
38
62
64
166
218
216
213
31
55
62
64
348
217
151
215
32
34
38
62
213
226
220
89
32
34
58
62
214
221
219
223
32
56
58
62
351
220
227
224
32
34
41
65
195
225
223
92
32
34
58
65
196
224
222
220
32
56
58
65
354
223
227
221
32
38
41
65
168
222
226
95
32
38
62
65
169
227
225
219
32
56
62
65
357
226
224
221
33
36
42
66
256
240
229
98
33
36
60
66
257
230
228
232
33
57
60
66
360
229
242
233
33
36
46
70
159
192
232
101
33
36
60
70
160
233
231
229
33
57
60
70
363
232
193
230
33
37
39
63
259
241
235
104
33
37
61
63
260
236
234
238
33
57
61
63
366
235
242
239
33
37
44
68
258
201
238
107
33
37
61
68
260
239
237
235
33
57
61
68
369
238
202
236
33
39
42
66
246
228
241
110
33
39
63
66
247
242
240
234
33
57
63
66
372
241
230
236
33
43
47
71
261
204
244
113
33
43
67
71
262
245
243
189
33
57
67
71
375
244
205
190
35
39
42
66
240
253
247
116
35
39
63
66
241
248
246
250
35
59
63
66
378
247
254
251
35
39
44
68
258
252
250
119
35
39
63
68
259
251
249
247
35
59
63
68
381
250
254
248
35
42
44
68
255
249
253
122
35
42
66
68
256
254
252
246
35
59
66
68
384
253
251
248
36
42
44
68
252
156
256
125
36
42
66
68
253
257
255
228
36
60
66
68
387
256
157
229
37
39
44
68
249
237
259
128
37
39
63
68
250
260
258
234
37
61
63
68
390
259
238
235
41
43
47
71
243
171
262
131
41
43
67
71
244
263
261
180
41
65
67
71
393
262
172
181
48
49
68
92
288
271
265
134
48
49
73
92
290
266
264
268
48
72
73
92
396
265
272
269
48
49
69
93
295
270
268
137
48
49
73
93
296
269
267
265
48
72
73
93
399
268
272
266
48
68
69
93
339
267
271
140
48
68
92
93
340
272
270
264
48
72
92
93
402
271
269
266
49
50
64
88
297
282
274
143
49
50
74
88
299
275
273
277
49
73
74
88
405
274
284
278
49
50
71
95
303
294
277
146
49
50
74
95
305
278
276
274
49
73
74
95
408
277
296
275
49
55
58
82
346
286
280
149
49
55
79
82
347
281
279
283
49
73
79
82
411
280
287
284
49
55
64
88
348
273
283
152
49
55
79
88
350
284
282
280
49
73
79
88
414
283
275
281
49
58
70
94
330
291
286
155
49
58
82
94
331
287
285
279
49
73
82
94
417
286
293
281
49
60
68
92
387
264
289
158
49
60
84
92
389
290
288
292
49
73
84
92
420
289
265
293
49
60
70
94
363
285
292
161
49
60
84
94
364
293
291
289
49
73
84
94
423
292
287
290
49
69
71
95
342
276
295
164
49
69
93
95
343
296
294
267
49
73
93
95
426
295
278
268
50
62
64
88
348
273
298
167
50
62
86
88
349
299
297
301
50
74
86
88
429
298
274
302
50
62
65
89
357
304
301
170
50
62
86
89
358
302
300
298
50
74
86
89
432
301
305
299
50
65
71
95
393
276
304
173
50
65
89
95
395
305
303
300
50
74
89
95
435
304
277
302
51
52
65
89
318
313
307
176
51
52
76
89
320
308
306
310
51
75
76
89
438
307
314
311
51
52
67
91
321
312
310
179
51
52
76
91
323
311
309
307
51
75
76
91
441
310
314
308
51
65
67
91
394
309
313
182
51
65
89
91
395
314
312
306
51
75
89
91
444
313
311
308
52
53
57
81
325
322
316
185
52
53
77
81
326
317
315
319
52
76
77
81
447
316
323
320
52
53
65
89
327
306
319
188
52
53
77
89
329
320
318
316
52
76
77
89
450
319
307
317
52
57
67
91
376
309
322
191
52
57
81
91
377
323
321
315
52
76
81
91
453
322
310
317
53
57
70
94
363
330
325
194
53
57
81
94
365
326
324
315
53
77
81
94
456
325
332
316
53
58
65
89
354
318
328
197
53
58
82
89
355
329
327
331
53
77
82
89
459
328
319
332
53
58
70
94
285
324
331
200
53
58
82
94
286
332
330
328
53
77
82
94
462
331
326
329
54
57
68
92
369
340
334
203
54
57
81
92
371
335
333
337
54
78
81
92
465
334
341
338
54
57
71
95
375
342
337
206
54
57
81
95
377
338
336
334
54
78
81
95
468
337
344
335
54
68
69
93
270
343
340
209
54
68
92
93
271
341
339
333
54
78
92
93
471
340
344
335
54
69
71
95
294
336
343
212
54
69
93
95
295
344
342
339
54
78
93
95
474
343
338
341
55
58
62
86
351
349
346
215
55
58
82
86
352
347
345
279
55
79
82
86
477
346
350
280
55
62
64
88
297
282
349
218
55
62
86
88
298
350
348
345
55
79
86
88
480
349
283
347
56
58
62
86
345
358
352
221
56
58
82
86
346
353
351
355
56
80
82
86
483
352
359
356
56
58
65
89
327
357
355
224
56
58
82
89
328
356
354
352
56
80
82
89
486
355
359
353
56
62
65
89
300
354
358
227
56
62
86
89
301
359
357
351
56
80
86
89
489
358
356
353
57
60
66
90
388
372
361
230
57
60
84
90
389
362
360
364
57
81
84
90
492
361
374
365
57
60
70
94
291
324
364
233
57
60
84
94
292
365
363
361
57
81
84
94
495
364
325
362
57
61
63
87
391
373
367
236
57
61
85
87
392
368
366
370
57
81
85
87
498
367
374
371
57
61
68
92
390
333
370
239
57
61
85
92
392
371
369
367
57
81
85
92
501
370
334
368
57
63
66
90
378
360
373
242
57
63
87
90
379
374
372
366
57
81
87
90
504
373
362
368
57
67
71
95
393
336
376
245
57
67
91
95
394
377
375
321
57
81
91
95
507
376
337
322
59
63
66
90
372
385
379
248
59
63
87
90
373
380
378
382
59
83
87
90
510
379
386
383
59
63
68
92
390
384
382
251
59
63
87
92
391
383
381
379
59
83
87
92
513
382
386
380
59
66
68
92
387
381
385
254
59
66
90
92
388
386
384
378
59
83
90
92
516
385
383
380
60
66
68
92
384
288
388
257
60
66
90
92
385
389
387
360
60
84
90
92
519
388
289
361
61
63
68
92
381
369
391
260
61
63
87
92
382
392
390
366
61
85
87
92
522
391
370
367
65
67
71
95
375
303
394
263
65
67
91
95
376
395
393
312
65
89
91
95
525
394
304
313
72
73
92
20
420
403
397
266
72
73
1
20
422
398
396
400
72
0
1
20
0
397
404
401
72
73
93
21
427
402
400
269
72
73
1
21
428
401
399
397
72
0
1
21
3
400
404
398
72
92
93
21
471
399
403
272
72
92
20
21
472
404
402
396
72
0
20
21
6
403
401
398
73
74
88
16
429
414
406
275
73
74
2
16
431
407
405
409
73
1
2
16
9
406
416
410
73
74
95
23
435
426
409
278
73
74
2
23
437
410
408
406
73
1
2
23
12
409
428
407
73
79
82
10
478
418
412
281
73
79
7
10
479
413
411
415
73
1
7
10
15
412
419
416
73
79
88
16
480
405
415
284
73
79
7
16
482
416
414
412
73
1
7
16
18
415
407
413
73
82
94
22
462
423
418
287
73
82
10
22
463
419
417
411
73
1
10
22
21
418
425
413
73
84
92
20
519
396
421
290
73
84
12
20
521
422
420
424
73
1
12
20
24
421
397
425
73
84
94
22
495
417
424
293
73
84
12
22
496
425
423
421
73
1
12
22
27
424
419
422
73
93
95
23
474
408
427
296
73
93
21
23
475
428
426
399
73
1
21
23
30
427
410
400
74
86
88
16
480
405
430
299
74
86
14
16
481
431
429
433
74
2
14
16
33
430
406
434
74
86
89
17
489
436
433
302
74
86
14
17
490
434
432
430
74
2
14
17
36
433
437
431
74
89
95
23
525
408
436
305
74
89
17
23
527
437
435
432
74
2
17
23
39
436
409
434
75
76
89
17
450
445
439
308
75
76
4
17
452
440
438
442
75
3
4
17
42
439
446
443
75
76
91
19
453
444
442
311
75
76
4
19
455
443
441
439
75
3
4
19
45
442
446
440
75
89
91
19
526
441
445
314
75
89
17
19
527
446
444
438
75
3
17
19
48
445
443
440
76
77
81
9
457
454
448
317
76
77
5
9
458
449
447
451
76
4
5
9
51
448
455
452
76
77
89
17
459
438
451
320
76
77
5
17
461
452
450
448
76
4
5
17
54
451
439
449
76
81
91
19
508
441
454
323
76
81
9
19
509
455
453
447
76
4
9
19
57
454
442
449
77
81
94
22
495
462
457
326
77
81
9
22
497
458
456
447
77
5
9
22
60
457
464
448
77
82
89
17
486
450
460
329
77
82
10
17
487
461
459
463
77
5
10
17
63
460
451
464
77
82
94
22
417
456
463
332
77
82
10
22
418
464
462
460
77
5
10
22
66
463
458
461
78
81
92
20
501
472
466
335
78
81
9
20
503
467
465
469
78
6
9
20
69
466
473
470
78
81
95
23
507
474
469
338
78
81
9
23
509
470
468
466
78
6
9
23
72
469
476
467
78
92
93
21
402
475
472
341
78
92
20
21
403
473
471
465
78
6
20
21
75
472
476
467
78
93
95
23
426
468
475
344
78
93
21
23
427
476
474
471
78
6
21
23
78
475
470
473
79
82
86
14
483
481
478
347
79
82
10
14
484
479
477
411
79
7
10
14
81
478
482
412
79
86
88
16
429
414
481
350
79
86
14
16
430
482
480
477
79
7
14
16
84
481
415
479
80
82
86
14
477
490
484
353
80
82
10
14
478
485
483
487
80
8
10
14
87
484
491
488
80
82
89
17
459
489
487
356
80
82
10
17
460
488
486
484
80
8
10
17
90
487
491
485
80
86
89
17
432
486
490
359
80
86
14
17
433
491
489
483
80
8
14
17
93
490
488
485
81
84
90
18
520
504
493
362
81
84
12
18
521
494
492
496
81
9
12
18
96
493
506
497
81
84
94
22
423
456
496
365
81
84
12
22
424
497
495
493
81
9
12
22
99
496
457
494
81
85
87
15
523
505
499
368
81
85
13
15
524
500
498
502
81
9
13
15
102
499
506
503
81
85
92
20
522
465
502
371
81
85
13
20
524
503
501
499
81
9
13
20
105
502
466
500
81
87
90
18
510
492
505
374
81
87
15
18
511
506
504
498
81
9
15
18
108
505
494
500
81
91
95
23
525
468
508
377
81
91
19
23
526
509
507
453
81
9
19
23
111
508
469
454
83
87
90
18
504
517
511
380
83
87
15
18
505
512
510
514
83
11
15
18
114
511
518
515
83
87
92
20
522
516
514
383
83
87
15
20
523
515
513
511
83
11
15
20
117
514
518
512
83
90
92
20
519
513
517
386
83
90
18
20
520
518
516
510
83
11
18
20
120
517
515
512
84
90
92
20
516
420
520
389
84
90
18
20
517
521
519
492
84
12
18
20
123
520
421
493
85
87
92
20
513
501
523
392
85
87
15
20
514
524
522
498
85
13
15
20
126
523
502
499
89
91
95
23
507
435
526
395
89
91
19
23
508
527
525
444
89
17
19
23
129
526
436
445
528
