1
96
0
0
0
0
0
0
0
0
0
0
0
0
0
0
0
0
0
0
0
0
0
0
0
0
1
1
1
1
1
1
1
1
1
1
1
1
1
1
1
1
1
1
1
1
1
1
1
1
2
2
2
2
2
2
2
2
2
2
2
2
2
2
2
2
2
2
2
2
2
2
2
2
3
3
3
3
3
3
3
3
3
3
3
3
3
3
3
3
3
3
3
3
3
3
3
3
96
528
0
2
6
30
31
7
1
398
0
2
26
30
32
2
0
4
0
24
26
30
132
1
8
5
0
2
13
37
36
10
4
401
0
2
26
37
38
5
3
1
0
24
26
37
135
4
11
2
0
6
14
38
18
13
7
404
0
6
30
38
19
8
6
0
0
24
30
38
138
7
14
2
0
13
17
41
81
16
10
407
0
13
37
41
82
11
9
3
0
24
37
41
141
10
17
5
0
14
23
47
123
15
13
410
0
14
38
47
125
14
12
6
0
24
38
47
144
13
17
8
0
17
23
47
96
12
16
413
0
17
41
47
97
17
15
9
0
24
41
47
147
16
14
11
1
6
14
38
6
25
19
416
1
6
30
38
7
20
18
22
1
25
30
38
150
19
26
23
1
6
21
45
66
28
22
419
1
6
30
45
67
23
21
19
1
25
30
45
153
22
29
20
1
14
22
46
126
27
25
422
1
14
38
46
128
26
24
18
1
25
38
46
156
25
29
20
1
21
22
46
126
24
28
425
1
21
45
46
127
29
27
21
1
25
45
46
159
28
26
23
2
6
11
35
73
33
31
428
2
6
30
35
74
32
30
0
2
26
30
35
162
31
35
1
2
7
11
35
54
30
34
431
2
7
31
35
55
35
33
37
2
26
31
35
165
34
32
38
2
7
13
37
82
3
37
434
2
7
31
37
83
38
36
34
2
26
31
37
168
37
4
35
3
7
8
32
76
46
40
437
3
7
31
32
77
41
39
43
3
27
31
32
171
40
47
44
3
7
10
34
78
48
43
440
3
7
31
34
80
44
42
40
3
27
31
34
174
43
50
41
3
8
9
33
100
49
46
443
3
8
32
33
101
47
45
39
3
27
32
33
177
46
50
41
3
9
10
34
78
42
49
446
3
9
33
34
79
50
48
45
3
27
33
34
180
49
44
47
4
7
9
33
79
58
52
449
4
7
31
33
80
53
51
55
4
28
31
33
183
52
59
56
4
7
11
35
33
61
55
452
4
7
31
35
34
56
54
52
4
28
31
35
186
55
62
53
4
9
14
38
103
60
58
455
4
9
33
38
104
59
57
51
4
28
33
38
189
58
62
53
4
11
14
38
115
57
61
458
4
11
35
38
116
62
60
54
4
28
35
38
192
61
59
56
5
6
12
36
72
70
64
461
5
6
30
36
74
65
63
67
5
29
30
36
195
64
71
68
5
6
21
45
21
69
67
464
5
6
30
45
22
68
66
64
5
29
30
45
198
67
71
65
5
12
21
45
120
66
70
467
5
12
36
45
122
71
69
63
5
29
36
45
201
70
68
65
6
11
12
36
112
63
73
470
6
11
35
36
113
74
72
30
6
30
35
36
204
73
64
31
7
8
19
43
99
87
76
473
7
8
32
43
101
77
75
39
7
31
32
43
207
76
89
40
7
9
10
34
48
42
79
476
7
9
33
34
49
80
78
51
7
31
33
34
210
79
43
52
7
13
17
41
9
97
82
479
7
13
37
41
10
83
81
36
7
31
37
41
213
82
98
37
7
15
18
42
105
90
85
482
7
15
39
42
106
86
84
88
7
31
39
42
216
85
92
89
7
15
19
43
108
75
88
485
7
15
39
43
109
89
87
85
7
31
39
43
219
88
77
86
7
16
18
42
130
84
91
488
7
16
40
42
131
92
90
94
7
31
40
42
222
91
86
95
7
16
23
47
129
96
94
491
7
16
40
47
131
95
93
91
7
31
40
47
225
94
98
92
7
17
23
47
15
93
97
494
7
17
41
47
16
98
96
81
7
31
41
47
228
97
95
83
8
9
19
43
108
75
100
497
8
9
33
43
110
101
99
45
8
32
33
43
231
100
76
46
9
14
18
42
124
105
103
500
9
14
38
42
125
104
102
57
9
33
38
42
234
103
107
58
9
15
18
42
84
102
106
503
9
15
39
42
85
107
105
109
9
33
39
42
237
106
104
110
9
15
19
43
87
99
109
506
9
15
39
43
88
110
108
106
9
33
39
43
240
109
100
107
11
12
20
44
117
114
112
509
11
12
36
44
119
113
111
72
11
35
36
44
243
112
116
73
11
14
20
44
117
111
115
512
11
14
38
44
118
116
114
60
11
35
38
44
246
115
113
61
12
14
20
44
114
111
118
515
12
14
38
44
115
119
117
121
12
36
38
44
249
118
112
122
12
14
21
45
127
69
121
518
12
14
38
45
128
122
120
118
12
36
38
45
252
121
70
119
14
18
23
47
129
12
124
521
14
18
42
47
130
125
123
102
14
38
42
47
255
124
13
103
14
21
22
46
27
24
127
524
14
21
45
46
28
128
126
120
14
38
45
46
258
127
25
121
16
18
23
47
123
93
130
527
16
18
42
47
124
131
129
90
16
40
42
47
261
130
94
91
24
26
30
54
163
139
133
2
24
26
50
54
164
134
132
136
24
48
50
54
264
133
140
137
24
26
37
61
168
142
136
5
24
26
50
61
170
137
135
133
24
48
50
61
267
136
143
134
24
30
38
62
150
145
139
8
24
30
54
62
151
140
138
132
24
48
54
62
270
139
146
134
24
37
41
65
213
148
142
11
24
37
61
65
214
143
141
135
24
48
61
65
273
142
149
137
24
38
47
71
255
147
145
14
24
38
62
71
257
146
144
138
24
48
62
71
276
145
149
140
24
41
47
71
228
144
148
17
24
41
65
71
229
149
147
141
24
48
65
71
279
148
146
143
25
30
38
62
138
157
151
20
25
30
54
62
139
152
150
154
25
49
54
62
282
151
158
155
25
30
45
69
198
160
154
23
25
30
54
69
199
155
153
151
25
49
54
69
285
154
161
152
25
38
46
70
258
159
157
26
25
38
62
70
260
158
156
150
25
49
62
70
288
157
161
152
25
45
46
70
258
156
160
29
25
45
69
70
259
161
159
153
25
49
69
70
291
160
158
155
26
30
35
59
205
165
163
32
26
30
54
59
206
164
162
132
26
50
54
59
294
163
167
133
26
31
35
59
186
162
166
35
26
31
55
59
187
167
165
169
26
50
55
59
297
166
164
170
26
31
37
61
214
135
169
38
26
31
55
61
215
170
168
166
26
50
55
61
300
169
136
167
27
31
32
56
208
178
172
41
27
31
55
56
209
173
171
175
27
51
55
56
303
172
179
176
27
31
34
58
210
180
175
44
27
31
55
58
212
176
174
172
27
51
55
58
306
175
182
173
27
32
33
57
232
181
178
47
27
32
56
57
233
179
177
171
27
51
56
57
309
178
182
173
27
33
34
58
210
174
181
50
27
33
57
58
211
182
180
177
27
51
57
58
312
181
176
179
28
31
33
57
211
190
184
53
28
31
55
57
212
185
183
187
28
52
55
57
315
184
191
188
28
31
35
59
165
193
187
56
28
31
55
59
166
188
186
184
28
52
55
59
318
187
194
185
28
33
38
62
235
192
190
59
28
33
57
62
236
191
189
183
28
52
57
62
321
190
194
185
28
35
38
62
247
189
193
62
28
35
59
62
248
194
192
186
28
52
59
62
324
193
191
188
29
30
36
60
204
202
196
65
29
30
54
60
206
197
195
199
29
53
54
60
327
196
203
200
29
30
45
69
153
201
199
68
29
30
54
69
154
200
198
196
29
53
54
69
330
199
203
197
29
36
45
69
252
198
202
71
29
36
60
69
254
203
201
195
29
53
60
69
333
202
200
197
30
35
36
60
244
195
205
74
30
35
59
60
245
206
204
162
30
54
59
60
336
205
196
163
31
32
43
67
231
219
208
77
31
32
56
67
233
209
207
171
31
55
56
67
339
208
221
172
31
33
34
58
180
174
211
80
31
33
57
58
181
212
210
183
31
55
57
58
342
211
175
184
31
37
41
65
141
229
214
83
31
37
61
65
142
215
213
168
31
55
61
65
345
214
230
169
31
39
42
66
237
222
217
86
31
39
63
66
238
218
216
220
31
55
63
66
348
217
224
221
31
39
43
67
240
207
220
89
31
39
63
67
241
221
219
217
31
55
63
67
351
220
209
218
31
40
42
66
262
216
223
92
31
40
64
66
263
224
222
226
31
55
64
66
354
223
218
227
31
40
47
71
261
228
226
95
31
40
64
71
263
227
225
223
31
55
64
71
357
226
230
224
31
41
47
71
147
225
229
98
31
41
65
71
148
230
228
213
31
55
65
71
360
229
227
215
32
33
43
67
240
207
232
101
32
33
57
67
242
233
231
177
32
56
57
67
363
232
208
178
33
38
42
66
256
237
235
104
33
38
62
66
257
236
234
189
33
57
62
66
366
235
239
190
33
39
42
66
216
234
238
107
33
39
63
66
217
239
237
241
33
57
63
66
369
238
236
242
33
39
43
67
219
231
241
110
33
39
63
67
220
242
240
238
33
57
63
67
372
241
232
239
35
36
44
68
249
246
244
113
35
36
60
68
251
245
243
204
35
59
60
68
375
244
248
205
35
38
44
68
249
243
247
116
35
38
62
68
250
248
246
192
35
59
62
68
378
247
245
193
36
38
44
68
246
243
250
119
36
38
62
68
247
251
249
253
36
60
62
68
381
250
244
254
36
38
45
69
259
201
253
122
36
38
62
69
260
254
252
250
36
60
62
69
384
253
202
251
38
42
47
71
261
144
256
125
38
42
66
71
262
257
255
234
38
62
66
71
387
256
145
235
38
45
46
70
159
156
259
128
38
45
69
70
160
260
258
252
38
62
69
70
390
259
157
253
40
42
47
71
255
225
262
131
40
42
66
71
256
263
261
222
40
64
66
71
393
262
226
223
48
50
54
78
295
271
265
134
48
50
74
78
296
266
264
268
48
72
74
78
396
265
272
269
48
50
61
85
300
274
268
137
48
50
74
85
302
269
267
265
48
72
74
85
399
268
275
266
48
54
62
86
282
277
271
140
48
54
78
86
283
272
270
264
48
72
78
86
402
271
278
266
48
61
65
89
345
280
274
143
48
61
85
89
346
275
273
267
48
72
85
89
405
274
281
269
48
62
71
95
387
279
277
146
48
62
86
95
389
278
276
270
48
72
86
95
408
277
281
272
48
65
71
95
360
276
280
149
48
65
89
95
361
281
279
273
48
72
89
95
411
280
278
275
49
54
62
86
270
289
283
152
49
54
78
86
271
284
282
286
49
73
78
86
414
283
290
287
49
54
69
93
330
292
286
155
49
54
78
93
331
287
285
283
49
73
78
93
417
286
293
284
49
62
70
94
390
291
289
158
49
62
86
94
392
290
288
282
49
73
86
94
420
289
293
284
49
69
70
94
390
288
292
161
49
69
93
94
391
293
291
285
49
73
93
94
423
292
290
287
50
54
59
83
337
297
295
164
50
54
78
83
338
296
294
264
50
74
78
83
426
295
299
265
50
55
59
83
318
294
298
167
50
55
79
83
319
299
297
301
50
74
79
83
429
298
296
302
50
55
61
85
346
267
301
170
50
55
79
85
347
302
300
298
50
74
79
85
432
301
268
299
51
55
56
80
340
310
304
173
51
55
79
80
341
305
303
307
51
75
79
80
435
304
311
308
51
55
58
82
342
312
307
176
51
55
79
82
344
308
306
304
51
75
79
82
438
307
314
305
51
56
57
81
364
313
310
179
51
56
80
81
365
311
309
303
51
75
80
81
441
310
314
305
51
57
58
82
342
306
313
182
51
57
81
82
343
314
312
309
51
75
81
82
444
313
308
311
52
55
57
81
343
322
316
185
52
55
79
81
344
317
315
319
52
76
79
81
447
316
323
320
52
55
59
83
297
325
319
188
52
55
79
83
298
320
318
316
52
76
79
83
450
319
326
317
52
57
62
86
367
324
322
191
52
57
81
86
368
323
321
315
52
76
81
86
453
322
326
317
52
59
62
86
379
321
325
194
52
59
83
86
380
326
324
318
52
76
83
86
456
325
323
320
53
54
60
84
336
334
328
197
53
54
78
84
338
329
327
331
53
77
78
84
459
328
335
332
53
54
69
93
285
333
331
200
53
54
78
93
286
332
330
328
53
77
78
93
462
331
335
329
53
60
69
93
384
330
334
203
53
60
84
93
386
335
333
327
53
77
84
93
465
334
332
329
54
59
60
84
376
327
337
206
54
59
83
84
377
338
336
294
54
78
83
84
468
337
328
295
55
56
67
91
363
351
340
209
55
56
80
91
365
341
339
303
55
79
80
91
471
340
353
304
55
57
58
82
312
306
343
212
55
57
81
82
313
344
342
315
55
79
81
82
474
343
307
316
55
61
65
89
273
361
346
215
55
61
85
89
274
347
345
300
55
79
85
89
477
346
362
301
55
63
66
90
369
354
349
218
55
63
87
90
370
350
348
352
55
79
87
90
480
349
356
353
55
63
67
91
372
339
352
221
55
63
87
91
373
353
351
349
55
79
87
91
483
352
341
350
55
64
66
90
394
348
355
224
55
64
88
90
395
356
354
358
55
79
88
90
486
355
350
359
55
64
71
95
393
360
358
227
55
64
88
95
395
359
357
355
55
79
88
95
489
358
362
356
55
65
71
95
279
357
361
230
55
65
89
95
280
362
360
345
55
79
89
95
492
361
359
347
56
57
67
91
372
339
364
233
56
57
81
91
374
365
363
309
56
80
81
91
495
364
340
310
57
62
66
90
388
369
367
236
57
62
86
90
389
368
366
321
57
81
86
90
498
367
371
322
57
63
66
90
348
366
370
239
57
63
87
90
349
371
369
373
57
81
87
90
501
370
368
374
57
63
67
91
351
363
373
242
57
63
87
91
352
374
372
370
57
81
87
91
504
373
364
371
59
60
68
92
381
378
376
245
59
60
84
92
383
377
375
336
59
83
84
92
507
376
380
337
59
62
68
92
381
375
379
248
59
62
86
92
382
380
378
324
59
83
86
92
510
379
377
325
60
62
68
92
378
375
382
251
60
62
86
92
379
383
381
385
60
84
86
92
513
382
376
386
60
62
69
93
391
333
385
254
60
62
86
93
392
386
384
382
60
84
86
93
516
385
334
383
62
66
71
95
393
276
388
257
62
66
90
95
394
389
387
366
62
86
90
95
519
388
277
367
62
69
70
94
291
288
391
260
62
69
93
94
292
392
390
384
62
86
93
94
522
391
289
385
64
66
71
95
387
357
394
263
64
66
90
95
388
395
393
354
64
88
90
95
525
394
358
355
72
74
78
6
427
403
397
266
72
74
2
6
428
398
396
400
72
0
2
6
0
397
404
401
72
74
85
13
432
406
400
269
72
74
2
13
434
401
399
397
72
0
2
13
3
400
407
398
72
78
86
14
414
409
403
272
72
78
6
14
415
404
402
396
72
0
6
14
6
403
410
398
72
85
89
17
477
412
406
275
72
85
13
17
478
407
405
399
72
0
13
17
9
406
413
401
72
86
95
23
519
411
409
278
72
86
14
23
521
410
408
402
72
0
14
23
12
409
413
404
72
89
95
23
492
408
412
281
72
89
17
23
493
413
411
405
72
0
17
23
15
412
410
407
73
78
86
14
402
421
415
284
73
78
6
14
403
416
414
418
73
1
6
14
18
415
422
419
73
78
93
21
462
424
418
287
73
78
6
21
463
419
417
415
73
1
6
21
21
418
425
416
73
86
94
22
522
423
421
290
73
86
14
22
524
422
420
414
73
1
14
22
24
421
425
416
73
93
94
22
522
420
424
293
73
93
21
22
523
425
423
417
73
1
21
22
27
424
422
419
74
78
83
11
469
429
427
296
74
78
6
11
470
428
426
396
74
2
6
11
30
427
431
397
74
79
83
11
450
426
430
299
74
79
7
11
451
431
429
433
74
2
7
11
33
430
428
434
74
79
85
13
478
399
433
302
74
79
7
13
479
434
432
430
74
2
7
13
36
433
400
431
75
79
80
8
472
442
436
305
75
79
7
8
473
437
435
439
75
3
7
8
39
436
443
440
75
79
82
10
474
444
439
308
75
79
7
10
476
440
438
436
75
3
7
10
42
439
446
437
75
80
81
9
496
445
442
311
75
80
8
9
497
443
441
435
75
3
8
9
45
442
446
437
75
81
82
10
474
438
445
314
75
81
9
10
475
446
444
441
75
3
9
10
48
445
440
443
76
79
81
9
475
454
448
317
76
79
7
9
476
449
447
451
76
4
7
9
51
448
455
452
76
79
83
11
429
457
451
320
76
79
7
11
430
452
450
448
76
4
7
11
54
451
458
449
76
81
86
14
499
456
454
323
76
81
9
14
500
455
453
447
76
4
9
14
57
454
458
449
76
83
86
14
511
453
457
326
76
83
11
14
512
458
456
450
76
4
11
14
60
457
455
452
77
78
84
12
468
466
460
329
77
78
6
12
470
461
459
463
77
5
6
12
63
460
467
464
77
78
93
21
417
465
463
332
77
78
6
21
418
464
462
460
77
5
6
21
66
463
467
461
77
84
93
21
516
462
466
335
77
84
12
21
518
467
465
459
77
5
12
21
69
466
464
461
78
83
84
12
508
459
469
338
78
83
11
12
509
470
468
426
78
6
11
12
72
469
460
427
79
80
91
19
495
483
472
341
79
80
8
19
497
473
471
435
79
7
8
19
75
472
485
436
79
81
82
10
444
438
475
344
79
81
9
10
445
476
474
447
79
7
9
10
78
475
439
448
79
85
89
17
405
493
478
347
79
85
13
17
406
479
477
432
79
7
13
17
81
478
494
433
79
87
90
18
501
486
481
350
79
87
15
18
502
482
480
484
79
7
15
18
84
481
488
485
79
87
91
19
504
471
484
353
79
87
15
19
505
485
483
481
79
7
15
19
87
484
473
482
79
88
90
18
526
480
487
356
79
88
16
18
527
488
486
490
79
7
16
18
90
487
482
491
79
88
95
23
525
492
490
359
79
88
16
23
527
491
489
487
79
7
16
23
93
490
494
488
79
89
95
23
411
489
493
362
79
89
17
23
412
494
492
477
79
7
17
23
96
493
491
479
80
81
91
19
504
471
496
365
80
81
9
19
506
497
495
441
80
8
9
19
99
496
472
442
81
86
90
18
520
501
499
368
81
86
14
18
521
500
498
453
81
9
14
18
102
499
503
454
81
87
90
18
480
498
502
371
81
87
15
18
481
503
501
505
81
9
15
18
105
502
500
506
81
87
91
19
483
495
505
374
81
87
15
19
484
506
504
502
81
9
15
19
108
505
496
503
83
84
92
20
513
510
508
377
83
84
12
20
515
509
507
468
83
11
12
20
111
508
512
469
83
86
92
20
513
507
511
380
83
86
14
20
514
512
510
456
83
11
14
20
114
511
509
457
84
86
92
20
510
507
514
383
84
86
14
20
511
515
513
517
84
12
14
20
117
514
508
518
84
86
93
21
523
465
517
386
84
86
14
21
524
518
516
514
84
12
14
21
120
517
466
515
86
90
95
23
525
408
520
389
86
90
18
23
526
521
519
498
86
14
18
23
123
520
409
499
86
93
94
22
423
420
523
392
86
93
21
22
424
524
522
516
86
14
21
22
126
523
421
517
88
90
95
23
519
489
526
395
88
90
18
23
520
527
525
486
88
16
18
23
129
526
490
487
528
