1
96
0
0
0
0
0
0
0
0
0
0
0
0
0
0
0
0
0
0
0
0
0
0
0
0
1
1
1
1
1
1
1
1
1
1
1
1
1
1
1
1
1
1
1
1
1
1
1
1
2
2
2
2
2
2
2
2
2
2
2
2
2
2
2
2
2
2
2
2
2
2
2
2
3
3
3
3
3
3
3
3
3
3
3
3
3
3
3
3
3
3
3
3
3
3
3
3
96
528
0
7
17
41
87
7
1
398
0
7
31
41
89
2
0
4
0
24
31
41
132
1
8
5
0
7
23
47
45
6
4
401
0
7
31
47
46
5
3
1
0
24
31
47
135
4
8
2
0
17
23
47
48
3
7
404
0
17
41
47
49
8
6
0
0
24
41
47
138
7
5
2
1
2
7
31
46
25
10
407
1
2
26
31
47
11
9
13
1
25
26
31
141
10
26
14
1
2
17
41
49
40
13
410
1
2
26
41
50
14
12
10
1
25
26
41
144
13
41
11
1
3
5
29
52
22
16
413
1
3
27
29
53
17
15
19
1
25
27
29
147
16
23
20
1
3
10
34
54
28
19
416
1
3
27
34
56
20
18
16
1
25
27
34
150
19
29
17
1
5
22
46
78
36
22
419
1
5
29
46
80
23
21
15
1
25
29
46
153
22
38
17
1
7
16
40
88
33
25
422
1
7
31
40
89
26
24
9
1
25
31
40
156
25
35
11
1
10
21
45
117
42
28
425
1
10
34
45
119
29
27
18
1
25
34
45
159
28
44
20
1
11
15
39
81
37
31
428
1
11
35
39
82
32
30
34
1
25
35
39
162
31
38
35
1
11
16
40
69
24
34
431
1
11
35
40
70
35
33
31
1
25
35
40
165
34
26
32
1
15
22
46
84
21
37
434
1
15
39
46
85
38
36
30
1
25
39
46
168
37
23
32
1
17
19
43
129
43
40
437
1
17
41
43
130
41
39
12
1
25
41
43
171
40
44
14
1
19
21
45
117
27
43
440
1
19
43
45
118
44
42
39
1
25
43
45
174
43
29
41
2
7
23
47
3
48
46
443
2
7
31
47
4
47
45
9
2
26
31
47
177
46
50
10
2
17
23
47
6
45
49
446
2
17
41
47
7
50
48
12
2
26
41
47
180
49
47
13
3
5
9
33
75
61
52
449
3
5
29
33
77
53
51
15
3
27
29
33
183
52
62
16
3
8
10
34
94
18
55
452
3
8
32
34
95
56
54
58
3
27
32
34
186
55
19
59
3
8
12
36
97
60
58
455
3
8
32
36
98
59
57
55
3
27
32
36
189
58
62
56
3
9
12
36
112
57
61
458
3
9
33
36
113
62
60
51
3
27
33
36
192
61
59
53
4
6
11
35
82
70
64
461
4
6
30
35
83
65
63
67
4
28
30
35
195
64
71
68
4
6
22
46
84
72
67
464
4
6
30
46
86
68
66
64
4
28
30
46
198
67
74
65
4
11
16
40
33
73
70
467
4
11
35
40
34
71
69
63
4
28
35
40
201
70
74
65
4
16
22
46
108
66
73
470
4
16
40
46
109
74
72
69
4
28
40
46
204
73
68
71
5
8
9
33
91
51
76
473
5
8
32
33
92
77
75
79
5
29
32
33
207
76
52
80
5
8
22
46
108
21
79
476
5
8
32
46
110
80
78
76
5
29
32
46
210
79
22
77
6
11
15
39
30
85
82
479
6
11
35
39
31
83
81
63
6
30
35
39
213
82
86
64
6
15
22
46
36
66
85
482
6
15
39
46
37
86
84
81
6
30
39
46
216
85
67
83
7
16
17
41
130
0
88
485
7
16
40
41
131
89
87
24
7
31
40
41
219
88
1
25
8
9
20
44
111
102
91
488
8
9
33
44
113
92
90
75
8
32
33
44
222
91
104
76
8
10
16
40
115
109
94
491
8
10
34
40
116
95
93
54
8
32
34
40
225
94
110
55
8
12
14
38
127
106
97
494
8
12
36
38
128
98
96
57
8
32
36
38
228
97
107
58
8
13
18
42
120
105
100
497
8
13
37
42
121
101
99
103
8
32
37
42
231
100
107
104
8
13
20
44
123
90
103
500
8
13
37
44
124
104
102
100
8
32
37
44
234
103
92
101
8
14
18
42
126
99
106
503
8
14
38
42
127
107
105
96
8
32
38
42
237
106
101
98
8
16
22
46
72
78
109
506
8
16
40
46
73
110
108
93
8
32
40
46
240
109
79
95
9
12
20
44
123
90
112
509
9
12
36
44
125
113
111
60
9
33
36
44
243
112
91
61
10
16
19
43
129
118
115
512
10
16
40
43
131
116
114
93
10
34
40
43
246
115
119
94
10
19
21
45
42
27
118
515
10
19
43
45
43
119
117
114
10
34
43
45
249
118
28
116
12
13
18
42
99
126
121
518
12
13
37
42
100
122
120
124
12
36
37
42
252
121
128
125
12
13
20
44
102
111
124
521
12
13
37
44
103
125
123
121
12
36
37
44
255
124
112
122
12
14
18
42
105
120
127
524
12
14
38
42
106
128
126
96
12
36
38
42
258
127
122
97
16
17
19
43
39
114
130
527
16
17
41
43
40
131
129
87
16
40
41
43
261
130
115
88
24
31
41
65
219
139
133
2
24
31
55
65
221
134
132
136
24
48
55
65
264
133
140
137
24
31
47
71
177
138
136
5
24
31
55
71
178
137
135
133
24
48
55
71
267
136
140
134
24
41
47
71
180
135
139
8
24
41
65
71
181
140
138
132
24
48
65
71
270
139
137
134
25
26
31
55
178
157
142
11
25
26
50
55
179
143
141
145
25
49
50
55
273
142
158
146
25
26
41
65
181
172
145
14
25
26
50
65
182
146
144
142
25
49
50
65
276
145
173
143
25
27
29
53
184
154
148
17
25
27
51
53
185
149
147
151
25
49
51
53
279
148
155
152
25
27
34
58
186
160
151
20
25
27
51
58
188
152
150
148
25
49
51
58
282
151
161
149
25
29
46
70
210
168
154
23
25
29
53
70
212
155
153
147
25
49
53
70
285
154
170
149
25
31
40
64
220
165
157
26
25
31
55
64
221
158
156
141
25
49
55
64
288
157
167
143
25
34
45
69
249
174
160
29
25
34
58
69
251
161
159
150
25
49
58
69
291
160
176
152
25
35
39
63
213
169
163
32
25
35
59
63
214
164
162
166
25
49
59
63
294
163
170
167
25
35
40
64
201
156
166
35
25
35
59
64
202
167
165
163
25
49
59
64
297
166
158
164
25
39
46
70
216
153
169
38
25
39
63
70
217
170
168
162
25
49
63
70
300
169
155
164
25
41
43
67
261
175
172
41
25
41
65
67
262
173
171
144
25
49
65
67
303
172
176
146
25
43
45
69
249
159
175
44
25
43
67
69
250
176
174
171
25
49
67
69
306
175
161
173
26
31
47
71
135
180
178
47
26
31
55
71
136
179
177
141
26
50
55
71
309
178
182
142
26
41
47
71
138
177
181
50
26
41
65
71
139
182
180
144
26
50
65
71
312
181
179
145
27
29
33
57
207
193
184
53
27
29
53
57
209
185
183
147
27
51
53
57
315
184
194
148
27
32
34
58
226
150
187
56
27
32
56
58
227
188
186
190
27
51
56
58
318
187
151
191
27
32
36
60
229
192
190
59
27
32
56
60
230
191
189
187
27
51
56
60
321
190
194
188
27
33
36
60
244
189
193
62
27
33
57
60
245
194
192
183
27
51
57
60
324
193
191
185
28
30
35
59
214
202
196
65
28
30
54
59
215
197
195
199
28
52
54
59
327
196
203
200
28
30
46
70
216
204
199
68
28
30
54
70
218
200
198
196
28
52
54
70
330
199
206
197
28
35
40
64
165
205
202
71
28
35
59
64
166
203
201
195
28
52
59
64
333
202
206
197
28
40
46
70
240
198
205
74
28
40
64
70
241
206
204
201
28
52
64
70
336
205
200
203
29
32
33
57
223
183
208
77
29
32
56
57
224
209
207
211
29
53
56
57
339
208
184
212
29
32
46
70
240
153
211
80
29
32
56
70
242
212
210
208
29
53
56
70
342
211
154
209
30
35
39
63
162
217
214
83
30
35
59
63
163
215
213
195
30
54
59
63
345
214
218
196
30
39
46
70
168
198
217
86
30
39
63
70
169
218
216
213
30
54
63
70
348
217
199
215
31
40
41
65
262
132
220
89
31
40
64
65
263
221
219
156
31
55
64
65
351
220
133
157
32
33
44
68
243
234
223
92
32
33
57
68
245
224
222
207
32
56
57
68
354
223
236
208
32
34
40
64
247
241
226
95
32
34
58
64
248
227
225
186
32
56
58
64
357
226
242
187
32
36
38
62
259
238
229
98
32
36
60
62
260
230
228
189
32
56
60
62
360
229
239
190
32
37
42
66
252
237
232
101
32
37
61
66
253
233
231
235
32
56
61
66
363
232
239
236
32
37
44
68
255
222
235
104
32
37
61
68
256
236
234
232
32
56
61
68
366
235
224
233
32
38
42
66
258
231
238
107
32
38
62
66
259
239
237
228
32
56
62
66
369
238
233
230
32
40
46
70
204
210
241
110
32
40
64
70
205
242
240
225
32
56
64
70
372
241
211
227
33
36
44
68
255
222
244
113
33
36
60
68
257
245
243
192
33
57
60
68
375
244
223
193
34
40
43
67
261
250
247
116
34
40
64
67
263
248
246
225
34
58
64
67
378
247
251
226
34
43
45
69
174
159
250
119
34
43
67
69
175
251
249
246
34
58
67
69
381
250
160
248
36
37
42
66
231
258
253
122
36
37
61
66
232
254
252
256
36
60
61
66
384
253
260
257
36
37
44
68
234
243
256
125
36
37
61
68
235
257
255
253
36
60
61
68
387
256
244
254
36
38
42
66
237
252
259
128
36
38
62
66
238
260
258
228
36
60
62
66
390
259
254
229
40
41
43
67
171
246
262
131
40
41
65
67
172
263
261
219
40
64
65
67
393
262
247
220
48
55
65
89
351
271
265
134
48
55
79
89
353
266
264
268
48
72
79
89
396
265
272
269
48
55
71
95
309
270
268
137
48
55
79
95
310
269
267
265
48
72
79
95
399
268
272
266
48
65
71
95
312
267
271
140
48
65
89
95
313
272
270
264
48
72
89
95
402
271
269
266
49
50
55
79
310
289
274
143
49
50
74
79
311
275
273
277
49
73
74
79
405
274
290
278
49
50
65
89
313
304
277
146
49
50
74
89
314
278
276
274
49
73
74
89
408
277
305
275
49
51
53
77
316
286
280
149
49
51
75
77
317
281
279
283
49
73
75
77
411
280
287
284
49
51
58
82
318
292
283
152
49
51
75
82
320
284
282
280
49
73
75
82
414
283
293
281
49
53
70
94
342
300
286
155
49
53
77
94
344
287
285
279
49
73
77
94
417
286
302
281
49
55
64
88
352
297
289
158
49
55
79
88
353
290
288
273
49
73
79
88
420
289
299
275
49
58
69
93
381
306
292
161
49
58
82
93
383
293
291
282
49
73
82
93
423
292
308
284
49
59
63
87
345
301
295
164
49
59
83
87
346
296
294
298
49
73
83
87
426
295
302
299
49
59
64
88
333
288
298
167
49
59
83
88
334
299
297
295
49
73
83
88
429
298
290
296
49
63
70
94
348
285
301
170
49
63
87
94
349
302
300
294
49
73
87
94
432
301
287
296
49
65
67
91
393
307
304
173
49
65
89
91
394
305
303
276
49
73
89
91
435
304
308
278
49
67
69
93
381
291
307
176
49
67
91
93
382
308
306
303
49
73
91
93
438
307
293
305
50
55
71
95
267
312
310
179
50
55
79
95
268
311
309
273
50
74
79
95
441
310
314
274
50
65
71
95
270
309
313
182
50
65
89
95
271
314
312
276
50
74
89
95
444
313
311
277
51
53
57
81
339
325
316
185
51
53
77
81
341
317
315
279
51
75
77
81
447
316
326
280
51
56
58
82
358
282
319
188
51
56
80
82
359
320
318
322
51
75
80
82
450
319
283
323
51
56
60
84
361
324
322
191
51
56
80
84
362
323
321
319
51
75
80
84
453
322
326
320
51
57
60
84
376
321
325
194
51
57
81
84
377
326
324
315
51
75
81
84
456
325
323
317
52
54
59
83
346
334
328
197
52
54
78
83
347
329
327
331
52
76
78
83
459
328
335
332
52
54
70
94
348
336
331
200
52
54
78
94
350
332
330
328
52
76
78
94
462
331
338
329
52
59
64
88
297
337
334
203
52
59
83
88
298
335
333
327
52
76
83
88
465
334
338
329
52
64
70
94
372
330
337
206
52
64
88
94
373
338
336
333
52
76
88
94
468
337
332
335
53
56
57
81
355
315
340
209
53
56
80
81
356
341
339
343
53
77
80
81
471
340
316
344
53
56
70
94
372
285
343
212
53
56
80
94
374
344
342
340
53
77
80
94
474
343
286
341
54
59
63
87
294
349
346
215
54
59
83
87
295
347
345
327
54
78
83
87
477
346
350
328
54
63
70
94
300
330
349
218
54
63
87
94
301
350
348
345
54
78
87
94
480
349
331
347
55
64
65
89
394
264
352
221
55
64
88
89
395
353
351
288
55
79
88
89
483
352
265
289
56
57
68
92
375
366
355
224
56
57
81
92
377
356
354
339
56
80
81
92
486
355
368
340
56
58
64
88
379
373
358
227
56
58
82
88
380
359
357
318
56
80
82
88
489
358
374
319
56
60
62
86
391
370
361
230
56
60
84
86
392
362
360
321
56
80
84
86
492
361
371
322
56
61
66
90
384
369
364
233
56
61
85
90
385
365
363
367
56
80
85
90
495
364
371
368
56
61
68
92
387
354
367
236
56
61
85
92
388
368
366
364
56
80
85
92
498
367
356
365
56
62
66
90
390
363
370
239
56
62
86
90
391
371
369
360
56
80
86
90
501
370
365
362
56
64
70
94
336
342
373
242
56
64
88
94
337
374
372
357
56
80
88
94
504
373
343
359
57
60
68
92
387
354
376
245
57
60
84
92
389
377
375
324
57
81
84
92
507
376
355
325
58
64
67
91
393
382
379
248
58
64
88
91
395
380
378
357
58
82
88
91
510
379
383
358
58
67
69
93
306
291
382
251
58
67
91
93
307
383
381
378
58
82
91
93
513
382
292
380
60
61
66
90
363
390
385
254
60
61
85
90
364
386
384
388
60
84
85
90
516
385
392
389
60
61
68
92
366
375
388
257
60
61
85
92
367
389
387
385
60
84
85
92
519
388
376
386
60
62
66
90
369
384
391
260
60
62
86
90
370
392
390
360
60
84
86
90
522
391
386
361
64
65
67
91
303
378
394
263
64
65
89
91
304
395
393
351
64
88
89
91
525
394
379
352
72
79
89
17
483
403
397
266
72
79
7
17
485
398
396
400
72
0
7
17
0
397
404
401
72
79
95
23
441
402
400
269
72
79
7
23
442
401
399
397
72
0
7
23
3
400
404
398
72
89
95
23
444
399
403
272
72
89
17
23
445
404
402
396
72
0
17
23
6
403
401
398
73
74
79
7
442
421
406
275
73
74
2
7
443
407
405
409
73
1
2
7
9
406
422
410
73
74
89
17
445
436
409
278
73
74
2
17
446
410
408
406
73
1
2
17
12
409
437
407
73
75
77
5
448
418
412
281
73
75
3
5
449
413
411
415
73
1
3
5
15
412
419
416
73
75
82
10
450
424
415
284
73
75
3
10
452
416
414
412
73
1
3
10
18
415
425
413
73
77
94
22
474
432
418
287
73
77
5
22
476
419
417
411
73
1
5
22
21
418
434
413
73
79
88
16
484
429
421
290
73
79
7
16
485
422
420
405
73
1
7
16
24
421
431
407
73
82
93
21
513
438
424
293
73
82
10
21
515
425
423
414
73
1
10
21
27
424
440
416
73
83
87
15
477
433
427
296
73
83
11
15
478
428
426
430
73
1
11
15
30
427
434
431
73
83
88
16
465
420
430
299
73
83
11
16
466
431
429
427
73
1
11
16
33
430
422
428
73
87
94
22
480
417
433
302
73
87
15
22
481
434
432
426
73
1
15
22
36
433
419
428
73
89
91
19
525
439
436
305
73
89
17
19
526
437
435
408
73
1
17
19
39
436
440
410
73
91
93
21
513
423
439
308
73
91
19
21
514
440
438
435
73
1
19
21
42
439
425
437
74
79
95
23
399
444
442
311
74
79
7
23
400
443
441
405
74
2
7
23
45
442
446
406
74
89
95
23
402
441
445
314
74
89
17
23
403
446
444
408
74
2
17
23
48
445
443
409
75
77
81
9
471
457
448
317
75
77
5
9
473
449
447
411
75
3
5
9
51
448
458
412
75
80
82
10
490
414
451
320
75
80
8
10
491
452
450
454
75
3
8
10
54
451
415
455
75
80
84
12
493
456
454
323
75
80
8
12
494
455
453
451
75
3
8
12
57
454
458
452
75
81
84
12
508
453
457
326
75
81
9
12
509
458
456
447
75
3
9
12
60
457
455
449
76
78
83
11
478
466
460
329
76
78
6
11
479
461
459
463
76
4
6
11
63
460
467
464
76
78
94
22
480
468
463
332
76
78
6
22
482
464
462
460
76
4
6
22
66
463
470
461
76
83
88
16
429
469
466
335
76
83
11
16
430
467
465
459
76
4
11
16
69
466
470
461
76
88
94
22
504
462
469
338
76
88
16
22
505
470
468
465
76
4
16
22
72
469
464
467
77
80
81
9
487
447
472
341
77
80
8
9
488
473
471
475
77
5
8
9
75
472
448
476
77
80
94
22
504
417
475
344
77
80
8
22
506
476
474
472
77
5
8
22
78
475
418
473
78
83
87
15
426
481
478
347
78
83
11
15
427
479
477
459
78
6
11
15
81
478
482
460
78
87
94
22
432
462
481
350
78
87
15
22
433
482
480
477
78
6
15
22
84
481
463
479
79
88
89
17
526
396
484
353
79
88
16
17
527
485
483
420
79
7
16
17
87
484
397
421
80
81
92
20
507
498
487
356
80
81
9
20
509
488
486
471
80
8
9
20
90
487
500
472
80
82
88
16
511
505
490
359
80
82
10
16
512
491
489
450
80
8
10
16
93
490
506
451
80
84
86
14
523
502
493
362
80
84
12
14
524
494
492
453
80
8
12
14
96
493
503
454
80
85
90
18
516
501
496
365
80
85
13
18
517
497
495
499
80
8
13
18
99
496
503
500
80
85
92
20
519
486
499
368
80
85
13
20
520
500
498
496
80
8
13
20
102
499
488
497
80
86
90
18
522
495
502
371
80
86
14
18
523
503
501
492
80
8
14
18
105
502
497
494
80
88
94
22
468
474
505
374
80
88
16
22
469
506
504
489
80
8
16
22
108
505
475
491
81
84
92
20
519
486
508
377
81
84
12
20
521
509
507
456
81
9
12
20
111
508
487
457
82
88
91
19
525
514
511
380
82
88
16
19
527
512
510
489
82
10
16
19
114
511
515
490
82
91
93
21
438
423
514
383
82
91
19
21
439
515
513
510
82
10
19
21
117
514
424
512
84
85
90
18
495
522
517
386
84
85
13
18
496
518
516
520
84
12
13
18
120
517
524
521
84
85
92
20
498
507
520
389
84
85
13
20
499
521
519
517
84
12
13
20
123
520
508
518
84
86
90
18
501
516
523
392
84
86
14
18
502
524
522
492
84
12
14
18
126
523
518
493
88
89
91
19
435
510
526
395
88
89
17
19
436
527
525
483
88
16
17
19
129
526
511
484
528
