1
96
0
0
0
0
0
0
0
0
0
0
0
0
0
0
0
0
0
0
0
0
0
0
0
0
1
1
1
1
1
1
1
1
1
1
1
1
1
1
1
1
1
1
1
1
1
1
1
1
2
2
2
2
2
2
2
2
2
2
2
2
2
2
2
2
2
2
2
2
2
2
2
2
3
3
3
3
3
3
3
3
3
3
3
3
3
3
3
3
3
3
3
3
3
3
3
3
96
528
0
1
2
26
28
7
1
398
0
1
25
26
29
2
0
4
0
24
25
26
132
1
8
5
0
1
14
38
49
9
4
401
0
1
25
38
50
5
3
1
0
24
25
38
135
4
11
2
0
2
16
40
66
18
7
404
0
2
26
40
68
8
6
0
0
24
26
40
138
7
20
2
0
3
14
38
94
3
10
407
0
3
27
38
95
11
9
13
0
24
27
38
141
10
5
14
0
3
15
39
90
24
13
410
0
3
27
39
92
14
12
10
0
24
27
39
144
13
26
11
0
7
8
32
106
22
16
413
0
7
31
32
107
17
15
19
0
24
31
32
147
16
23
20
0
7
16
40
66
6
19
416
0
7
31
40
67
20
18
16
0
24
31
40
150
19
8
17
0
8
13
37
81
25
22
419
0
8
32
37
82
23
21
15
0
24
32
37
153
22
26
17
0
13
15
39
90
12
25
422
0
13
37
39
91
26
24
21
0
24
37
39
156
25
14
23
1
2
6
30
63
46
28
425
1
2
26
30
65
29
27
0
1
25
26
30
159
28
47
1
1
3
4
28
54
37
31
428
1
3
27
28
55
32
30
34
1
25
27
28
162
31
38
35
1
3
21
45
93
48
34
431
1
3
27
45
95
35
33
31
1
25
27
45
165
34
50
32
1
4
22
46
99
51
37
434
1
4
28
46
101
38
36
30
1
25
28
46
168
37
53
32
1
5
12
36
102
45
40
437
1
5
29
36
104
41
39
43
1
25
29
36
171
40
47
44
1
5
20
44
96
52
43
440
1
5
29
44
97
44
42
40
1
25
29
44
174
43
53
41
1
6
12
36
102
39
46
443
1
6
30
36
103
47
45
27
1
25
30
36
177
46
41
29
1
14
21
45
93
33
49
446
1
14
38
45
94
50
48
3
1
25
38
45
180
49
35
4
1
20
22
46
99
36
52
449
1
20
44
46
100
53
51
42
1
25
44
46
183
52
38
44
2
3
4
28
30
61
55
452
2
3
27
28
31
56
54
58
2
26
27
28
186
55
62
59
2
3
9
33
88
73
58
455
2
3
27
33
89
59
57
55
2
26
27
33
189
58
74
56
2
4
5
29
97
64
61
458
2
4
28
29
98
62
60
54
2
26
28
29
192
61
65
56
2
5
6
30
103
27
64
461
2
5
29
30
104
65
63
60
2
26
29
30
195
64
28
62
2
7
16
40
18
6
67
464
2
7
31
40
19
68
66
70
2
26
31
40
198
67
7
71
2
7
17
41
111
72
70
467
2
7
31
41
113
71
69
67
2
26
31
41
201
70
74
68
2
9
17
41
111
69
73
470
2
9
33
41
112
74
72
57
2
26
33
41
204
73
71
59
3
7
10
34
115
87
76
473
3
7
31
34
116
77
75
79
3
27
31
34
207
76
89
80
3
7
18
42
118
84
79
476
3
7
31
42
119
80
78
76
3
27
31
42
210
79
86
77
3
8
13
37
21
91
82
479
3
8
32
37
22
83
81
85
3
27
32
37
213
82
92
86
3
8
18
42
124
78
85
482
3
8
32
42
125
86
84
82
3
27
32
42
216
85
80
83
3
9
10
34
127
75
88
485
3
9
33
34
128
89
87
57
3
27
33
34
219
88
77
58
3
13
15
39
24
12
91
488
3
13
37
39
25
92
90
81
3
27
37
39
222
91
13
83
3
14
21
45
48
33
94
491
3
14
38
45
49
95
93
9
3
27
38
45
225
94
34
10
4
5
20
44
42
100
97
494
4
5
29
44
43
98
96
60
4
28
29
44
228
97
101
61
4
20
22
46
51
36
100
497
4
20
44
46
52
101
99
96
4
28
44
46
231
100
37
98
5
6
12
36
45
39
103
500
5
6
30
36
46
104
102
63
5
29
30
36
234
103
40
64
7
8
19
43
123
121
106
503
7
8
32
43
125
107
105
15
7
31
32
43
237
106
122
16
7
9
11
35
126
114
109
506
7
9
33
35
128
110
108
112
7
31
33
35
240
109
116
113
7
9
17
41
72
69
112
509
7
9
33
41
73
113
111
109
7
31
33
41
243
112
70
110
7
10
11
35
126
108
115
512
7
10
34
35
127
116
114
75
7
31
34
35
246
115
110
76
7
18
23
47
129
120
118
515
7
18
42
47
131
119
117
78
7
31
42
47
249
118
122
79
7
19
23
47
129
117
121
518
7
19
43
47
130
122
120
105
7
31
43
47
252
121
119
107
8
18
19
43
130
105
124
521
8
18
42
43
131
125
123
84
8
32
42
43
255
124
106
85
9
10
11
35
114
108
127
524
9
10
34
35
115
128
126
87
9
33
34
35
258
127
109
88
18
19
23
47
120
117
130
527
18
19
43
47
121
131
129
123
18
42
43
47
261
130
118
124
24
25
26
50
160
139
133
2
24
25
49
50
161
134
132
136
24
48
49
50
264
133
140
137
24
25
38
62
181
141
136
5
24
25
49
62
182
137
135
133
24
48
49
62
267
136
143
134
24
26
40
64
198
150
139
8
24
26
50
64
200
140
138
132
24
48
50
64
270
139
152
134
24
27
38
62
226
135
142
11
24
27
51
62
227
143
141
145
24
48
51
62
273
142
137
146
24
27
39
63
222
156
145
14
24
27
51
63
224
146
144
142
24
48
51
63
276
145
158
143
24
31
32
56
238
154
148
17
24
31
55
56
239
149
147
151
24
48
55
56
279
148
155
152
24
31
40
64
198
138
151
20
24
31
55
64
199
152
150
148
24
48
55
64
282
151
140
149
24
32
37
61
213
157
154
23
24
32
56
61
214
155
153
147
24
48
56
61
285
154
158
149
24
37
39
63
222
144
157
26
24
37
61
63
223
158
156
153
24
48
61
63
288
157
146
155
25
26
30
54
195
178
160
29
25
26
50
54
197
161
159
132
25
49
50
54
291
160
179
133
25
27
28
52
186
169
163
32
25
27
51
52
187
164
162
166
25
49
51
52
294
163
170
167
25
27
45
69
225
180
166
35
25
27
51
69
227
167
165
163
25
49
51
69
297
166
182
164
25
28
46
70
231
183
169
38
25
28
52
70
233
170
168
162
25
49
52
70
300
169
185
164
25
29
36
60
234
177
172
41
25
29
53
60
236
173
171
175
25
49
53
60
303
172
179
176
25
29
44
68
228
184
175
44
25
29
53
68
229
176
174
172
25
49
53
68
306
175
185
173
25
30
36
60
234
171
178
47
25
30
54
60
235
179
177
159
25
49
54
60
309
178
173
161
25
38
45
69
225
165
181
50
25
38
62
69
226
182
180
135
25
49
62
69
312
181
167
136
25
44
46
70
231
168
184
53
25
44
68
70
232
185
183
174
25
49
68
70
315
184
170
176
26
27
28
52
162
193
187
56
26
27
51
52
163
188
186
190
26
50
51
52
318
187
194
191
26
27
33
57
220
205
190
59
26
27
51
57
221
191
189
187
26
50
51
57
321
190
206
188
26
28
29
53
229
196
193
62
26
28
52
53
230
194
192
186
26
50
52
53
324
193
197
188
26
29
30
54
235
159
196
65
26
29
53
54
236
197
195
192
26
50
53
54
327
196
160
194
26
31
40
64
150
138
199
68
26
31
55
64
151
200
198
202
26
50
55
64
330
199
139
203
26
31
41
65
243
204
202
71
26
31
55
65
245
203
201
199
26
50
55
65
333
202
206
200
26
33
41
65
243
201
205
74
26
33
57
65
244
206
204
189
26
50
57
65
336
205
203
191
27
31
34
58
247
219
208
77
27
31
55
58
248
209
207
211
27
51
55
58
339
208
221
212
27
31
42
66
250
216
211
80
27
31
55
66
251
212
210
208
27
51
55
66
342
211
218
209
27
32
37
61
153
223
214
83
27
32
56
61
154
215
213
217
27
51
56
61
345
214
224
218
27
32
42
66
256
210
217
86
27
32
56
66
257
218
216
214
27
51
56
66
348
217
212
215
27
33
34
58
259
207
220
89
27
33
57
58
260
221
219
189
27
51
57
58
351
220
209
190
27
37
39
63
156
144
223
92
27
37
61
63
157
224
222
213
27
51
61
63
354
223
145
215
27
38
45
69
180
165
226
95
27
38
62
69
181
227
225
141
27
51
62
69
357
226
166
142
28
29
44
68
174
232
229
98
28
29
53
68
175
230
228
192
28
52
53
68
360
229
233
193
28
44
46
70
183
168
232
101
28
44
68
70
184
233
231
228
28
52
68
70
363
232
169
230
29
30
36
60
177
171
235
104
29
30
54
60
178
236
234
195
29
53
54
60
366
235
172
196
31
32
43
67
255
253
238
107
31
32
56
67
257
239
237
147
31
55
56
67
369
238
254
148
31
33
35
59
258
246
241
110
31
33
57
59
260
242
240
244
31
55
57
59
372
241
248
245
31
33
41
65
204
201
244
113
31
33
57
65
205
245
243
241
31
55
57
65
375
244
202
242
31
34
35
59
258
240
247
116
31
34
58
59
259
248
246
207
31
55
58
59
378
247
242
208
31
42
47
71
261
252
250
119
31
42
66
71
263
251
249
210
31
55
66
71
381
250
254
211
31
43
47
71
261
249
253
122
31
43
67
71
262
254
252
237
31
55
67
71
384
253
251
239
32
42
43
67
262
237
256
125
32
42
66
67
263
257
255
216
32
56
66
67
387
256
238
217
33
34
35
59
246
240
259
128
33
34
58
59
247
260
258
219
33
57
58
59
390
259
241
220
42
43
47
71
252
249
262
131
42
43
67
71
253
263
261
255
42
66
67
71
393
262
250
256
48
49
50
74
292
271
265
134
48
49
73
74
293
266
264
268
48
72
73
74
396
265
272
269
48
49
62
86
313
273
268
137
48
49
73
86
314
269
267
265
48
72
73
86
399
268
275
266
48
50
64
88
330
282
271
140
48
50
74
88
332
272
270
264
48
72
74
88
402
271
284
266
48
51
62
86
358
267
274
143
48
51
75
86
359
275
273
277
48
72
75
86
405
274
269
278
48
51
63
87
354
288
277
146
48
51
75
87
356
278
276
274
48
72
75
87
408
277
290
275
48
55
56
80
370
286
280
149
48
55
79
80
371
281
279
283
48
72
79
80
411
280
287
284
48
55
64
88
330
270
283
152
48
55
79
88
331
284
282
280
48
72
79
88
414
283
272
281
48
56
61
85
345
289
286
155
48
56
80
85
346
287
285
279
48
72
80
85
417
286
290
281
48
61
63
87
354
276
289
158
48
61
85
87
355
290
288
285
48
72
85
87
420
289
278
287
49
50
54
78
327
310
292
161
49
50
74
78
329
293
291
264
49
73
74
78
423
292
311
265
49
51
52
76
318
301
295
164
49
51
75
76
319
296
294
298
49
73
75
76
426
295
302
299
49
51
69
93
357
312
298
167
49
51
75
93
359
299
297
295
49
73
75
93
429
298
314
296
49
52
70
94
363
315
301
170
49
52
76
94
365
302
300
294
49
73
76
94
432
301
317
296
49
53
60
84
366
309
304
173
49
53
77
84
368
305
303
307
49
73
77
84
435
304
311
308
49
53
68
92
360
316
307
176
49
53
77
92
361
308
306
304
49
73
77
92
438
307
317
305
49
54
60
84
366
303
310
179
49
54
78
84
367
311
309
291
49
73
78
84
441
310
305
293
49
62
69
93
357
297
313
182
49
62
86
93
358
314
312
267
49
73
86
93
444
313
299
268
49
68
70
94
363
300
316
185
49
68
92
94
364
317
315
306
49
73
92
94
447
316
302
308
50
51
52
76
294
325
319
188
50
51
75
76
295
320
318
322
50
74
75
76
450
319
326
323
50
51
57
81
352
337
322
191
50
51
75
81
353
323
321
319
50
74
75
81
453
322
338
320
50
52
53
77
361
328
325
194
50
52
76
77
362
326
324
318
50
74
76
77
456
325
329
320
50
53
54
78
367
291
328
197
50
53
77
78
368
329
327
324
50
74
77
78
459
328
292
326
50
55
64
88
282
270
331
200
50
55
79
88
283
332
330
334
50
74
79
88
462
331
271
335
50
55
65
89
375
336
334
203
50
55
79
89
377
335
333
331
50
74
79
89
465
334
338
332
50
57
65
89
375
333
337
206
50
57
81
89
376
338
336
321
50
74
81
89
468
337
335
323
51
55
58
82
379
351
340
209
51
55
79
82
380
341
339
343
51
75
79
82
471
340
353
344
51
55
66
90
382
348
343
212
51
55
79
90
383
344
342
340
51
75
79
90
474
343
350
341
51
56
61
85
285
355
346
215
51
56
80
85
286
347
345
349
51
75
80
85
477
346
356
350
51
56
66
90
388
342
349
218
51
56
80
90
389
350
348
346
51
75
80
90
480
349
344
347
51
57
58
82
391
339
352
221
51
57
81
82
392
353
351
321
51
75
81
82
483
352
341
322
51
61
63
87
288
276
355
224
51
61
85
87
289
356
354
345
51
75
85
87
486
355
277
347
51
62
69
93
312
297
358
227
51
62
86
93
313
359
357
273
51
75
86
93
489
358
298
274
52
53
68
92
306
364
361
230
52
53
77
92
307
362
360
324
52
76
77
92
492
361
365
325
52
68
70
94
315
300
364
233
52
68
92
94
316
365
363
360
52
76
92
94
495
364
301
362
53
54
60
84
309
303
367
236
53
54
78
84
310
368
366
327
53
77
78
84
498
367
304
328
55
56
67
91
387
385
370
239
55
56
80
91
389
371
369
279
55
79
80
91
501
370
386
280
55
57
59
83
390
378
373
242
55
57
81
83
392
374
372
376
55
79
81
83
504
373
380
377
55
57
65
89
336
333
376
245
55
57
81
89
337
377
375
373
55
79
81
89
507
376
334
374
55
58
59
83
390
372
379
248
55
58
82
83
391
380
378
339
55
79
82
83
510
379
374
340
55
66
71
95
393
384
382
251
55
66
90
95
395
383
381
342
55
79
90
95
513
382
386
343
55
67
71
95
393
381
385
254
55
67
91
95
394
386
384
369
55
79
91
95
516
385
383
371
56
66
67
91
394
369
388
257
56
66
90
91
395
389
387
348
56
80
90
91
519
388
370
349
57
58
59
83
378
372
391
260
57
58
82
83
379
392
390
351
57
81
82
83
522
391
373
352
66
67
71
95
384
381
394
263
66
67
91
95
385
395
393
387
66
90
91
95
525
394
382
388
72
73
74
2
424
403
397
266
72
73
1
2
425
398
396
400
72
0
1
2
0
397
404
401
72
73
86
14
445
405
400
269
72
73
1
14
446
401
399
397
72
0
1
14
3
400
407
398
72
74
88
16
462
414
403
272
72
74
2
16
464
404
402
396
72
0
2
16
6
403
416
398
72
75
86
14
490
399
406
275
72
75
3
14
491
407
405
409
72
0
3
14
9
406
401
410
72
75
87
15
486
420
409
278
72
75
3
15
488
410
408
406
72
0
3
15
12
409
422
407
72
79
80
8
502
418
412
281
72
79
7
8
503
413
411
415
72
0
7
8
15
412
419
416
72
79
88
16
462
402
415
284
72
79
7
16
463
416
414
412
72
0
7
16
18
415
404
413
72
80
85
13
477
421
418
287
72
80
8
13
478
419
417
411
72
0
8
13
21
418
422
413
72
85
87
15
486
408
421
290
72
85
13
15
487
422
420
417
72
0
13
15
24
421
410
419
73
74
78
6
459
442
424
293
73
74
2
6
461
425
423
396
73
1
2
6
27
424
443
397
73
75
76
4
450
433
427
296
73
75
3
4
451
428
426
430
73
1
3
4
30
427
434
431
73
75
93
21
489
444
430
299
73
75
3
21
491
431
429
427
73
1
3
21
33
430
446
428
73
76
94
22
495
447
433
302
73
76
4
22
497
434
432
426
73
1
4
22
36
433
449
428
73
77
84
12
498
441
436
305
73
77
5
12
500
437
435
439
73
1
5
12
39
436
443
440
73
77
92
20
492
448
439
308
73
77
5
20
493
440
438
436
73
1
5
20
42
439
449
437
73
78
84
12
498
435
442
311
73
78
6
12
499
443
441
423
73
1
6
12
45
442
437
425
73
86
93
21
489
429
445
314
73
86
14
21
490
446
444
399
73
1
14
21
48
445
431
400
73
92
94
22
495
432
448
317
73
92
20
22
496
449
447
438
73
1
20
22
51
448
434
440
74
75
76
4
426
457
451
320
74
75
3
4
427
452
450
454
74
2
3
4
54
451
458
455
74
75
81
9
484
469
454
323
74
75
3
9
485
455
453
451
74
2
3
9
57
454
470
452
74
76
77
5
493
460
457
326
74
76
4
5
494
458
456
450
74
2
4
5
60
457
461
452
74
77
78
6
499
423
460
329
74
77
5
6
500
461
459
456
74
2
5
6
63
460
424
458
74
79
88
16
414
402
463
332
74
79
7
16
415
464
462
466
74
2
7
16
66
463
403
467
74
79
89
17
507
468
466
335
74
79
7
17
509
467
465
463
74
2
7
17
69
466
470
464
74
81
89
17
507
465
469
338
74
81
9
17
508
470
468
453
74
2
9
17
72
469
467
455
75
79
82
10
511
483
472
341
75
79
7
10
512
473
471
475
75
3
7
10
75
472
485
476
75
79
90
18
514
480
475
344
75
79
7
18
515
476
474
472
75
3
7
18
78
475
482
473
75
80
85
13
417
487
478
347
75
80
8
13
418
479
477
481
75
3
8
13
81
478
488
482
75
80
90
18
520
474
481
350
75
80
8
18
521
482
480
478
75
3
8
18
84
481
476
479
75
81
82
10
523
471
484
353
75
81
9
10
524
485
483
453
75
3
9
10
87
484
473
454
75
85
87
15
420
408
487
356
75
85
13
15
421
488
486
477
75
3
13
15
90
487
409
479
75
86
93
21
444
429
490
359
75
86
14
21
445
491
489
405
75
3
14
21
93
490
430
406
76
77
92
20
438
496
493
362
76
77
5
20
439
494
492
456
76
4
5
20
96
493
497
457
76
92
94
22
447
432
496
365
76
92
20
22
448
497
495
492
76
4
20
22
99
496
433
494
77
78
84
12
441
435
499
368
77
78
6
12
442
500
498
459
77
5
6
12
102
499
436
460
79
80
91
19
519
517
502
371
79
80
8
19
521
503
501
411
79
7
8
19
105
502
518
412
79
81
83
11
522
510
505
374
79
81
9
11
524
506
504
508
79
7
9
11
108
505
512
509
79
81
89
17
468
465
508
377
79
81
9
17
469
509
507
505
79
7
9
17
111
508
466
506
79
82
83
11
522
504
511
380
79
82
10
11
523
512
510
471
79
7
10
11
114
511
506
472
79
90
95
23
525
516
514
383
79
90
18
23
527
515
513
474
79
7
18
23
117
514
518
475
79
91
95
23
525
513
517
386
79
91
19
23
526
518
516
501
79
7
19
23
120
517
515
503
80
90
91
19
526
501
520
389
80
90
18
19
527
521
519
480
80
8
18
19
123
520
502
481
81
82
83
11
510
504
523
392
81
82
10
11
511
524
522
483
81
9
10
11
126
523
505
484
90
91
95
23
516
513
526
395
90
91
19
23
517
527
525
519
90
18
19
23
129
526
514
520
528
