1
96
0
0
0
0
0
0
0
0
0
0
0
0
0
0
0
0
0
0
0
0
0
0
0
0
1
1
1
1
1
1
1
1
1
1
1
1
1
1
1
1
1
1
1
1
1
1
1
1
2
2
2
2
2
2
2
2
2
2
2
2
2
2
2
2
2
2
2
2
2
2
2
2
3
3
3
3
3
3
3
3
3
3
3
3
3
3
3
3
3
3
3
3
3
3
3
3
96
528
0
13
17
41
109
13
1
398
0
13
37
41
110
2
0
4
0
24
37
41
132
1
14
5
0
13
19
43
111
6
4
401
0
13
37
43
113
5
3
1
0
24
37
43
135
4
8
2
0
16
19
43
120
3
7
404
0
16
40
43
121
8
6
10
0
24
40
43
138
7
5
11
0
16
22
46
123
12
10
407
0
16
40
46
124
11
9
7
0
24
40
46
141
10
14
8
0
17
22
46
127
9
13
410
0
17
41
46
128
14
12
0
0
24
41
46
144
13
11
2
1
4
19
43
64
21
16
413
1
4
28
43
65
17
15
19
1
25
28
43
147
16
23
20
1
4
22
46
63
24
19
416
1
4
28
46
65
20
18
16
1
25
28
46
150
19
26
17
1
15
19
43
120
15
22
419
1
15
39
43
122
23
21
25
1
25
39
43
153
22
17
26
1
15
22
46
123
18
25
422
1
15
39
46
125
26
24
22
1
25
39
46
156
25
20
23
2
5
12
36
69
43
28
425
2
5
29
36
71
29
27
31
2
26
29
36
159
28
44
32
2
5
22
46
72
39
31
428
2
5
29
46
74
32
30
28
2
26
29
46
162
31
41
29
2
10
11
35
48
40
34
431
2
10
34
35
49
35
33
37
2
26
34
35
165
34
41
38
2
10
20
44
51
46
37
434
2
10
34
44
52
38
36
34
2
26
34
44
168
37
47
35
2
11
22
46
78
30
40
437
2
11
35
46
79
41
39
33
2
26
35
46
171
40
32
35
2
12
23
47
105
45
43
440
2
12
36
47
107
44
42
27
2
26
36
47
174
43
47
29
2
20
23
47
57
42
46
443
2
20
44
47
58
47
45
36
2
26
44
47
177
46
44
38
3
10
11
35
33
55
49
446
3
10
34
35
34
50
48
52
3
27
34
35
180
49
56
53
3
10
20
44
36
58
52
449
3
10
34
44
37
53
51
49
3
27
34
44
183
52
59
50
3
11
21
45
102
61
55
452
3
11
35
45
104
56
54
48
3
27
35
45
186
55
62
50
3
20
23
47
45
60
58
455
3
20
44
47
46
59
57
51
3
27
44
47
189
58
62
53
3
21
23
47
114
57
61
458
3
21
45
47
115
62
60
54
3
27
45
47
192
61
59
56
4
19
22
46
90
18
64
461
4
19
43
46
91
65
63
15
4
28
43
46
195
64
19
16
5
7
8
32
85
73
67
464
5
7
31
32
86
68
66
70
5
29
31
32
198
67
74
71
5
7
12
36
88
27
70
467
5
7
31
36
89
71
69
67
5
29
31
36
201
70
28
68
5
8
22
46
90
30
73
470
5
8
32
46
92
74
72
66
5
29
32
46
204
73
31
68
6
11
14
38
103
82
76
473
6
11
35
38
104
77
75
79
6
30
35
38
207
76
83
80
6
11
22
46
39
81
79
476
6
11
35
46
40
80
78
76
6
30
35
46
210
79
83
77
6
14
22
46
118
78
82
479
6
14
38
46
119
83
81
75
6
30
38
46
213
82
80
77
7
8
19
43
91
87
85
482
7
8
32
43
92
86
84
66
7
31
32
43
216
85
89
67
7
12
19
43
106
84
88
485
7
12
36
43
107
89
87
69
7
31
36
43
219
88
86
70
8
19
22
46
63
72
91
488
8
19
43
46
64
92
90
84
8
32
43
46
222
91
73
85
9
17
18
42
108
100
94
491
9
17
41
42
109
95
93
97
9
33
41
42
225
94
101
98
9
17
23
47
126
99
97
494
9
17
41
47
128
98
96
94
9
33
41
47
228
97
101
95
9
18
23
47
129
96
100
497
9
18
42
47
131
101
99
93
9
33
42
47
231
100
98
95
11
14
21
45
115
54
103
500
11
14
38
45
116
104
102
75
11
35
38
45
234
103
55
76
12
19
23
47
129
42
106
503
12
19
43
47
130
107
105
87
12
36
43
47
237
106
43
88
13
17
18
42
93
112
109
506
13
17
41
42
94
110
108
0
13
37
41
42
240
109
113
1
13
18
19
43
130
3
112
509
13
18
42
43
131
113
111
108
13
37
42
43
243
112
4
110
14
21
23
47
60
117
115
512
14
21
45
47
61
116
114
102
14
38
45
47
246
115
119
103
14
22
23
47
126
114
118
515
14
22
46
47
127
119
117
81
14
38
46
47
249
118
116
82
15
16
19
43
6
21
121
518
15
16
40
43
7
122
120
124
15
39
40
43
252
121
22
125
15
16
22
46
9
24
124
521
15
16
40
46
10
125
123
121
15
39
40
46
255
124
25
122
17
22
23
47
117
96
127
524
17
22
46
47
118
128
126
12
17
41
46
47
258
127
97
13
18
19
23
47
105
99
130
527
18
19
43
47
106
131
129
111
18
42
43
47
261
130
100
112
24
37
41
65
241
145
133
2
24
37
61
65
242
134
132
136
24
48
61
65
264
133
146
137
24
37
43
67
243
138
136
5
24
37
61
67
245
137
135
133
24
48
61
67
267
136
140
134
24
40
43
67
252
135
139
8
24
40
64
67
253
140
138
142
24
48
64
67
270
139
137
143
24
40
46
70
255
144
142
11
24
40
64
70
256
143
141
139
24
48
64
70
273
142
146
140
24
41
46
70
259
141
145
14
24
41
65
70
260
146
144
132
24
48
65
70
276
145
143
134
25
28
43
67
196
153
148
17
25
28
52
67
197
149
147
151
25
49
52
67
279
148
155
152
25
28
46
70
195
156
151
20
25
28
52
70
197
152
150
148
25
49
52
70
282
151
158
149
25
39
43
67
252
147
154
23
25
39
63
67
254
155
153
157
25
49
63
67
285
154
149
158
25
39
46
70
255
150
157
26
25
39
63
70
257
158
156
154
25
49
63
70
288
157
152
155
26
29
36
60
201
175
160
29
26
29
53
60
203
161
159
163
26
50
53
60
291
160
176
164
26
29
46
70
204
171
163
32
26
29
53
70
206
164
162
160
26
50
53
70
294
163
173
161
26
34
35
59
180
172
166
35
26
34
58
59
181
167
165
169
26
50
58
59
297
166
173
170
26
34
44
68
183
178
169
38
26
34
58
68
184
170
168
166
26
50
58
68
300
169
179
167
26
35
46
70
210
162
172
41
26
35
59
70
211
173
171
165
26
50
59
70
303
172
164
167
26
36
47
71
237
177
175
44
26
36
60
71
239
176
174
159
26
50
60
71
306
175
179
161
26
44
47
71
189
174
178
47
26
44
68
71
190
179
177
168
26
50
68
71
309
178
176
170
27
34
35
59
165
187
181
50
27
34
58
59
166
182
180
184
27
51
58
59
312
181
188
185
27
34
44
68
168
190
184
53
27
34
58
68
169
185
183
181
27
51
58
68
315
184
191
182
27
35
45
69
234
193
187
56
27
35
59
69
236
188
186
180
27
51
59
69
318
187
194
182
27
44
47
71
177
192
190
59
27
44
68
71
178
191
189
183
27
51
68
71
321
190
194
185
27
45
47
71
246
189
193
62
27
45
69
71
247
194
192
186
27
51
69
71
324
193
191
188
28
43
46
70
222
150
196
65
28
43
67
70
223
197
195
147
28
52
67
70
327
196
151
148
29
31
32
56
217
205
199
68
29
31
55
56
218
200
198
202
29
53
55
56
330
199
206
203
29
31
36
60
220
159
202
71
29
31
55
60
221
203
201
199
29
53
55
60
333
202
160
200
29
32
46
70
222
162
205
74
29
32
56
70
224
206
204
198
29
53
56
70
336
205
163
200
30
35
38
62
235
214
208
77
30
35
59
62
236
209
207
211
30
54
59
62
339
208
215
212
30
35
46
70
171
213
211
80
30
35
59
70
172
212
210
208
30
54
59
70
342
211
215
209
30
38
46
70
250
210
214
83
30
38
62
70
251
215
213
207
30
54
62
70
345
214
212
209
31
32
43
67
223
219
217
86
31
32
56
67
224
218
216
198
31
55
56
67
348
217
221
199
31
36
43
67
238
216
220
89
31
36
60
67
239
221
219
201
31
55
60
67
351
220
218
202
32
43
46
70
195
204
223
92
32
43
67
70
196
224
222
216
32
56
67
70
354
223
205
217
33
41
42
66
240
232
226
95
33
41
65
66
241
227
225
229
33
57
65
66
357
226
233
230
33
41
47
71
258
231
229
98
33
41
65
71
260
230
228
226
33
57
65
71
360
229
233
227
33
42
47
71
261
228
232
101
33
42
66
71
263
233
231
225
33
57
66
71
363
232
230
227
35
38
45
69
247
186
235
104
35
38
62
69
248
236
234
207
35
59
62
69
366
235
187
208
36
43
47
71
261
174
238
107
36
43
67
71
262
239
237
219
36
60
67
71
369
238
175
220
37
41
42
66
225
244
241
110
37
41
65
66
226
242
240
132
37
61
65
66
372
241
245
133
37
42
43
67
262
135
244
113
37
42
66
67
263
245
243
240
37
61
66
67
375
244
136
242
38
45
47
71
192
249
247
116
38
45
69
71
193
248
246
234
38
62
69
71
378
247
251
235
38
46
47
71
258
246
250
119
38
46
70
71
259
251
249
213
38
62
70
71
381
250
248
214
39
40
43
67
138
153
253
122
39
40
64
67
139
254
252
256
39
63
64
67
384
253
154
257
39
40
46
70
141
156
256
125
39
40
64
70
142
257
255
253
39
63
64
70
387
256
157
254
41
46
47
71
249
228
259
128
41
46
70
71
250
260
258
144
41
65
70
71
390
259
229
145
42
43
47
71
237
231
262
131
42
43
67
71
238
263
261
243
42
66
67
71
393
262
232
244
48
61
65
89
373
277
265
134
48
61
85
89
374
266
264
268
48
72
85
89
396
265
278
269
48
61
67
91
375
270
268
137
48
61
85
91
377
269
267
265
48
72
85
91
399
268
272
266
48
64
67
91
384
267
271
140
48
64
88
91
385
272
270
274
48
72
88
91
402
271
269
275
48
64
70
94
387
276
274
143
48
64
88
94
388
275
273
271
48
72
88
94
405
274
278
272
48
65
70
94
391
273
277
146
48
65
89
94
392
278
276
264
48
72
89
94
408
277
275
266
49
52
67
91
328
285
280
149
49
52
76
91
329
281
279
283
49
73
76
91
411
280
287
284
49
52
70
94
327
288
283
152
49
52
76
94
329
284
282
280
49
73
76
94
414
283
290
281
49
63
67
91
384
279
286
155
49
63
87
91
386
287
285
289
49
73
87
91
417
286
281
290
49
63
70
94
387
282
289
158
49
63
87
94
389
290
288
286
49
73
87
94
420
289
284
287
50
53
60
84
333
307
292
161
50
53
77
84
335
293
291
295
50
74
77
84
423
292
308
296
50
53
70
94
336
303
295
164
50
53
77
94
338
296
294
292
50
74
77
94
426
295
305
293
50
58
59
83
312
304
298
167
50
58
82
83
313
299
297
301
50
74
82
83
429
298
305
302
50
58
68
92
315
310
301
170
50
58
82
92
316
302
300
298
50
74
82
92
432
301
311
299
50
59
70
94
342
294
304
173
50
59
83
94
343
305
303
297
50
74
83
94
435
304
296
299
50
60
71
95
369
309
307
176
50
60
84
95
371
308
306
291
50
74
84
95
438
307
311
293
50
68
71
95
321
306
310
179
50
68
92
95
322
311
309
300
50
74
92
95
441
310
308
302
51
58
59
83
297
319
313
182
51
58
82
83
298
314
312
316
51
75
82
83
444
313
320
317
51
58
68
92
300
322
316
185
51
58
82
92
301
317
315
313
51
75
82
92
447
316
323
314
51
59
69
93
366
325
319
188
51
59
83
93
368
320
318
312
51
75
83
93
450
319
326
314
51
68
71
95
309
324
322
191
51
68
92
95
310
323
321
315
51
75
92
95
453
322
326
317
51
69
71
95
378
321
325
194
51
69
93
95
379
326
324
318
51
75
93
95
456
325
323
320
52
67
70
94
354
282
328
197
52
67
91
94
355
329
327
279
52
76
91
94
459
328
283
280
53
55
56
80
349
337
331
200
53
55
79
80
350
332
330
334
53
77
79
80
462
331
338
335
53
55
60
84
352
291
334
203
53
55
79
84
353
335
333
331
53
77
79
84
465
334
292
332
53
56
70
94
354
294
337
206
53
56
80
94
356
338
336
330
53
77
80
94
468
337
295
332
54
59
62
86
367
346
340
209
54
59
83
86
368
341
339
343
54
78
83
86
471
340
347
344
54
59
70
94
303
345
343
212
54
59
83
94
304
344
342
340
54
78
83
94
474
343
347
341
54
62
70
94
382
342
346
215
54
62
86
94
383
347
345
339
54
78
86
94
477
346
344
341
55
56
67
91
355
351
349
218
55
56
80
91
356
350
348
330
55
79
80
91
480
349
353
331
55
60
67
91
370
348
352
221
55
60
84
91
371
353
351
333
55
79
84
91
483
352
350
334
56
67
70
94
327
336
355
224
56
67
91
94
328
356
354
348
56
80
91
94
486
355
337
349
57
65
66
90
372
364
358
227
57
65
89
90
373
359
357
361
57
81
89
90
489
358
365
362
57
65
71
95
390
363
361
230
57
65
89
95
392
362
360
358
57
81
89
95
492
361
365
359
57
66
71
95
393
360
364
233
57
66
90
95
395
365
363
357
57
81
90
95
495
364
362
359
59
62
69
93
379
318
367
236
59
62
86
93
380
368
366
339
59
83
86
93
498
367
319
340
60
67
71
95
393
306
370
239
60
67
91
95
394
371
369
351
60
84
91
95
501
370
307
352
61
65
66
90
357
376
373
242
61
65
89
90
358
374
372
264
61
85
89
90
504
373
377
265
61
66
67
91
394
267
376
245
61
66
90
91
395
377
375
372
61
85
90
91
507
376
268
374
62
69
71
95
324
381
379
248
62
69
93
95
325
380
378
366
62
86
93
95
510
379
383
367
62
70
71
95
390
378
382
251
62
70
94
95
391
383
381
345
62
86
94
95
513
382
380
346
63
64
67
91
270
285
385
254
63
64
88
91
271
386
384
388
63
87
88
91
516
385
286
389
63
64
70
94
273
288
388
257
63
64
88
94
274
389
387
385
63
87
88
94
519
388
289
386
65
70
71
95
381
360
391
260
65
70
94
95
382
392
390
276
65
89
94
95
522
391
361
277
66
67
71
95
369
363
394
263
66
67
91
95
370
395
393
375
66
90
91
95
525
394
364
376
72
85
89
17
505
409
397
266
72
85
13
17
506
398
396
400
72
0
13
17
0
397
410
401
72
85
91
19
507
402
400
269
72
85
13
19
509
401
399
397
72
0
13
19
3
400
404
398
72
88
91
19
516
399
403
272
72
88
16
19
517
404
402
406
72
0
16
19
6
403
401
407
72
88
94
22
519
408
406
275
72
88
16
22
520
407
405
403
72
0
16
22
9
406
410
404
72
89
94
22
523
405
409
278
72
89
17
22
524
410
408
396
72
0
17
22
12
409
407
398
73
76
91
19
460
417
412
281
73
76
4
19
461
413
411
415
73
1
4
19
15
412
419
416
73
76
94
22
459
420
415
284
73
76
4
22
461
416
414
412
73
1
4
22
18
415
422
413
73
87
91
19
516
411
418
287
73
87
15
19
518
419
417
421
73
1
15
19
21
418
413
422
73
87
94
22
519
414
421
290
73
87
15
22
521
422
420
418
73
1
15
22
24
421
416
419
74
77
84
12
465
439
424
293
74
77
5
12
467
425
423
427
74
2
5
12
27
424
440
428
74
77
94
22
468
435
427
296
74
77
5
22
470
428
426
424
74
2
5
22
30
427
437
425
74
82
83
11
444
436
430
299
74
82
10
11
445
431
429
433
74
2
10
11
33
430
437
434
74
82
92
20
447
442
433
302
74
82
10
20
448
434
432
430
74
2
10
20
36
433
443
431
74
83
94
22
474
426
436
305
74
83
11
22
475
437
435
429
74
2
11
22
39
436
428
431
74
84
95
23
501
441
439
308
74
84
12
23
503
440
438
423
74
2
12
23
42
439
443
425
74
92
95
23
453
438
442
311
74
92
20
23
454
443
441
432
74
2
20
23
45
442
440
434
75
82
83
11
429
451
445
314
75
82
10
11
430
446
444
448
75
3
10
11
48
445
452
449
75
82
92
20
432
454
448
317
75
82
10
20
433
449
447
445
75
3
10
20
51
448
455
446
75
83
93
21
498
457
451
320
75
83
11
21
500
452
450
444
75
3
11
21
54
451
458
446
75
92
95
23
441
456
454
323
75
92
20
23
442
455
453
447
75
3
20
23
57
454
458
449
75
93
95
23
510
453
457
326
75
93
21
23
511
458
456
450
75
3
21
23
60
457
455
452
76
91
94
22
486
414
460
329
76
91
19
22
487
461
459
411
76
4
19
22
63
460
415
412
77
79
80
8
481
469
463
332
77
79
7
8
482
464
462
466
77
5
7
8
66
463
470
467
77
79
84
12
484
423
466
335
77
79
7
12
485
467
465
463
77
5
7
12
69
466
424
464
77
80
94
22
486
426
469
338
77
80
8
22
488
470
468
462
77
5
8
22
72
469
427
464
78
83
86
14
499
478
472
341
78
83
11
14
500
473
471
475
78
6
11
14
75
472
479
476
78
83
94
22
435
477
475
344
78
83
11
22
436
476
474
472
78
6
11
22
78
475
479
473
78
86
94
22
514
474
478
347
78
86
14
22
515
479
477
471
78
6
14
22
81
478
476
473
79
80
91
19
487
483
481
350
79
80
8
19
488
482
480
462
79
7
8
19
84
481
485
463
79
84
91
19
502
480
484
353
79
84
12
19
503
485
483
465
79
7
12
19
87
484
482
466
80
91
94
22
459
468
487
356
80
91
19
22
460
488
486
480
80
8
19
22
90
487
469
481
81
89
90
18
504
496
490
359
81
89
17
18
505
491
489
493
81
9
17
18
93
490
497
494
81
89
95
23
522
495
493
362
81
89
17
23
524
494
492
490
81
9
17
23
96
493
497
491
81
90
95
23
525
492
496
365
81
90
18
23
527
497
495
489
81
9
18
23
99
496
494
491
83
86
93
21
511
450
499
368
83
86
14
21
512
500
498
471
83
11
14
21
102
499
451
472
84
91
95
23
525
438
502
371
84
91
19
23
526
503
501
483
84
12
19
23
105
502
439
484
85
89
90
18
489
508
505
374
85
89
17
18
490
506
504
396
85
13
17
18
108
505
509
397
85
90
91
19
526
399
508
377
85
90
18
19
527
509
507
504
85
13
18
19
111
508
400
506
86
93
95
23
456
513
511
380
86
93
21
23
457
512
510
498
86
14
21
23
114
511
515
499
86
94
95
23
522
510
514
383
86
94
22
23
523
515
513
477
86
14
22
23
117
514
512
478
87
88
91
19
402
417
517
386
87
88
16
19
403
518
516
520
87
15
16
19
120
517
418
521
87
88
94
22
405
420
520
389
87
88
16
22
406
521
519
517
87
15
16
22
123
520
421
518
89
94
95
23
513
492
523
392
89
94
22
23
514
524
522
408
89
17
22
23
126
523
493
409
90
91
95
23
501
495
526
395
90
91
19
23
502
527
525
507
90
18
19
23
129
526
496
508
528
