1
96
0
0
0
0
0
0
0
0
0
0
0
0
0
0
0
0
0
0
0
0
0
0
0
0
1
1
1
1
1
1
1
1
1
1
1
1
1
1
1
1
1
1
1
1
1
1
1
1
2
2
2
2
2
2
2
2
2
2
2
2
2
2
2
2
2
2
2
2
2
2
2
2
3
3
3
3
3
3
3
3
3
3
3
3
3
3
3
3
3
3
3
3
3
3
3
3
96
528
0
4
7
31
43
7
1
398
0
4
28
31
44
2
0
4
0
24
28
31
132
1
8
5
0
4
21
45
45
9
4
401
0
4
28
45
47
5
3
1
0
24
28
45
135
4
11
2
0
7
23
47
36
12
7
404
0
7
31
47
37
8
6
0
0
24
31
47
138
7
14
2
0
10
21
45
45
3
10
407
0
10
34
45
46
11
9
13
0
24
34
45
141
10
5
14
0
10
23
47
39
6
13
410
0
10
34
47
40
14
12
10
0
24
34
47
144
13
8
11
1
2
3
27
28
22
16
413
1
2
26
27
29
17
15
19
1
25
26
27
147
16
23
20
1
2
9
33
31
24
19
416
1
2
26
33
32
20
18
16
1
25
26
33
150
19
26
17
1
3
7
31
37
25
22
419
1
3
27
31
38
23
21
15
1
25
27
31
153
22
26
17
1
7
9
33
79
18
25
422
1
7
31
33
80
26
24
21
1
25
31
33
156
25
20
23
2
3
10
34
40
34
28
425
2
3
27
34
41
29
27
15
2
26
27
34
159
28
35
16
2
9
15
39
108
33
31
428
2
9
33
39
110
32
30
18
2
26
33
39
162
31
35
19
2
10
15
39
57
30
34
431
2
10
34
39
58
35
33
27
2
26
34
39
165
34
32
29
3
7
23
47
6
39
37
434
3
7
31
47
7
38
36
21
3
27
31
47
168
37
41
22
3
10
23
47
12
36
40
437
3
10
34
47
13
41
39
27
3
27
34
47
171
40
38
28
4
7
10
34
78
46
43
440
4
7
31
34
80
44
42
0
4
28
31
34
174
43
47
1
4
10
21
45
9
3
46
443
4
10
34
45
10
47
45
42
4
28
34
45
177
46
4
44
5
11
16
40
87
55
49
446
5
11
35
40
88
50
48
52
5
29
35
40
180
49
56
53
5
11
22
46
90
54
52
449
5
11
35
46
91
53
51
49
5
29
35
46
183
52
56
50
5
16
22
46
129
51
55
452
5
16
40
46
131
56
54
48
5
29
40
46
186
55
53
50
6
10
15
39
33
63
58
455
6
10
34
39
34
59
57
61
6
30
34
39
189
58
65
62
6
10
22
46
111
75
61
458
6
10
34
46
113
62
60
58
6
30
34
46
192
61
77
59
6
14
15
39
108
57
64
461
6
14
38
39
109
65
63
67
6
30
38
39
195
64
59
68
6
14
20
44
126
72
67
464
6
14
38
44
128
68
66
64
6
30
38
44
198
67
74
65
6
16
19
43
130
76
70
467
6
16
40
43
131
71
69
73
6
30
40
43
201
70
77
74
6
16
20
44
126
66
73
470
6
16
40
44
127
74
72
70
6
30
40
44
204
73
68
71
6
19
22
46
129
60
76
473
6
19
43
46
130
77
75
69
6
30
43
46
207
76
62
71
7
9
10
34
97
42
79
476
7
9
33
34
98
80
78
24
7
31
33
34
210
79
43
25
8
9
14
38
109
94
82
479
8
9
33
38
110
83
81
85
8
32
33
38
213
82
95
86
8
9
22
46
105
90
85
482
8
9
33
46
107
86
84
82
8
32
33
46
216
85
92
83
8
11
16
40
48
93
88
485
8
11
35
40
49
89
87
91
8
32
35
40
219
88
95
92
8
11
22
46
51
84
91
488
8
11
35
46
52
92
90
88
8
32
35
46
222
91
86
89
8
14
16
40
127
87
94
491
8
14
38
40
128
95
93
81
8
32
38
40
225
94
89
83
9
10
12
36
112
100
97
494
9
10
34
36
113
98
96
78
9
33
34
36
228
97
101
79
9
12
17
41
121
102
100
497
9
12
36
41
122
101
99
96
9
33
36
41
231
100
104
98
9
13
17
41
124
99
103
500
9
13
37
41
125
104
102
106
9
33
37
41
234
103
101
107
9
13
22
46
117
84
106
503
9
13
37
46
118
107
105
103
9
33
37
46
237
106
85
104
9
14
15
39
63
30
109
506
9
14
38
39
64
110
108
81
9
33
38
39
240
109
31
82
10
12
22
46
117
60
112
509
10
12
36
46
119
113
111
96
10
34
36
46
243
112
61
97
12
13
18
42
123
120
115
512
12
13
37
42
125
116
114
118
12
36
37
42
246
115
122
119
12
13
22
46
105
111
118
515
12
13
37
46
106
119
117
115
12
36
37
46
249
118
112
116
12
17
18
42
123
114
121
518
12
17
41
42
124
122
120
99
12
36
41
42
252
121
116
100
13
17
18
42
120
114
124
521
13
17
41
42
121
125
123
102
13
37
41
42
255
124
115
103
14
16
20
44
72
66
127
524
14
16
40
44
73
128
126
93
14
38
40
44
258
127
67
94
16
19
22
46
75
54
130
527
16
19
43
46
76
131
129
69
16
40
43
46
261
130
55
70
24
28
31
55
175
139
133
2
24
28
52
55
176
134
132
136
24
48
52
55
264
133
140
137
24
28
45
69
177
141
136
5
24
28
52
69
179
137
135
133
24
48
52
69
267
136
143
134
24
31
47
71
168
144
139
8
24
31
55
71
169
140
138
132
24
48
55
71
270
139
146
134
24
34
45
69
177
135
142
11
24
34
58
69
178
143
141
145
24
48
58
69
273
142
137
146
24
34
47
71
171
138
145
14
24
34
58
71
172
146
144
142
24
48
58
71
276
145
140
143
25
26
27
51
160
154
148
17
25
26
50
51
161
149
147
151
25
49
50
51
279
148
155
152
25
26
33
57
163
156
151
20
25
26
50
57
164
152
150
148
25
49
50
57
282
151
158
149
25
27
31
55
169
157
154
23
25
27
51
55
170
155
153
147
25
49
51
55
285
154
158
149
25
31
33
57
211
150
157
26
25
31
55
57
212
158
156
153
25
49
55
57
288
157
152
155
26
27
34
58
172
166
160
29
26
27
51
58
173
161
159
147
26
50
51
58
291
160
167
148
26
33
39
63
240
165
163
32
26
33
57
63
242
164
162
150
26
50
57
63
294
163
167
151
26
34
39
63
189
162
166
35
26
34
58
63
190
167
165
159
26
50
58
63
297
166
164
161
27
31
47
71
138
171
169
38
27
31
55
71
139
170
168
153
27
51
55
71
300
169
173
154
27
34
47
71
144
168
172
41
27
34
58
71
145
173
171
159
27
51
58
71
303
172
170
160
28
31
34
58
210
178
175
44
28
31
55
58
212
176
174
132
28
52
55
58
306
175
179
133
28
34
45
69
141
135
178
47
28
34
58
69
142
179
177
174
28
52
58
69
309
178
136
176
29
35
40
64
219
187
181
50
29
35
59
64
220
182
180
184
29
53
59
64
312
181
188
185
29
35
46
70
222
186
184
53
29
35
59
70
223
185
183
181
29
53
59
70
315
184
188
182
29
40
46
70
261
183
187
56
29
40
64
70
263
188
186
180
29
53
64
70
318
187
185
182
30
34
39
63
165
195
190
59
30
34
58
63
166
191
189
193
30
54
58
63
321
190
197
194
30
34
46
70
243
207
193
62
30
34
58
70
245
194
192
190
30
54
58
70
324
193
209
191
30
38
39
63
240
189
196
65
30
38
62
63
241
197
195
199
30
54
62
63
327
196
191
200
30
38
44
68
258
204
199
68
30
38
62
68
260
200
198
196
30
54
62
68
330
199
206
197
30
40
43
67
262
208
202
71
30
40
64
67
263
203
201
205
30
54
64
67
333
202
209
206
30
40
44
68
258
198
205
74
30
40
64
68
259
206
204
202
30
54
64
68
336
205
200
203
30
43
46
70
261
192
208
77
30
43
67
70
262
209
207
201
30
54
67
70
339
208
194
203
31
33
34
58
229
174
211
80
31
33
57
58
230
212
210
156
31
55
57
58
342
211
175
157
32
33
38
62
241
226
214
83
32
33
57
62
242
215
213
217
32
56
57
62
345
214
227
218
32
33
46
70
237
222
217
86
32
33
57
70
239
218
216
214
32
56
57
70
348
217
224
215
32
35
40
64
180
225
220
89
32
35
59
64
181
221
219
223
32
56
59
64
351
220
227
224
32
35
46
70
183
216
223
92
32
35
59
70
184
224
222
220
32
56
59
70
354
223
218
221
32
38
40
64
259
219
226
95
32
38
62
64
260
227
225
213
32
56
62
64
357
226
221
215
33
34
36
60
244
232
229
98
33
34
58
60
245
230
228
210
33
57
58
60
360
229
233
211
33
36
41
65
253
234
232
101
33
36
60
65
254
233
231
228
33
57
60
65
363
232
236
230
33
37
41
65
256
231
235
104
33
37
61
65
257
236
234
238
33
57
61
65
366
235
233
239
33
37
46
70
249
216
238
107
33
37
61
70
250
239
237
235
33
57
61
70
369
238
217
236
33
38
39
63
195
162
241
110
33
38
62
63
196
242
240
213
33
57
62
63
372
241
163
214
34
36
46
70
249
192
244
113
34
36
60
70
251
245
243
228
34
58
60
70
375
244
193
229
36
37
42
66
255
252
247
116
36
37
61
66
257
248
246
250
36
60
61
66
378
247
254
251
36
37
46
70
237
243
250
119
36
37
61
70
238
251
249
247
36
60
61
70
381
250
244
248
36
41
42
66
255
246
253
122
36
41
65
66
256
254
252
231
36
60
65
66
384
253
248
232
37
41
42
66
252
246
256
125
37
41
65
66
253
257
255
234
37
61
65
66
387
256
247
235
38
40
44
68
204
198
259
128
38
40
64
68
205
260
258
225
38
62
64
68
390
259
199
226
40
43
46
70
207
186
262
131
40
43
67
70
208
263
261
201
40
64
67
70
393
262
187
202
48
52
55
79
307
271
265
134
48
52
76
79
308
266
264
268
48
72
76
79
396
265
272
269
48
52
69
93
309
273
268
137
48
52
76
93
311
269
267
265
48
72
76
93
399
268
275
266
48
55
71
95
300
276
271
140
48
55
79
95
301
272
270
264
48
72
79
95
402
271
278
266
48
58
69
93
309
267
274
143
48
58
82
93
310
275
273
277
48
72
82
93
405
274
269
278
48
58
71
95
303
270
277
146
48
58
82
95
304
278
276
274
48
72
82
95
408
277
272
275
49
50
51
75
292
286
280
149
49
50
74
75
293
281
279
283
49
73
74
75
411
280
287
284
49
50
57
81
295
288
283
152
49
50
74
81
296
284
282
280
49
73
74
81
414
283
290
281
49
51
55
79
301
289
286
155
49
51
75
79
302
287
285
279
49
73
75
79
417
286
290
281
49
55
57
81
343
282
289
158
49
55
79
81
344
290
288
285
49
73
79
81
420
289
284
287
50
51
58
82
304
298
292
161
50
51
75
82
305
293
291
279
50
74
75
82
423
292
299
280
50
57
63
87
372
297
295
164
50
57
81
87
374
296
294
282
50
74
81
87
426
295
299
283
50
58
63
87
321
294
298
167
50
58
82
87
322
299
297
291
50
74
82
87
429
298
296
293
51
55
71
95
270
303
301
170
51
55
79
95
271
302
300
285
51
75
79
95
432
301
305
286
51
58
71
95
276
300
304
173
51
58
82
95
277
305
303
291
51
75
82
95
435
304
302
292
52
55
58
82
342
310
307
176
52
55
79
82
344
308
306
264
52
76
79
82
438
307
311
265
52
58
69
93
273
267
310
179
52
58
82
93
274
311
309
306
52
76
82
93
441
310
268
308
53
59
64
88
351
319
313
182
53
59
83
88
352
314
312
316
53
77
83
88
444
313
320
317
53
59
70
94
354
318
316
185
53
59
83
94
355
317
315
313
53
77
83
94
447
316
320
314
53
64
70
94
393
315
319
188
53
64
88
94
395
320
318
312
53
77
88
94
450
319
317
314
54
58
63
87
297
327
322
191
54
58
82
87
298
323
321
325
54
78
82
87
453
322
329
326
54
58
70
94
375
339
325
194
54
58
82
94
377
326
324
322
54
78
82
94
456
325
341
323
54
62
63
87
372
321
328
197
54
62
86
87
373
329
327
331
54
78
86
87
459
328
323
332
54
62
68
92
390
336
331
200
54
62
86
92
392
332
330
328
54
78
86
92
462
331
338
329
54
64
67
91
394
340
334
203
54
64
88
91
395
335
333
337
54
78
88
91
465
334
341
338
54
64
68
92
390
330
337
206
54
64
88
92
391
338
336
334
54
78
88
92
468
337
332
335
54
67
70
94
393
324
340
209
54
67
91
94
394
341
339
333
54
78
91
94
471
340
326
335
55
57
58
82
361
306
343
212
55
57
81
82
362
344
342
288
55
79
81
82
474
343
307
289
56
57
62
86
373
358
346
215
56
57
81
86
374
347
345
349
56
80
81
86
477
346
359
350
56
57
70
94
369
354
349
218
56
57
81
94
371
350
348
346
56
80
81
94
480
349
356
347
56
59
64
88
312
357
352
221
56
59
83
88
313
353
351
355
56
80
83
88
483
352
359
356
56
59
70
94
315
348
355
224
56
59
83
94
316
356
354
352
56
80
83
94
486
355
350
353
56
62
64
88
391
351
358
227
56
62
86
88
392
359
357
345
56
80
86
88
489
358
353
347
57
58
60
84
376
364
361
230
57
58
82
84
377
362
360
342
57
81
82
84
492
361
365
343
57
60
65
89
385
366
364
233
57
60
84
89
386
365
363
360
57
81
84
89
495
364
368
362
57
61
65
89
388
363
367
236
57
61
85
89
389
368
366
370
57
81
85
89
498
367
365
371
57
61
70
94
381
348
370
239
57
61
85
94
382
371
369
367
57
81
85
94
501
370
349
368
57
62
63
87
327
294
373
242
57
62
86
87
328
374
372
345
57
81
86
87
504
373
295
346
58
60
70
94
381
324
376
245
58
60
84
94
383
377
375
360
58
82
84
94
507
376
325
361
60
61
66
90
387
384
379
248
60
61
85
90
389
380
378
382
60
84
85
90
510
379
386
383
60
61
70
94
369
375
382
251
60
61
85
94
370
383
381
379
60
84
85
94
513
382
376
380
60
65
66
90
387
378
385
254
60
65
89
90
388
386
384
363
60
84
89
90
516
385
380
364
61
65
66
90
384
378
388
257
61
65
89
90
385
389
387
366
61
85
89
90
519
388
379
367
62
64
68
92
336
330
391
260
62
64
88
92
337
392
390
357
62
86
88
92
522
391
331
358
64
67
70
94
339
318
394
263
64
67
91
94
340
395
393
333
64
88
91
94
525
394
319
334
72
76
79
7
439
403
397
266
72
76
4
7
440
398
396
400
72
0
4
7
0
397
404
401
72
76
93
21
441
405
400
269
72
76
4
21
443
401
399
397
72
0
4
21
3
400
407
398
72
79
95
23
432
408
403
272
72
79
7
23
433
404
402
396
72
0
7
23
6
403
410
398
72
82
93
21
441
399
406
275
72
82
10
21
442
407
405
409
72
0
10
21
9
406
401
410
72
82
95
23
435
402
409
278
72
82
10
23
436
410
408
406
72
0
10
23
12
409
404
407
73
74
75
3
424
418
412
281
73
74
2
3
425
413
411
415
73
1
2
3
15
412
419
416
73
74
81
9
427
420
415
284
73
74
2
9
428
416
414
412
73
1
2
9
18
415
422
413
73
75
79
7
433
421
418
287
73
75
3
7
434
419
417
411
73
1
3
7
21
418
422
413
73
79
81
9
475
414
421
290
73
79
7
9
476
422
420
417
73
1
7
9
24
421
416
419
74
75
82
10
436
430
424
293
74
75
3
10
437
425
423
411
74
2
3
10
27
424
431
412
74
81
87
15
504
429
427
296
74
81
9
15
506
428
426
414
74
2
9
15
30
427
431
415
74
82
87
15
453
426
430
299
74
82
10
15
454
431
429
423
74
2
10
15
33
430
428
425
75
79
95
23
402
435
433
302
75
79
7
23
403
434
432
417
75
3
7
23
36
433
437
418
75
82
95
23
408
432
436
305
75
82
10
23
409
437
435
423
75
3
10
23
39
436
434
424
76
79
82
10
474
442
439
308
76
79
7
10
476
440
438
396
76
4
7
10
42
439
443
397
76
82
93
21
405
399
442
311
76
82
10
21
406
443
441
438
76
4
10
21
45
442
400
440
77
83
88
16
483
451
445
314
77
83
11
16
484
446
444
448
77
5
11
16
48
445
452
449
77
83
94
22
486
450
448
317
77
83
11
22
487
449
447
445
77
5
11
22
51
448
452
446
77
88
94
22
525
447
451
320
77
88
16
22
527
452
450
444
77
5
16
22
54
451
449
446
78
82
87
15
429
459
454
323
78
82
10
15
430
455
453
457
78
6
10
15
57
454
461
458
78
82
94
22
507
471
457
326
78
82
10
22
509
458
456
454
78
6
10
22
60
457
473
455
78
86
87
15
504
453
460
329
78
86
14
15
505
461
459
463
78
6
14
15
63
460
455
464
78
86
92
20
522
468
463
332
78
86
14
20
524
464
462
460
78
6
14
20
66
463
470
461
78
88
91
19
526
472
466
335
78
88
16
19
527
467
465
469
78
6
16
19
69
466
473
470
78
88
92
20
522
462
469
338
78
88
16
20
523
470
468
466
78
6
16
20
72
469
464
467
78
91
94
22
525
456
472
341
78
91
19
22
526
473
471
465
78
6
19
22
75
472
458
467
79
81
82
10
493
438
475
344
79
81
9
10
494
476
474
420
79
7
9
10
78
475
439
421
80
81
86
14
505
490
478
347
80
81
9
14
506
479
477
481
80
8
9
14
81
478
491
482
80
81
94
22
501
486
481
350
80
81
9
22
503
482
480
478
80
8
9
22
84
481
488
479
80
83
88
16
444
489
484
353
80
83
11
16
445
485
483
487
80
8
11
16
87
484
491
488
80
83
94
22
447
480
487
356
80
83
11
22
448
488
486
484
80
8
11
22
90
487
482
485
80
86
88
16
523
483
490
359
80
86
14
16
524
491
489
477
80
8
14
16
93
490
485
479
81
82
84
12
508
496
493
362
81
82
10
12
509
494
492
474
81
9
10
12
96
493
497
475
81
84
89
17
517
498
496
365
81
84
12
17
518
497
495
492
81
9
12
17
99
496
500
494
81
85
89
17
520
495
499
368
81
85
13
17
521
500
498
502
81
9
13
17
102
499
497
503
81
85
94
22
513
480
502
371
81
85
13
22
514
503
501
499
81
9
13
22
105
502
481
500
81
86
87
15
459
426
505
374
81
86
14
15
460
506
504
477
81
9
14
15
108
505
427
478
82
84
94
22
513
456
508
377
82
84
12
22
515
509
507
492
82
10
12
22
111
508
457
493
84
85
90
18
519
516
511
380
84
85
13
18
521
512
510
514
84
12
13
18
114
511
518
515
84
85
94
22
501
507
514
383
84
85
13
22
502
515
513
511
84
12
13
22
117
514
508
512
84
89
90
18
519
510
517
386
84
89
17
18
520
518
516
495
84
12
17
18
120
517
512
496
85
89
90
18
516
510
520
389
85
89
17
18
517
521
519
498
85
13
17
18
123
520
511
499
86
88
92
20
468
462
523
392
86
88
16
20
469
524
522
489
86
14
16
20
126
523
463
490
88
91
94
22
471
450
526
395
88
91
19
22
472
527
525
465
88
16
19
22
129
526
451
466
528
