1
96
0
0
0
0
0
0
0
0
0
0
0
0
0
0
0
0
0
0
0
0
0
0
0
0
1
1
1
1
1
1
1
1
1
1
1
1
1
1
1
1
1
1
1
1
1
1
1
1
2
2
2
2
2
2
2
2
2
2
2
2
2
2
2
2
2
2
2
2
2
2
2
2
3
3
3
3
3
3
3
3
3
3
3
3
3
3
3
3
3
3
3
3
3
3
3
3
96
528
0
2
4
28
22
7
1
398
0
2
26
28
23
2
0
4
0
24
26
28
132
1
8
5
0
2
16
40
27
6
4
401
0
2
26
40
29
5
3
1
0
24
26
40
135
4
8
2
0
4
16
40
63
3
7
404
0
4
28
40
65
8
6
0
0
24
28
40
138
7
5
2
1
6
11
35
91
16
10
407
1
6
30
35
92
11
9
13
1
25
30
35
141
10
17
14
1
6
15
39
97
19
13
410
1
6
30
39
98
14
12
10
1
25
30
39
144
13
20
11
1
11
22
46
117
18
16
413
1
11
35
46
119
17
15
9
1
25
35
46
147
16
20
11
1
15
22
46
117
15
19
416
1
15
39
46
118
20
18
12
1
25
39
46
150
19
17
14
2
4
10
34
70
25
22
419
2
4
28
34
71
23
21
0
2
26
28
34
153
22
26
1
2
10
17
41
69
30
25
422
2
10
34
41
70
26
24
21
2
26
34
41
156
25
32
23
2
11
16
40
121
3
28
425
2
11
35
40
122
29
27
31
2
26
35
40
159
28
4
32
2
11
17
41
111
24
31
428
2
11
35
41
113
32
30
28
2
26
35
41
162
31
26
29
3
4
9
33
67
40
34
431
3
4
28
33
68
35
33
37
3
27
28
33
165
34
41
38
3
4
17
41
69
48
37
434
3
4
28
41
71
38
36
34
3
27
28
41
168
37
50
35
3
9
19
43
66
51
40
437
3
9
33
43
67
41
39
33
3
27
33
43
171
40
53
35
3
11
12
36
109
49
43
440
3
11
35
36
110
44
42
46
3
27
35
36
174
43
50
47
3
11
14
38
90
52
46
443
3
11
35
38
91
47
45
43
3
27
35
38
177
46
53
44
3
12
17
41
126
36
49
446
3
12
36
41
128
50
48
42
3
27
36
41
180
49
38
44
3
14
19
43
129
39
52
449
3
14
38
43
131
53
51
45
3
27
38
43
183
52
41
47
4
5
7
31
76
61
55
452
4
5
29
31
77
56
54
58
4
28
29
31
186
55
62
59
4
5
8
32
79
64
58
455
4
5
29
32
80
59
57
55
4
28
29
32
189
58
65
56
4
7
18
42
103
73
61
458
4
7
31
42
104
62
60
54
4
28
31
42
192
61
74
56
4
8
16
40
106
6
64
461
4
8
32
40
107
65
63
57
4
28
32
40
195
64
7
59
4
9
19
43
39
72
67
464
4
9
33
43
40
68
66
33
4
28
33
43
198
67
74
34
4
10
17
41
24
36
70
467
4
10
34
41
25
71
69
21
4
28
34
41
201
70
37
22
4
18
19
43
129
66
73
470
4
18
42
43
130
74
72
60
4
28
42
43
204
73
68
62
5
7
20
44
84
82
76
473
5
7
31
44
85
77
75
54
5
29
31
44
207
76
83
55
5
8
23
47
105
81
79
476
5
8
32
47
107
80
78
57
5
29
32
47
210
79
83
58
5
20
23
47
123
78
82
479
5
20
44
47
124
83
81
75
5
29
44
47
213
82
80
77
6
7
20
44
75
96
85
482
6
7
31
44
76
86
84
88
6
30
31
44
216
85
98
89
6
7
21
45
102
99
88
485
6
7
31
45
104
89
87
85
6
30
31
45
219
88
101
86
6
11
14
38
45
94
91
488
6
11
35
38
46
92
90
9
6
30
35
38
222
91
95
10
6
14
18
42
130
100
94
491
6
14
38
42
131
95
93
90
6
30
38
42
225
94
101
92
6
15
20
44
114
84
97
494
6
15
39
44
115
98
96
12
6
30
39
44
228
97
86
13
6
18
21
45
102
87
100
497
6
18
42
45
103
101
99
93
6
30
42
45
231
100
89
95
7
18
21
45
99
87
103
500
7
18
42
45
100
104
102
60
7
31
42
45
234
103
88
61
8
16
23
47
120
78
106
503
8
16
40
47
121
107
105
63
8
32
40
47
237
106
79
64
11
12
13
37
127
112
109
506
11
12
36
37
128
110
108
42
11
35
36
37
240
109
113
43
11
13
17
41
126
30
112
509
11
13
37
41
127
113
111
108
11
35
37
41
243
112
31
110
11
15
20
44
96
124
115
512
11
15
39
44
97
116
114
118
11
35
39
44
246
115
125
119
11
15
22
46
18
15
118
515
11
15
39
46
19
119
117
115
11
35
39
46
249
118
16
116
11
16
23
47
105
123
121
518
11
16
40
47
106
122
120
27
11
35
40
47
252
121
125
28
11
20
23
47
81
120
124
521
11
20
44
47
82
125
123
114
11
35
44
47
255
124
122
116
12
13
17
41
111
48
127
524
12
13
37
41
112
128
126
108
12
36
37
41
258
127
49
109
14
18
19
43
72
51
130
527
14
18
42
43
73
131
129
93
14
38
42
43
261
130
52
94
24
26
28
52
154
139
133
2
24
26
50
52
155
134
132
136
24
48
50
52
264
133
140
137
24
26
40
64
159
138
136
5
24
26
50
64
161
137
135
133
24
48
50
64
267
136
140
134
24
28
40
64
195
135
139
8
24
28
52
64
197
140
138
132
24
48
52
64
270
139
137
134
25
30
35
59
223
148
142
11
25
30
54
59
224
143
141
145
25
49
54
59
273
142
149
146
25
30
39
63
229
151
145
14
25
30
54
63
230
146
144
142
25
49
54
63
276
145
152
143
25
35
46
70
249
150
148
17
25
35
59
70
251
149
147
141
25
49
59
70
279
148
152
143
25
39
46
70
249
147
151
20
25
39
63
70
250
152
150
144
25
49
63
70
282
151
149
146
26
28
34
58
202
157
154
23
26
28
52
58
203
155
153
132
26
50
52
58
285
154
158
133
26
34
41
65
201
162
157
26
26
34
58
65
202
158
156
153
26
50
58
65
288
157
164
155
26
35
40
64
253
135
160
29
26
35
59
64
254
161
159
163
26
50
59
64
291
160
136
164
26
35
41
65
243
156
163
32
26
35
59
65
245
164
162
160
26
50
59
65
294
163
158
161
27
28
33
57
199
172
166
35
27
28
52
57
200
167
165
169
27
51
52
57
297
166
173
170
27
28
41
65
201
180
169
38
27
28
52
65
203
170
168
166
27
51
52
65
300
169
182
167
27
33
43
67
198
183
172
41
27
33
57
67
199
173
171
165
27
51
57
67
303
172
185
167
27
35
36
60
241
181
175
44
27
35
59
60
242
176
174
178
27
51
59
60
306
175
182
179
27
35
38
62
222
184
178
47
27
35
59
62
223
179
177
175
27
51
59
62
309
178
185
176
27
36
41
65
258
168
181
50
27
36
60
65
260
182
180
174
27
51
60
65
312
181
170
176
27
38
43
67
261
171
184
53
27
38
62
67
263
185
183
177
27
51
62
67
315
184
173
179
28
29
31
55
208
193
187
56
28
29
53
55
209
188
186
190
28
52
53
55
318
187
194
191
28
29
32
56
211
196
190
59
28
29
53
56
212
191
189
187
28
52
53
56
321
190
197
188
28
31
42
66
235
205
193
62
28
31
55
66
236
194
192
186
28
52
55
66
324
193
206
188
28
32
40
64
238
138
196
65
28
32
56
64
239
197
195
189
28
52
56
64
327
196
139
191
28
33
43
67
171
204
199
68
28
33
57
67
172
200
198
165
28
52
57
67
330
199
206
166
28
34
41
65
156
168
202
71
28
34
58
65
157
203
201
153
28
52
58
65
333
202
169
154
28
42
43
67
261
198
205
74
28
42
66
67
262
206
204
192
28
52
66
67
336
205
200
194
29
31
44
68
216
214
208
77
29
31
55
68
217
209
207
186
29
53
55
68
339
208
215
187
29
32
47
71
237
213
211
80
29
32
56
71
239
212
210
189
29
53
56
71
342
211
215
190
29
44
47
71
255
210
214
83
29
44
68
71
256
215
213
207
29
53
68
71
345
214
212
209
30
31
44
68
207
228
217
86
30
31
55
68
208
218
216
220
30
54
55
68
348
217
230
221
30
31
45
69
234
231
220
89
30
31
55
69
236
221
219
217
30
54
55
69
351
220
233
218
30
35
38
62
177
226
223
92
30
35
59
62
178
224
222
141
30
54
59
62
354
223
227
142
30
38
42
66
262
232
226
95
30
38
62
66
263
227
225
222
30
54
62
66
357
226
233
224
30
39
44
68
246
216
229
98
30
39
63
68
247
230
228
144
30
54
63
68
360
229
218
145
30
42
45
69
234
219
232
101
30
42
66
69
235
233
231
225
30
54
66
69
363
232
221
227
31
42
45
69
231
219
235
104
31
42
66
69
232
236
234
192
31
55
66
69
366
235
220
193
32
40
47
71
252
210
238
107
32
40
64
71
253
239
237
195
32
56
64
71
369
238
211
196
35
36
37
61
259
244
241
110
35
36
60
61
260
242
240
174
35
59
60
61
372
241
245
175
35
37
41
65
258
162
244
113
35
37
61
65
259
245
243
240
35
59
61
65
375
244
163
242
35
39
44
68
228
256
247
116
35
39
63
68
229
248
246
250
35
59
63
68
378
247
257
251
35
39
46
70
150
147
250
119
35
39
63
70
151
251
249
247
35
59
63
70
381
250
148
248
35
40
47
71
237
255
253
122
35
40
64
71
238
254
252
159
35
59
64
71
384
253
257
160
35
44
47
71
213
252
256
125
35
44
68
71
214
257
255
246
35
59
68
71
387
256
254
248
36
37
41
65
243
180
259
128
36
37
61
65
244
260
258
240
36
60
61
65
390
259
181
241
38
42
43
67
204
183
262
131
38
42
66
67
205
263
261
225
38
62
66
67
393
262
184
226
48
50
52
76
286
271
265
134
48
50
74
76
287
266
264
268
48
72
74
76
396
265
272
269
48
50
64
88
291
270
268
137
48
50
74
88
293
269
267
265
48
72
74
88
399
268
272
266
48
52
64
88
327
267
271
140
48
52
76
88
329
272
270
264
48
72
76
88
402
271
269
266
49
54
59
83
355
280
274
143
49
54
78
83
356
275
273
277
49
73
78
83
405
274
281
278
49
54
63
87
361
283
277
146
49
54
78
87
362
278
276
274
49
73
78
87
408
277
284
275
49
59
70
94
381
282
280
149
49
59
83
94
383
281
279
273
49
73
83
94
411
280
284
275
49
63
70
94
381
279
283
152
49
63
87
94
382
284
282
276
49
73
87
94
414
283
281
278
50
52
58
82
334
289
286
155
50
52
76
82
335
287
285
264
50
74
76
82
417
286
290
265
50
58
65
89
333
294
289
158
50
58
82
89
334
290
288
285
50
74
82
89
420
289
296
287
50
59
64
88
385
267
292
161
50
59
83
88
386
293
291
295
50
74
83
88
423
292
268
296
50
59
65
89
375
288
295
164
50
59
83
89
377
296
294
292
50
74
83
89
426
295
290
293
51
52
57
81
331
304
298
167
51
52
76
81
332
299
297
301
51
75
76
81
429
298
305
302
51
52
65
89
333
312
301
170
51
52
76
89
335
302
300
298
51
75
76
89
432
301
314
299
51
57
67
91
330
315
304
173
51
57
81
91
331
305
303
297
51
75
81
91
435
304
317
299
51
59
60
84
373
313
307
176
51
59
83
84
374
308
306
310
51
75
83
84
438
307
314
311
51
59
62
86
354
316
310
179
51
59
83
86
355
311
309
307
51
75
83
86
441
310
317
308
51
60
65
89
390
300
313
182
51
60
84
89
392
314
312
306
51
75
84
89
444
313
302
308
51
62
67
91
393
303
316
185
51
62
86
91
395
317
315
309
51
75
86
91
447
316
305
311
52
53
55
79
340
325
319
188
52
53
77
79
341
320
318
322
52
76
77
79
450
319
326
323
52
53
56
80
343
328
322
191
52
53
77
80
344
323
321
319
52
76
77
80
453
322
329
320
52
55
66
90
367
337
325
194
52
55
79
90
368
326
324
318
52
76
79
90
456
325
338
320
52
56
64
88
370
270
328
197
52
56
80
88
371
329
327
321
52
76
80
88
459
328
271
323
52
57
67
91
303
336
331
200
52
57
81
91
304
332
330
297
52
76
81
91
462
331
338
298
52
58
65
89
288
300
334
203
52
58
82
89
289
335
333
285
52
76
82
89
465
334
301
286
52
66
67
91
393
330
337
206
52
66
90
91
394
338
336
324
52
76
90
91
468
337
332
326
53
55
68
92
348
346
340
209
53
55
79
92
349
341
339
318
53
77
79
92
471
340
347
319
53
56
71
95
369
345
343
212
53
56
80
95
371
344
342
321
53
77
80
95
474
343
347
322
53
68
71
95
387
342
346
215
53
68
92
95
388
347
345
339
53
77
92
95
477
346
344
341
54
55
68
92
339
360
349
218
54
55
79
92
340
350
348
352
54
78
79
92
480
349
362
353
54
55
69
93
366
363
352
221
54
55
79
93
368
353
351
349
54
78
79
93
483
352
365
350
54
59
62
86
309
358
355
224
54
59
83
86
310
356
354
273
54
78
83
86
486
355
359
274
54
62
66
90
394
364
358
227
54
62
86
90
395
359
357
354
54
78
86
90
489
358
365
356
54
63
68
92
378
348
361
230
54
63
87
92
379
362
360
276
54
78
87
92
492
361
350
277
54
66
69
93
366
351
364
233
54
66
90
93
367
365
363
357
54
78
90
93
495
364
353
359
55
66
69
93
363
351
367
236
55
66
90
93
364
368
366
324
55
79
90
93
498
367
352
325
56
64
71
95
384
342
370
239
56
64
88
95
385
371
369
327
56
80
88
95
501
370
343
328
59
60
61
85
391
376
373
242
59
60
84
85
392
374
372
306
59
83
84
85
504
373
377
307
59
61
65
89
390
294
376
245
59
61
85
89
391
377
375
372
59
83
85
89
507
376
295
374
59
63
68
92
360
388
379
248
59
63
87
92
361
380
378
382
59
83
87
92
510
379
389
383
59
63
70
94
282
279
382
251
59
63
87
94
283
383
381
379
59
83
87
94
513
382
280
380
59
64
71
95
369
387
385
254
59
64
88
95
370
386
384
291
59
83
88
95
516
385
389
292
59
68
71
95
345
384
388
257
59
68
92
95
346
389
387
378
59
83
92
95
519
388
386
380
60
61
65
89
375
312
391
260
60
61
85
89
376
392
390
372
60
84
85
89
522
391
313
373
62
66
67
91
336
315
394
263
62
66
90
91
337
395
393
357
62
86
90
91
525
394
316
358
72
74
76
4
418
403
397
266
72
74
2
4
419
398
396
400
72
0
2
4
0
397
404
401
72
74
88
16
423
402
400
269
72
74
2
16
425
401
399
397
72
0
2
16
3
400
404
398
72
76
88
16
459
399
403
272
72
76
4
16
461
404
402
396
72
0
4
16
6
403
401
398
73
78
83
11
487
412
406
275
73
78
6
11
488
407
405
409
73
1
6
11
9
406
413
410
73
78
87
15
493
415
409
278
73
78
6
15
494
410
408
406
73
1
6
15
12
409
416
407
73
83
94
22
513
414
412
281
73
83
11
22
515
413
411
405
73
1
11
22
15
412
416
407
73
87
94
22
513
411
415
284
73
87
15
22
514
416
414
408
73
1
15
22
18
415
413
410
74
76
82
10
466
421
418
287
74
76
4
10
467
419
417
396
74
2
4
10
21
418
422
397
74
82
89
17
465
426
421
290
74
82
10
17
466
422
420
417
74
2
10
17
24
421
428
419
74
83
88
16
517
399
424
293
74
83
11
16
518
425
423
427
74
2
11
16
27
424
400
428
74
83
89
17
507
420
427
296
74
83
11
17
509
428
426
424
74
2
11
17
30
427
422
425
75
76
81
9
463
436
430
299
75
76
4
9
464
431
429
433
75
3
4
9
33
430
437
434
75
76
89
17
465
444
433
302
75
76
4
17
467
434
432
430
75
3
4
17
36
433
446
431
75
81
91
19
462
447
436
305
75
81
9
19
463
437
435
429
75
3
9
19
39
436
449
431
75
83
84
12
505
445
439
308
75
83
11
12
506
440
438
442
75
3
11
12
42
439
446
443
75
83
86
14
486
448
442
311
75
83
11
14
487
443
441
439
75
3
11
14
45
442
449
440
75
84
89
17
522
432
445
314
75
84
12
17
524
446
444
438
75
3
12
17
48
445
434
440
75
86
91
19
525
435
448
317
75
86
14
19
527
449
447
441
75
3
14
19
51
448
437
443
76
77
79
7
472
457
451
320
76
77
5
7
473
452
450
454
76
4
5
7
54
451
458
455
76
77
80
8
475
460
454
323
76
77
5
8
476
455
453
451
76
4
5
8
57
454
461
452
76
79
90
18
499
469
457
326
76
79
7
18
500
458
456
450
76
4
7
18
60
457
470
452
76
80
88
16
502
402
460
329
76
80
8
16
503
461
459
453
76
4
8
16
63
460
403
455
76
81
91
19
435
468
463
332
76
81
9
19
436
464
462
429
76
4
9
19
66
463
470
430
76
82
89
17
420
432
466
335
76
82
10
17
421
467
465
417
76
4
10
17
69
466
433
418
76
90
91
19
525
462
469
338
76
90
18
19
526
470
468
456
76
4
18
19
72
469
464
458
77
79
92
20
480
478
472
341
77
79
7
20
481
473
471
450
77
5
7
20
75
472
479
451
77
80
95
23
501
477
475
344
77
80
8
23
503
476
474
453
77
5
8
23
78
475
479
454
77
92
95
23
519
474
478
347
77
92
20
23
520
479
477
471
77
5
20
23
81
478
476
473
78
79
92
20
471
492
481
350
78
79
7
20
472
482
480
484
78
6
7
20
84
481
494
485
78
79
93
21
498
495
484
353
78
79
7
21
500
485
483
481
78
6
7
21
87
484
497
482
78
83
86
14
441
490
487
356
78
83
11
14
442
488
486
405
78
6
11
14
90
487
491
406
78
86
90
18
526
496
490
359
78
86
14
18
527
491
489
486
78
6
14
18
93
490
497
488
78
87
92
20
510
480
493
362
78
87
15
20
511
494
492
408
78
6
15
20
96
493
482
409
78
90
93
21
498
483
496
365
78
90
18
21
499
497
495
489
78
6
18
21
99
496
485
491
79
90
93
21
495
483
499
368
79
90
18
21
496
500
498
456
79
7
18
21
102
499
484
457
80
88
95
23
516
474
502
371
80
88
16
23
517
503
501
459
80
8
16
23
105
502
475
460
83
84
85
13
523
508
505
374
83
84
12
13
524
506
504
438
83
11
12
13
108
505
509
439
83
85
89
17
522
426
508
377
83
85
13
17
523
509
507
504
83
11
13
17
111
508
427
506
83
87
92
20
492
520
511
380
83
87
15
20
493
512
510
514
83
11
15
20
114
511
521
515
83
87
94
22
414
411
514
383
83
87
15
22
415
515
513
511
83
11
15
22
117
514
412
512
83
88
95
23
501
519
517
386
83
88
16
23
502
518
516
423
83
11
16
23
120
517
521
424
83
92
95
23
477
516
520
389
83
92
20
23
478
521
519
510
83
11
20
23
123
520
518
512
84
85
89
17
507
444
523
392
84
85
13
17
508
524
522
504
84
12
13
17
126
523
445
505
86
90
91
19
468
447
526
395
86
90
18
19
469
527
525
489
86
14
18
19
129
526
448
490
528
