1
96
0
0
0
0
0
0
0
0
0
0
0
0
0
0
0
0
0
0
0
0
0
0
0
0
1
1
1
1
1
1
1
1
1
1
1
1
1
1
1
1
1
1
1
1
1
1
1
1
2
2
2
2
2
2
2
2
2
2
2
2
2
2
2
2
2
2
2
2
2
2
2
2
3
3
3
3
3
3
3
3
3
3
3
3
3
3
3
3
3
3
3
3
3
3
3
3
96
528
0
12
19
43
111
13
1
398
0
12
36
43
112
2
0
4
0
24
36
43
132
1
14
5
0
12
20
44
84
6
4
401
0
12
36
44
85
5
3
1
0
24
36
44
135
4
8
2
0
15
20
44
54
3
7
404
0
15
39
44
55
8
6
10
0
24
39
44
138
7
5
11
0
15
22
46
57
12
10
407
0
15
39
46
58
11
9
7
0
24
39
46
141
10
14
8
0
19
22
46
126
9
13
410
0
19
43
46
127
14
12
0
0
24
43
46
144
13
11
2
1
2
14
38
31
22
16
413
1
2
26
38
32
17
15
19
1
25
26
38
147
16
23
20
1
2
23
47
27
21
19
416
1
2
26
47
29
20
18
16
1
25
26
47
150
19
23
17
1
14
23
47
129
18
22
419
1
14
38
47
131
23
21
15
1
25
38
47
153
22
20
17
2
7
17
41
91
34
25
422
2
7
31
41
92
26
24
28
2
26
31
41
156
25
35
29
2
7
23
47
90
18
28
425
2
7
31
47
92
29
27
25
2
26
31
47
159
28
19
26
2
14
21
45
99
33
31
428
2
14
38
45
100
32
30
15
2
26
38
45
162
31
35
16
2
17
21
45
102
30
34
431
2
17
41
45
103
35
33
24
2
26
41
45
165
34
32
26
3
5
10
34
64
42
37
434
3
5
29
34
65
38
36
40
3
27
29
34
168
37
44
41
3
5
16
40
76
49
40
437
3
5
29
40
77
41
39
37
3
27
29
40
171
40
50
38
3
6
10
34
79
36
43
440
3
6
30
34
80
44
42
46
3
27
30
34
174
43
38
47
3
6
22
46
87
51
46
443
3
6
30
46
89
47
45
43
3
27
30
46
177
46
53
44
3
16
20
44
75
52
49
446
3
16
40
44
76
50
48
39
3
27
40
44
180
49
53
41
3
20
22
46
60
45
52
449
3
20
44
46
61
53
51
48
3
27
44
46
183
52
47
50
4
15
20
44
6
61
55
452
4
15
39
44
7
56
54
58
4
28
39
44
186
55
62
59
4
15
22
46
9
60
58
455
4
15
39
46
10
59
57
55
4
28
39
46
189
58
62
56
4
20
22
46
51
57
61
458
4
20
44
46
52
62
60
54
4
28
44
46
192
61
59
56
5
10
18
42
117
69
64
461
5
10
34
42
119
65
63
36
5
29
34
42
195
64
71
37
5
11
14
38
93
73
67
464
5
11
35
38
94
68
66
70
5
29
35
38
198
67
74
71
5
11
18
42
117
63
70
467
5
11
35
42
118
71
69
67
5
29
35
42
201
70
65
68
5
14
20
44
130
75
73
470
5
14
38
44
131
74
72
66
5
29
38
44
204
73
77
68
5
16
20
44
48
72
76
473
5
16
40
44
49
77
75
39
5
29
40
44
207
76
74
40
6
10
11
35
118
82
79
476
6
10
34
35
119
80
78
42
6
30
34
35
210
79
83
43
6
11
20
44
121
84
82
479
6
11
35
44
122
83
81
78
6
30
35
44
213
82
86
80
6
12
20
44
3
81
85
482
6
12
36
44
4
86
84
88
6
30
36
44
216
85
83
89
6
12
22
46
123
45
88
485
6
12
36
46
125
89
87
85
6
30
36
46
219
88
46
86
7
17
23
47
105
27
91
488
7
17
41
47
106
92
90
24
7
31
41
47
222
91
28
25
8
11
14
38
66
100
94
491
8
11
35
38
67
95
93
97
8
32
35
38
225
94
101
98
8
11
23
47
120
105
97
494
8
11
35
47
122
98
96
94
8
32
35
47
228
97
107
95
8
14
21
45
30
102
100
497
8
14
38
45
31
101
99
93
8
32
38
45
231
100
104
95
8
17
21
45
33
99
103
500
8
17
41
45
34
104
102
106
8
32
41
45
234
103
101
107
8
17
23
47
90
96
106
503
8
17
41
47
91
107
105
103
8
32
41
47
237
106
98
104
9
12
13
37
124
115
109
506
9
12
36
37
125
110
108
112
9
33
36
37
240
109
116
113
9
12
19
43
0
114
112
509
9
12
36
43
1
113
111
109
9
33
36
43
243
112
116
110
9
13
19
43
127
111
115
512
9
13
37
43
128
116
114
108
9
33
37
43
246
115
113
110
10
11
18
42
69
63
118
515
10
11
35
42
70
119
117
78
10
34
35
42
249
118
64
79
11
20
23
47
129
96
121
518
11
20
44
47
130
122
120
81
11
35
44
47
252
121
97
82
12
13
22
46
126
87
124
521
12
13
37
46
128
125
123
108
12
36
37
46
255
124
88
109
13
19
22
46
12
123
127
524
13
19
43
46
13
128
126
114
13
37
43
46
258
127
124
115
14
20
23
47
120
21
130
527
14
20
44
47
121
131
129
72
14
38
44
47
261
130
22
73
24
36
43
67
243
145
133
2
24
36
60
67
244
134
132
136
24
48
60
67
264
133
146
137
24
36
44
68
216
138
136
5
24
36
60
68
217
137
135
133
24
48
60
68
267
136
140
134
24
39
44
68
186
135
139
8
24
39
63
68
187
140
138
142
24
48
63
68
270
139
137
143
24
39
46
70
189
144
142
11
24
39
63
70
190
143
141
139
24
48
63
70
273
142
146
140
24
43
46
70
258
141
145
14
24
43
67
70
259
146
144
132
24
48
67
70
276
145
143
134
25
26
38
62
163
154
148
17
25
26
50
62
164
149
147
151
25
49
50
62
279
148
155
152
25
26
47
71
159
153
151
20
25
26
50
71
161
152
150
148
25
49
50
71
282
151
155
149
25
38
47
71
261
150
154
23
25
38
62
71
263
155
153
147
25
49
62
71
285
154
152
149
26
31
41
65
223
166
157
26
26
31
55
65
224
158
156
160
26
50
55
65
288
157
167
161
26
31
47
71
222
150
160
29
26
31
55
71
224
161
159
157
26
50
55
71
291
160
151
158
26
38
45
69
231
165
163
32
26
38
62
69
232
164
162
147
26
50
62
69
294
163
167
148
26
41
45
69
234
162
166
35
26
41
65
69
235
167
165
156
26
50
65
69
297
166
164
158
27
29
34
58
196
174
169
38
27
29
53
58
197
170
168
172
27
51
53
58
300
169
176
173
27
29
40
64
208
181
172
41
27
29
53
64
209
173
171
169
27
51
53
64
303
172
182
170
27
30
34
58
211
168
175
44
27
30
54
58
212
176
174
178
27
51
54
58
306
175
170
179
27
30
46
70
219
183
178
47
27
30
54
70
221
179
177
175
27
51
54
70
309
178
185
176
27
40
44
68
207
184
181
50
27
40
64
68
208
182
180
171
27
51
64
68
312
181
185
173
27
44
46
70
192
177
184
53
27
44
68
70
193
185
183
180
27
51
68
70
315
184
179
182
28
39
44
68
138
193
187
56
28
39
63
68
139
188
186
190
28
52
63
68
318
187
194
191
28
39
46
70
141
192
190
59
28
39
63
70
142
191
189
187
28
52
63
70
321
190
194
188
28
44
46
70
183
189
193
62
28
44
68
70
184
194
192
186
28
52
68
70
324
193
191
188
29
34
42
66
249
201
196
65
29
34
58
66
251
197
195
168
29
53
58
66
327
196
203
169
29
35
38
62
225
205
199
68
29
35
59
62
226
200
198
202
29
53
59
62
330
199
206
203
29
35
42
66
249
195
202
71
29
35
59
66
250
203
201
199
29
53
59
66
333
202
197
200
29
38
44
68
262
207
205
74
29
38
62
68
263
206
204
198
29
53
62
68
336
205
209
200
29
40
44
68
180
204
208
77
29
40
64
68
181
209
207
171
29
53
64
68
339
208
206
172
30
34
35
59
250
214
211
80
30
34
58
59
251
212
210
174
30
54
58
59
342
211
215
175
30
35
44
68
253
216
214
83
30
35
59
68
254
215
213
210
30
54
59
68
345
214
218
212
30
36
44
68
135
213
217
86
30
36
60
68
136
218
216
220
30
54
60
68
348
217
215
221
30
36
46
70
255
177
220
89
30
36
60
70
257
221
219
217
30
54
60
70
351
220
178
218
31
41
47
71
237
159
223
92
31
41
65
71
238
224
222
156
31
55
65
71
354
223
160
157
32
35
38
62
198
232
226
95
32
35
59
62
199
227
225
229
32
56
59
62
357
226
233
230
32
35
47
71
252
237
229
98
32
35
59
71
254
230
228
226
32
56
59
71
360
229
239
227
32
38
45
69
162
234
232
101
32
38
62
69
163
233
231
225
32
56
62
69
363
232
236
227
32
41
45
69
165
231
235
104
32
41
65
69
166
236
234
238
32
56
65
69
366
235
233
239
32
41
47
71
222
228
238
107
32
41
65
71
223
239
237
235
32
56
65
71
369
238
230
236
33
36
37
61
256
247
241
110
33
36
60
61
257
242
240
244
33
57
60
61
372
241
248
245
33
36
43
67
132
246
244
113
33
36
60
67
133
245
243
241
33
57
60
67
375
244
248
242
33
37
43
67
259
243
247
116
33
37
61
67
260
248
246
240
33
57
61
67
378
247
245
242
34
35
42
66
201
195
250
119
34
35
59
66
202
251
249
210
34
58
59
66
381
250
196
211
35
44
47
71
261
228
253
122
35
44
68
71
262
254
252
213
35
59
68
71
384
253
229
214
36
37
46
70
258
219
256
125
36
37
61
70
260
257
255
240
36
60
61
70
387
256
220
241
37
43
46
70
144
255
259
128
37
43
67
70
145
260
258
246
37
61
67
70
390
259
256
247
38
44
47
71
252
153
262
131
38
44
68
71
253
263
261
204
38
62
68
71
393
262
154
205
48
60
67
91
375
277
265
134
48
60
84
91
376
266
264
268
48
72
84
91
396
265
278
269
48
60
68
92
348
270
268
137
48
60
84
92
349
269
267
265
48
72
84
92
399
268
272
266
48
63
68
92
318
267
271
140
48
63
87
92
319
272
270
274
48
72
87
92
402
271
269
275
48
63
70
94
321
276
274
143
48
63
87
94
322
275
273
271
48
72
87
94
405
274
278
272
48
67
70
94
390
273
277
146
48
67
91
94
391
278
276
264
48
72
91
94
408
277
275
266
49
50
62
86
295
286
280
149
49
50
74
86
296
281
279
283
49
73
74
86
411
280
287
284
49
50
71
95
291
285
283
152
49
50
74
95
293
284
282
280
49
73
74
95
414
283
287
281
49
62
71
95
393
282
286
155
49
62
86
95
395
287
285
279
49
73
86
95
417
286
284
281
50
55
65
89
355
298
289
158
50
55
79
89
356
290
288
292
50
74
79
89
420
289
299
293
50
55
71
95
354
282
292
161
50
55
79
95
356
293
291
289
50
74
79
95
423
292
283
290
50
62
69
93
363
297
295
164
50
62
86
93
364
296
294
279
50
74
86
93
426
295
299
280
50
65
69
93
366
294
298
167
50
65
89
93
367
299
297
288
50
74
89
93
429
298
296
290
51
53
58
82
328
306
301
170
51
53
77
82
329
302
300
304
51
75
77
82
432
301
308
305
51
53
64
88
340
313
304
173
51
53
77
88
341
305
303
301
51
75
77
88
435
304
314
302
51
54
58
82
343
300
307
176
51
54
78
82
344
308
306
310
51
75
78
82
438
307
302
311
51
54
70
94
351
315
310
179
51
54
78
94
353
311
309
307
51
75
78
94
441
310
317
308
51
64
68
92
339
316
313
182
51
64
88
92
340
314
312
303
51
75
88
92
444
313
317
305
51
68
70
94
324
309
316
185
51
68
92
94
325
317
315
312
51
75
92
94
447
316
311
314
52
63
68
92
270
325
319
188
52
63
87
92
271
320
318
322
52
76
87
92
450
319
326
323
52
63
70
94
273
324
322
191
52
63
87
94
274
323
321
319
52
76
87
94
453
322
326
320
52
68
70
94
315
321
325
194
52
68
92
94
316
326
324
318
52
76
92
94
456
325
323
320
53
58
66
90
381
333
328
197
53
58
82
90
383
329
327
300
53
77
82
90
459
328
335
301
53
59
62
86
357
337
331
200
53
59
83
86
358
332
330
334
53
77
83
86
462
331
338
335
53
59
66
90
381
327
334
203
53
59
83
90
382
335
333
331
53
77
83
90
465
334
329
332
53
62
68
92
394
339
337
206
53
62
86
92
395
338
336
330
53
77
86
92
468
337
341
332
53
64
68
92
312
336
340
209
53
64
88
92
313
341
339
303
53
77
88
92
471
340
338
304
54
58
59
83
382
346
343
212
54
58
82
83
383
344
342
306
54
78
82
83
474
343
347
307
54
59
68
92
385
348
346
215
54
59
83
92
386
347
345
342
54
78
83
92
477
346
350
344
54
60
68
92
267
345
349
218
54
60
84
92
268
350
348
352
54
78
84
92
480
349
347
353
54
60
70
94
387
309
352
221
54
60
84
94
389
353
351
349
54
78
84
94
483
352
310
350
55
65
71
95
369
291
355
224
55
65
89
95
370
356
354
288
55
79
89
95
486
355
292
289
56
59
62
86
330
364
358
227
56
59
83
86
331
359
357
361
56
80
83
86
489
358
365
362
56
59
71
95
384
369
361
230
56
59
83
95
386
362
360
358
56
80
83
95
492
361
371
359
56
62
69
93
294
366
364
233
56
62
86
93
295
365
363
357
56
80
86
93
495
364
368
359
56
65
69
93
297
363
367
236
56
65
89
93
298
368
366
370
56
80
89
93
498
367
365
371
56
65
71
95
354
360
370
239
56
65
89
95
355
371
369
367
56
80
89
95
501
370
362
368
57
60
61
85
388
379
373
242
57
60
84
85
389
374
372
376
57
81
84
85
504
373
380
377
57
60
67
91
264
378
376
245
57
60
84
91
265
377
375
373
57
81
84
91
507
376
380
374
57
61
67
91
391
375
379
248
57
61
85
91
392
380
378
372
57
81
85
91
510
379
377
374
58
59
66
90
333
327
382
251
58
59
83
90
334
383
381
342
58
82
83
90
513
382
328
343
59
68
71
95
393
360
385
254
59
68
92
95
394
386
384
345
59
83
92
95
516
385
361
346
60
61
70
94
390
351
388
257
60
61
85
94
392
389
387
372
60
84
85
94
519
388
352
373
61
67
70
94
276
387
391
260
61
67
91
94
277
392
390
378
61
85
91
94
522
391
388
379
62
68
71
95
384
285
394
263
62
68
92
95
385
395
393
336
62
86
92
95
525
394
286
337
72
84
91
19
507
409
397
266
72
84
12
19
508
398
396
400
72
0
12
19
0
397
410
401
72
84
92
20
480
402
400
269
72
84
12
20
481
401
399
397
72
0
12
20
3
400
404
398
72
87
92
20
450
399
403
272
72
87
15
20
451
404
402
406
72
0
15
20
6
403
401
407
72
87
94
22
453
408
406
275
72
87
15
22
454
407
405
403
72
0
15
22
9
406
410
404
72
91
94
22
522
405
409
278
72
91
19
22
523
410
408
396
72
0
19
22
12
409
407
398
73
74
86
14
427
418
412
281
73
74
2
14
428
413
411
415
73
1
2
14
15
412
419
416
73
74
95
23
423
417
415
284
73
74
2
23
425
416
414
412
73
1
2
23
18
415
419
413
73
86
95
23
525
414
418
287
73
86
14
23
527
419
417
411
73
1
14
23
21
418
416
413
74
79
89
17
487
430
421
290
74
79
7
17
488
422
420
424
74
2
7
17
24
421
431
425
74
79
95
23
486
414
424
293
74
79
7
23
488
425
423
421
74
2
7
23
27
424
415
422
74
86
93
21
495
429
427
296
74
86
14
21
496
428
426
411
74
2
14
21
30
427
431
412
74
89
93
21
498
426
430
299
74
89
17
21
499
431
429
420
74
2
17
21
33
430
428
422
75
77
82
10
460
438
433
302
75
77
5
10
461
434
432
436
75
3
5
10
36
433
440
437
75
77
88
16
472
445
436
305
75
77
5
16
473
437
435
433
75
3
5
16
39
436
446
434
75
78
82
10
475
432
439
308
75
78
6
10
476
440
438
442
75
3
6
10
42
439
434
443
75
78
94
22
483
447
442
311
75
78
6
22
485
443
441
439
75
3
6
22
45
442
449
440
75
88
92
20
471
448
445
314
75
88
16
20
472
446
444
435
75
3
16
20
48
445
449
437
75
92
94
22
456
441
448
317
75
92
20
22
457
449
447
444
75
3
20
22
51
448
443
446
76
87
92
20
402
457
451
320
76
87
15
20
403
452
450
454
76
4
15
20
54
451
458
455
76
87
94
22
405
456
454
323
76
87
15
22
406
455
453
451
76
4
15
22
57
454
458
452
76
92
94
22
447
453
457
326
76
92
20
22
448
458
456
450
76
4
20
22
60
457
455
452
77
82
90
18
513
465
460
329
77
82
10
18
515
461
459
432
77
5
10
18
63
460
467
433
77
83
86
14
489
469
463
332
77
83
11
14
490
464
462
466
77
5
11
14
66
463
470
467
77
83
90
18
513
459
466
335
77
83
11
18
514
467
465
463
77
5
11
18
69
466
461
464
77
86
92
20
526
471
469
338
77
86
14
20
527
470
468
462
77
5
14
20
72
469
473
464
77
88
92
20
444
468
472
341
77
88
16
20
445
473
471
435
77
5
16
20
75
472
470
436
78
82
83
11
514
478
475
344
78
82
10
11
515
476
474
438
78
6
10
11
78
475
479
439
78
83
92
20
517
480
478
347
78
83
11
20
518
479
477
474
78
6
11
20
81
478
482
476
78
84
92
20
399
477
481
350
78
84
12
20
400
482
480
484
78
6
12
20
84
481
479
485
78
84
94
22
519
441
484
353
78
84
12
22
521
485
483
481
78
6
12
22
87
484
442
482
79
89
95
23
501
423
487
356
79
89
17
23
502
488
486
420
79
7
17
23
90
487
424
421
80
83
86
14
462
496
490
359
80
83
11
14
463
491
489
493
80
8
11
14
93
490
497
494
80
83
95
23
516
501
493
362
80
83
11
23
518
494
492
490
80
8
11
23
96
493
503
491
80
86
93
21
426
498
496
365
80
86
14
21
427
497
495
489
80
8
14
21
99
496
500
491
80
89
93
21
429
495
499
368
80
89
17
21
430
500
498
502
80
8
17
21
102
499
497
503
80
89
95
23
486
492
502
371
80
89
17
23
487
503
501
499
80
8
17
23
105
502
494
500
81
84
85
13
520
511
505
374
81
84
12
13
521
506
504
508
81
9
12
13
108
505
512
509
81
84
91
19
396
510
508
377
81
84
12
19
397
509
507
505
81
9
12
19
111
508
512
506
81
85
91
19
523
507
511
380
81
85
13
19
524
512
510
504
81
9
13
19
114
511
509
506
82
83
90
18
465
459
514
383
82
83
11
18
466
515
513
474
82
10
11
18
117
514
460
475
83
92
95
23
525
492
517
386
83
92
20
23
526
518
516
477
83
11
20
23
120
517
493
478
84
85
94
22
522
483
520
389
84
85
13
22
524
521
519
504
84
12
13
22
123
520
484
505
85
91
94
22
408
519
523
392
85
91
19
22
409
524
522
510
85
13
19
22
126
523
520
511
86
92
95
23
516
417
526
395
86
92
20
23
517
527
525
468
86
14
20
23
129
526
418
469
528
