1
96
0
0
0
0
0
0
0
0
0
0
0
0
0
0
0
0
0
0
0
0
0
0
0
0
1
1
1
1
1
1
1
1
1
1
1
1
1
1
1
1
1
1
1
1
1
1
1
1
2
2
2
2
2
2
2
2
2
2
2
2
2
2
2
2
2
2
2
2
2
2
2
2
3
3
3
3
3
3
3
3
3
3
3
3
3
3
3
3
3
3
3
3
3
3
3
3
96
528
0
3
7
31
49
7
1
398
0
3
27
31
50
2
0
4
0
24
27
31
132
1
8
5
0
3
12
36
42
10
4
401
0
3
27
36
44
5
3
1
0
24
27
36
135
4
11
2
0
7
13
37
69
9
7
404
0
7
31
37
71
8
6
0
0
24
31
37
138
7
11
2
0
12
13
37
93
6
10
407
0
12
36
37
94
11
9
3
0
24
36
37
141
10
8
5
1
4
12
36
54
18
13
410
1
4
28
36
56
14
12
16
1
25
28
36
144
13
20
17
1
4
16
40
61
25
16
413
1
4
28
40
62
17
15
13
1
25
28
40
147
16
26
14
1
6
12
36
33
12
19
416
1
6
30
36
34
20
18
22
1
25
30
36
150
19
14
23
1
6
17
41
36
24
22
419
1
6
30
41
37
23
21
19
1
25
30
41
153
22
26
20
1
16
17
41
60
21
25
422
1
16
40
41
61
26
24
15
1
25
40
41
156
25
23
17
2
5
9
33
64
40
28
425
2
5
29
33
65
29
27
31
2
26
29
33
159
28
41
32
2
5
12
36
42
33
31
428
2
5
29
36
43
32
30
28
2
26
29
36
162
31
35
29
2
6
12
36
18
30
34
431
2
6
30
36
19
35
33
37
2
26
30
36
165
34
32
38
2
6
17
41
21
39
37
434
2
6
30
41
22
38
36
34
2
26
30
41
168
37
41
35
2
9
17
41
100
36
40
437
2
9
33
41
101
41
39
27
2
26
33
41
171
40
38
29
3
5
12
36
30
3
43
440
3
5
29
36
31
44
42
46
3
27
29
36
174
43
4
47
3
5
21
45
66
51
46
443
3
5
29
45
68
47
45
43
3
27
29
45
177
46
53
44
3
7
20
44
78
52
49
446
3
7
31
44
80
50
48
0
3
27
31
44
180
49
53
1
3
20
21
45
130
45
52
449
3
20
44
45
131
53
51
48
3
27
44
45
183
52
47
50
4
8
12
36
94
12
55
452
4
8
32
36
95
56
54
58
4
28
32
36
186
55
13
59
4
8
17
41
72
60
58
455
4
8
32
41
73
59
57
55
4
28
32
41
189
58
62
56
4
16
17
41
24
57
61
458
4
16
40
41
25
62
60
15
4
28
40
41
192
61
59
16
5
9
14
38
97
67
64
461
5
9
33
38
98
65
63
27
5
29
33
38
195
64
68
28
5
14
21
45
124
45
67
464
5
14
38
45
125
68
66
63
5
29
38
45
198
67
46
65
7
8
13
37
93
6
70
467
7
8
32
37
95
71
69
73
7
31
32
37
201
70
7
74
7
8
17
41
57
84
73
470
7
8
32
41
58
74
72
70
7
31
32
41
204
73
86
71
7
10
14
38
106
82
76
473
7
10
34
38
107
77
75
79
7
31
34
38
207
76
83
80
7
10
20
44
109
48
79
476
7
10
34
44
110
80
78
76
7
31
34
44
210
79
49
77
7
14
22
46
96
90
82
479
7
14
38
46
97
83
81
75
7
31
38
46
213
82
92
77
7
15
17
41
111
72
85
482
7
15
39
41
112
86
84
88
7
31
39
41
216
85
74
89
7
15
18
42
127
91
88
485
7
15
39
42
128
89
87
85
7
31
39
42
219
88
92
86
7
18
22
46
102
81
91
488
7
18
42
46
103
92
90
87
7
31
42
46
222
91
83
89
8
12
13
37
9
69
94
491
8
12
36
37
10
95
93
54
8
32
36
37
225
94
70
55
9
14
22
46
81
102
97
494
9
14
38
46
82
98
96
63
9
33
38
46
228
97
104
64
9
17
18
42
117
103
100
497
9
17
41
42
118
101
99
39
9
33
41
42
231
100
104
40
9
18
22
46
90
96
103
500
9
18
42
46
91
104
102
99
9
33
42
46
234
103
98
101
10
14
23
47
123
108
106
503
10
14
38
47
125
107
105
75
10
34
38
47
237
106
110
76
10
20
23
47
129
105
109
506
10
20
44
47
131
110
108
78
10
34
44
47
240
109
107
79
11
15
17
41
84
118
112
509
11
15
39
41
85
113
111
115
11
35
39
41
243
112
119
116
11
15
19
43
126
120
115
512
11
15
39
43
128
116
114
112
11
35
39
43
246
115
122
113
11
17
18
42
99
121
118
515
11
17
41
42
100
119
117
111
11
35
41
42
249
118
122
113
11
18
19
43
126
114
121
518
11
18
42
43
127
122
120
117
11
35
42
43
252
121
116
119
14
21
23
47
129
105
124
521
14
21
45
47
130
125
123
66
14
38
45
47
255
124
106
67
15
18
19
43
120
114
127
524
15
18
42
43
121
128
126
87
15
39
42
43
258
127
115
88
20
21
23
47
123
108
130
527
20
21
45
47
124
131
129
51
20
44
45
47
261
130
109
52
24
27
31
55
181
139
133
2
24
27
51
55
182
134
132
136
24
48
51
55
264
133
140
137
24
27
36
60
174
142
136
5
24
27
51
60
176
137
135
133
24
48
51
60
267
136
143
134
24
31
37
61
201
141
139
8
24
31
55
61
203
140
138
132
24
48
55
61
270
139
143
134
24
36
37
61
225
138
142
11
24
36
60
61
226
143
141
135
24
48
60
61
273
142
140
137
25
28
36
60
186
150
145
14
25
28
52
60
188
146
144
148
25
49
52
60
276
145
152
149
25
28
40
64
193
157
148
17
25
28
52
64
194
149
147
145
25
49
52
64
279
148
158
146
25
30
36
60
165
144
151
20
25
30
54
60
166
152
150
154
25
49
54
60
282
151
146
155
25
30
41
65
168
156
154
23
25
30
54
65
169
155
153
151
25
49
54
65
285
154
158
152
25
40
41
65
192
153
157
26
25
40
64
65
193
158
156
147
25
49
64
65
288
157
155
149
26
29
33
57
196
172
160
29
26
29
53
57
197
161
159
163
26
50
53
57
291
160
173
164
26
29
36
60
174
165
163
32
26
29
53
60
175
164
162
160
26
50
53
60
294
163
167
161
26
30
36
60
150
162
166
35
26
30
54
60
151
167
165
169
26
50
54
60
297
166
164
170
26
30
41
65
153
171
169
38
26
30
54
65
154
170
168
166
26
50
54
65
300
169
173
167
26
33
41
65
232
168
172
41
26
33
57
65
233
173
171
159
26
50
57
65
303
172
170
161
27
29
36
60
162
135
175
44
27
29
53
60
163
176
174
178
27
51
53
60
306
175
136
179
27
29
45
69
198
183
178
47
27
29
53
69
200
179
177
175
27
51
53
69
309
178
185
176
27
31
44
68
210
184
181
50
27
31
55
68
212
182
180
132
27
51
55
68
312
181
185
133
27
44
45
69
262
177
184
53
27
44
68
69
263
185
183
180
27
51
68
69
315
184
179
182
28
32
36
60
226
144
187
56
28
32
56
60
227
188
186
190
28
52
56
60
318
187
145
191
28
32
41
65
204
192
190
59
28
32
56
65
205
191
189
187
28
52
56
65
321
190
194
188
28
40
41
65
156
189
193
62
28
40
64
65
157
194
192
147
28
52
64
65
324
193
191
148
29
33
38
62
229
199
196
65
29
33
57
62
230
197
195
159
29
53
57
62
327
196
200
160
29
38
45
69
256
177
199
68
29
38
62
69
257
200
198
195
29
53
62
69
330
199
178
197
31
32
37
61
225
138
202
71
31
32
56
61
227
203
201
205
31
55
56
61
333
202
139
206
31
32
41
65
189
216
205
74
31
32
56
65
190
206
204
202
31
55
56
65
336
205
218
203
31
34
38
62
238
214
208
77
31
34
58
62
239
209
207
211
31
55
58
62
339
208
215
212
31
34
44
68
241
180
211
80
31
34
58
68
242
212
210
208
31
55
58
68
342
211
181
209
31
38
46
70
228
222
214
83
31
38
62
70
229
215
213
207
31
55
62
70
345
214
224
209
31
39
41
65
243
204
217
86
31
39
63
65
244
218
216
220
31
55
63
65
348
217
206
221
31
39
42
66
259
223
220
89
31
39
63
66
260
221
219
217
31
55
63
66
351
220
224
218
31
42
46
70
234
213
223
92
31
42
66
70
235
224
222
219
31
55
66
70
354
223
215
221
32
36
37
61
141
201
226
95
32
36
60
61
142
227
225
186
32
56
60
61
357
226
202
187
33
38
46
70
213
234
229
98
33
38
62
70
214
230
228
195
33
57
62
70
360
229
236
196
33
41
42
66
249
235
232
101
33
41
65
66
250
233
231
171
33
57
65
66
363
232
236
172
33
42
46
70
222
228
235
104
33
42
66
70
223
236
234
231
33
57
66
70
366
235
230
233
34
38
47
71
255
240
238
107
34
38
62
71
257
239
237
207
34
58
62
71
369
238
242
208
34
44
47
71
261
237
241
110
34
44
68
71
263
242
240
210
34
58
68
71
372
241
239
211
35
39
41
65
216
250
244
113
35
39
63
65
217
245
243
247
35
59
63
65
375
244
251
248
35
39
43
67
258
252
247
116
35
39
63
67
260
248
246
244
35
59
63
67
378
247
254
245
35
41
42
66
231
253
250
119
35
41
65
66
232
251
249
243
35
59
65
66
381
250
254
245
35
42
43
67
258
246
253
122
35
42
66
67
259
254
252
249
35
59
66
67
384
253
248
251
38
45
47
71
261
237
256
125
38
45
69
71
262
257
255
198
38
62
69
71
387
256
238
199
39
42
43
67
252
246
259
128
39
42
66
67
253
260
258
219
39
63
66
67
390
259
247
220
44
45
47
71
255
240
262
131
44
45
69
71
256
263
261
183
44
68
69
71
393
262
241
184
48
51
55
79
313
271
265
134
48
51
75
79
314
266
264
268
48
72
75
79
396
265
272
269
48
51
60
84
306
274
268
137
48
51
75
84
308
269
267
265
48
72
75
84
399
268
275
266
48
55
61
85
333
273
271
140
48
55
79
85
335
272
270
264
48
72
79
85
402
271
275
266
48
60
61
85
357
270
274
143
48
60
84
85
358
275
273
267
48
72
84
85
405
274
272
269
49
52
60
84
318
282
277
146
49
52
76
84
320
278
276
280
49
73
76
84
408
277
284
281
49
52
64
88
325
289
280
149
49
52
76
88
326
281
279
277
49
73
76
88
411
280
290
278
49
54
60
84
297
276
283
152
49
54
78
84
298
284
282
286
49
73
78
84
414
283
278
287
49
54
65
89
300
288
286
155
49
54
78
89
301
287
285
283
49
73
78
89
417
286
290
284
49
64
65
89
324
285
289
158
49
64
88
89
325
290
288
279
49
73
88
89
420
289
287
281
50
53
57
81
328
304
292
161
50
53
77
81
329
293
291
295
50
74
77
81
423
292
305
296
50
53
60
84
306
297
295
164
50
53
77
84
307
296
294
292
50
74
77
84
426
295
299
293
50
54
60
84
282
294
298
167
50
54
78
84
283
299
297
301
50
74
78
84
429
298
296
302
50
54
65
89
285
303
301
170
50
54
78
89
286
302
300
298
50
74
78
89
432
301
305
299
50
57
65
89
364
300
304
173
50
57
81
89
365
305
303
291
50
74
81
89
435
304
302
293
51
53
60
84
294
267
307
176
51
53
77
84
295
308
306
310
51
75
77
84
438
307
268
311
51
53
69
93
330
315
310
179
51
53
77
93
332
311
309
307
51
75
77
93
441
310
317
308
51
55
68
92
342
316
313
182
51
55
79
92
344
314
312
264
51
75
79
92
444
313
317
265
51
68
69
93
394
309
316
185
51
68
92
93
395
317
315
312
51
75
92
93
447
316
311
314
52
56
60
84
358
276
319
188
52
56
80
84
359
320
318
322
52
76
80
84
450
319
277
323
52
56
65
89
336
324
322
191
52
56
80
89
337
323
321
319
52
76
80
89
453
322
326
320
52
64
65
89
288
321
325
194
52
64
88
89
289
326
324
279
52
76
88
89
456
325
323
280
53
57
62
86
361
331
328
197
53
57
81
86
362
329
327
291
53
77
81
86
459
328
332
292
53
62
69
93
388
309
331
200
53
62
86
93
389
332
330
327
53
77
86
93
462
331
310
329
55
56
61
85
357
270
334
203
55
56
80
85
359
335
333
337
55
79
80
85
465
334
271
338
55
56
65
89
321
348
337
206
55
56
80
89
322
338
336
334
55
79
80
89
468
337
350
335
55
58
62
86
370
346
340
209
55
58
82
86
371
341
339
343
55
79
82
86
471
340
347
344
55
58
68
92
373
312
343
212
55
58
82
92
374
344
342
340
55
79
82
92
474
343
313
341
55
62
70
94
360
354
346
215
55
62
86
94
361
347
345
339
55
79
86
94
477
346
356
341
55
63
65
89
375
336
349
218
55
63
87
89
376
350
348
352
55
79
87
89
480
349
338
353
55
63
66
90
391
355
352
221
55
63
87
90
392
353
351
349
55
79
87
90
483
352
356
350
55
66
70
94
366
345
355
224
55
66
90
94
367
356
354
351
55
79
90
94
486
355
347
353
56
60
61
85
273
333
358
227
56
60
84
85
274
359
357
318
56
80
84
85
489
358
334
319
57
62
70
94
345
366
361
230
57
62
86
94
346
362
360
327
57
81
86
94
492
361
368
328
57
65
66
90
381
367
364
233
57
65
89
90
382
365
363
303
57
81
89
90
495
364
368
304
57
66
70
94
354
360
367
236
57
66
90
94
355
368
366
363
57
81
90
94
498
367
362
365
58
62
71
95
387
372
370
239
58
62
86
95
389
371
369
339
58
82
86
95
501
370
374
340
58
68
71
95
393
369
373
242
58
68
92
95
395
374
372
342
58
82
92
95
504
373
371
343
59
63
65
89
348
382
376
245
59
63
87
89
349
377
375
379
59
83
87
89
507
376
383
380
59
63
67
91
390
384
379
248
59
63
87
91
392
380
378
376
59
83
87
91
510
379
386
377
59
65
66
90
363
385
382
251
59
65
89
90
364
383
381
375
59
83
89
90
513
382
386
377
59
66
67
91
390
378
385
254
59
66
90
91
391
386
384
381
59
83
90
91
516
385
380
383
62
69
71
95
393
369
388
257
62
69
93
95
394
389
387
330
62
86
93
95
519
388
370
331
63
66
67
91
384
378
391
260
63
66
90
91
385
392
390
351
63
87
90
91
522
391
379
352
68
69
71
95
387
372
394
263
68
69
93
95
388
395
393
315
68
92
93
95
525
394
373
316
72
75
79
7
445
403
397
266
72
75
3
7
446
398
396
400
72
0
3
7
0
397
404
401
72
75
84
12
438
406
400
269
72
75
3
12
440
401
399
397
72
0
3
12
3
400
407
398
72
79
85
13
465
405
403
272
72
79
7
13
467
404
402
396
72
0
7
13
6
403
407
398
72
84
85
13
489
402
406
275
72
84
12
13
490
407
405
399
72
0
12
13
9
406
404
401
73
76
84
12
450
414
409
278
73
76
4
12
452
410
408
412
73
1
4
12
12
409
416
413
73
76
88
16
457
421
412
281
73
76
4
16
458
413
411
409
73
1
4
16
15
412
422
410
73
78
84
12
429
408
415
284
73
78
6
12
430
416
414
418
73
1
6
12
18
415
410
419
73
78
89
17
432
420
418
287
73
78
6
17
433
419
417
415
73
1
6
17
21
418
422
416
73
88
89
17
456
417
421
290
73
88
16
17
457
422
420
411
73
1
16
17
24
421
419
413
74
77
81
9
460
436
424
293
74
77
5
9
461
425
423
427
74
2
5
9
27
424
437
428
74
77
84
12
438
429
427
296
74
77
5
12
439
428
426
424
74
2
5
12
30
427
431
425
74
78
84
12
414
426
430
299
74
78
6
12
415
431
429
433
74
2
6
12
33
430
428
434
74
78
89
17
417
435
433
302
74
78
6
17
418
434
432
430
74
2
6
17
36
433
437
431
74
81
89
17
496
432
436
305
74
81
9
17
497
437
435
423
74
2
9
17
39
436
434
425
75
77
84
12
426
399
439
308
75
77
5
12
427
440
438
442
75
3
5
12
42
439
400
443
75
77
93
21
462
447
442
311
75
77
5
21
464
443
441
439
75
3
5
21
45
442
449
440
75
79
92
20
474
448
445
314
75
79
7
20
476
446
444
396
75
3
7
20
48
445
449
397
75
92
93
21
526
441
448
317
75
92
20
21
527
449
447
444
75
3
20
21
51
448
443
446
76
80
84
12
490
408
451
320
76
80
8
12
491
452
450
454
76
4
8
12
54
451
409
455
76
80
89
17
468
456
454
323
76
80
8
17
469
455
453
451
76
4
8
17
57
454
458
452
76
88
89
17
420
453
457
326
76
88
16
17
421
458
456
411
76
4
16
17
60
457
455
412
77
81
86
14
493
463
460
329
77
81
9
14
494
461
459
423
77
5
9
14
63
460
464
424
77
86
93
21
520
441
463
332
77
86
14
21
521
464
462
459
77
5
14
21
66
463
442
461
79
80
85
13
489
402
466
335
79
80
8
13
491
467
465
469
79
7
8
13
69
466
403
470
79
80
89
17
453
480
469
338
79
80
8
17
454
470
468
466
79
7
8
17
72
469
482
467
79
82
86
14
502
478
472
341
79
82
10
14
503
473
471
475
79
7
10
14
75
472
479
476
79
82
92
20
505
444
475
344
79
82
10
20
506
476
474
472
79
7
10
20
78
475
445
473
79
86
94
22
492
486
478
347
79
86
14
22
493
479
477
471
79
7
14
22
81
478
488
473
79
87
89
17
507
468
481
350
79
87
15
17
508
482
480
484
79
7
15
17
84
481
470
485
79
87
90
18
523
487
484
353
79
87
15
18
524
485
483
481
79
7
15
18
87
484
488
482
79
90
94
22
498
477
487
356
79
90
18
22
499
488
486
483
79
7
18
22
90
487
479
485
80
84
85
13
405
465
490
359
80
84
12
13
406
491
489
450
80
8
12
13
93
490
466
451
81
86
94
22
477
498
493
362
81
86
14
22
478
494
492
459
81
9
14
22
96
493
500
460
81
89
90
18
513
499
496
365
81
89
17
18
514
497
495
435
81
9
17
18
99
496
500
436
81
90
94
22
486
492
499
368
81
90
18
22
487
500
498
495
81
9
18
22
102
499
494
497
82
86
95
23
519
504
502
371
82
86
14
23
521
503
501
471
82
10
14
23
105
502
506
472
82
92
95
23
525
501
505
374
82
92
20
23
527
506
504
474
82
10
20
23
108
505
503
475
83
87
89
17
480
514
508
377
83
87
15
17
481
509
507
511
83
11
15
17
111
508
515
512
83
87
91
19
522
516
511
380
83
87
15
19
524
512
510
508
83
11
15
19
114
511
518
509
83
89
90
18
495
517
514
383
83
89
17
18
496
515
513
507
83
11
17
18
117
514
518
509
83
90
91
19
522
510
517
386
83
90
18
19
523
518
516
513
83
11
18
19
120
517
512
515
86
93
95
23
525
501
520
389
86
93
21
23
526
521
519
462
86
14
21
23
123
520
502
463
87
90
91
19
516
510
523
392
87
90
18
19
517
524
522
483
87
15
18
19
126
523
511
484
92
93
95
23
519
504
526
395
92
93
21
23
520
527
525
447
92
20
21
23
129
526
505
448
528
