1
96
0
0
0
0
0
0
0
0
0
0
0
0
0
0
0
0
0
0
0
0
0
0
0
0
1
1
1
1
1
1
1
1
1
1
1
1
1
1
1
1
1
1
1
1
1
1
1
1
2
2
2
2
2
2
2
2
2
2
2
2
2
2
2
2
2
2
2
2
2
2
2
2
3
3
3
3
3
3
3
3
3
3
3
3
3
3
3
3
3
3
3
3
3
3
3
3
96
528
0
7
11
35
88
7
1
398
0
7
31
35
89
2
0
4
0
24
31
35
132
1
8
5
0
7
20
44
94
6
4
401
0
7
31
44
95
5
3
1
0
24
31
44
135
4
8
2
0
11
20
44
105
3
7
404
0
11
35
44
106
8
6
0
0
24
35
44
138
7
5
2
1
4
12
36
64
16
10
407
1
4
28
36
65
11
9
13
1
25
28
36
141
10
17
14
1
4
13
37
67
19
13
410
1
4
28
37
68
14
12
10
1
25
28
37
144
13
20
11
1
12
18
42
48
18
16
413
1
12
36
42
49
17
15
9
1
25
36
42
147
16
20
11
1
13
18
42
124
15
19
416
1
13
37
42
125
20
18
12
1
25
37
42
150
19
17
14
2
8
10
34
103
28
22
419
2
8
32
34
104
23
21
25
2
26
32
34
153
22
29
26
2
8
17
41
99
27
25
422
2
8
32
41
101
26
24
22
2
26
32
41
156
25
29
23
2
10
17
41
120
24
28
425
2
10
34
41
122
29
27
21
2
26
34
41
159
28
26
23
3
6
19
43
85
36
31
428
3
6
30
43
86
32
30
34
3
27
30
43
162
31
38
35
3
6
21
45
57
51
34
431
3
6
30
45
58
35
33
31
3
27
30
45
165
34
53
32
3
8
19
43
108
30
37
434
3
8
32
43
110
38
36
40
3
27
32
43
168
37
32
41
3
8
20
44
105
54
40
437
3
8
32
44
107
41
39
37
3
27
32
44
171
40
56
38
3
11
15
39
87
55
43
440
3
11
35
39
88
44
42
46
3
27
35
39
174
43
56
47
3
11
18
42
111
48
46
443
3
11
35
42
112
47
45
43
3
27
35
42
177
46
50
44
3
12
18
42
15
45
49
446
3
12
36
42
16
50
48
52
3
27
36
42
180
49
47
53
3
12
21
45
63
33
52
449
3
12
36
45
64
53
51
49
3
27
36
45
183
52
35
50
3
15
20
44
130
39
55
452
3
15
39
44
131
56
54
42
3
27
39
44
186
55
41
44
4
6
21
45
33
63
58
455
4
6
30
45
34
59
57
61
4
28
30
45
189
58
65
62
4
6
23
47
84
69
61
458
4
6
30
47
86
62
60
58
4
28
30
47
192
61
71
59
4
12
21
45
51
57
64
461
4
12
36
45
52
65
63
9
4
28
36
45
195
64
59
10
4
13
19
43
123
70
67
464
4
13
37
43
125
68
66
12
4
28
37
43
198
67
71
13
4
19
23
47
84
60
70
467
4
19
43
47
85
71
69
66
4
28
43
47
201
70
62
68
5
9
16
40
115
78
73
470
5
9
33
40
116
74
72
76
5
29
33
40
204
73
80
77
5
9
17
41
99
81
76
473
5
9
33
41
100
77
75
73
5
29
33
41
207
76
83
74
5
14
16
40
127
72
79
476
5
14
38
40
128
80
78
82
5
29
38
40
210
79
74
83
5
14
17
41
120
75
82
479
5
14
38
41
121
83
81
79
5
29
38
41
213
82
77
80
6
19
23
47
69
60
85
482
6
19
43
47
70
86
84
30
6
30
43
47
216
85
61
31
7
11
15
39
42
91
88
485
7
11
35
39
43
89
87
0
7
31
35
39
219
88
92
1
7
15
22
46
129
93
91
488
7
15
39
46
131
92
90
87
7
31
39
46
222
91
95
89
7
20
22
46
129
90
94
491
7
20
44
46
130
95
93
3
7
31
44
46
225
94
92
4
8
9
11
35
112
106
97
494
8
9
33
35
113
98
96
100
8
32
33
35
228
97
107
101
8
9
17
41
75
24
100
497
8
9
33
41
76
101
99
97
8
32
33
41
231
100
25
98
8
10
14
38
121
109
103
500
8
10
34
38
122
104
102
21
8
32
34
38
234
103
110
22
8
11
20
44
6
39
106
503
8
11
35
44
7
107
105
96
8
32
35
44
237
106
40
98
8
14
19
43
126
36
109
506
8
14
38
43
128
110
108
102
8
32
38
43
240
109
37
104
9
11
18
42
45
118
112
509
9
11
35
42
46
113
111
96
9
33
35
42
243
112
119
97
9
16
19
43
126
117
115
512
9
16
40
43
127
116
114
72
9
33
40
43
246
115
119
73
9
18
19
43
123
114
118
515
9
18
42
43
124
119
117
111
9
33
42
43
249
118
116
113
10
14
17
41
81
27
121
518
10
14
38
41
82
122
120
102
10
34
38
41
252
121
28
103
13
18
19
43
117
66
124
521
13
18
42
43
118
125
123
18
13
37
42
43
255
124
67
19
14
16
19
43
114
108
127
524
14
16
40
43
115
128
126
78
14
38
40
43
258
127
109
79
15
20
22
46
93
90
130
527
15
20
44
46
94
131
129
54
15
39
44
46
261
130
91
55
24
31
35
59
220
139
133
2
24
31
55
59
221
134
132
136
24
48
55
59
264
133
140
137
24
31
44
68
226
138
136
5
24
31
55
68
227
137
135
133
24
48
55
68
267
136
140
134
24
35
44
68
237
135
139
8
24
35
59
68
238
140
138
132
24
48
59
68
270
139
137
134
25
28
36
60
196
148
142
11
25
28
52
60
197
143
141
145
25
49
52
60
273
142
149
146
25
28
37
61
199
151
145
14
25
28
52
61
200
146
144
142
25
49
52
61
276
145
152
143
25
36
42
66
180
150
148
17
25
36
60
66
181
149
147
141
25
49
60
66
279
148
152
143
25
37
42
66
256
147
151
20
25
37
61
66
257
152
150
144
25
49
61
66
282
151
149
146
26
32
34
58
235
160
154
23
26
32
56
58
236
155
153
157
26
50
56
58
285
154
161
158
26
32
41
65
231
159
157
26
26
32
56
65
233
158
156
154
26
50
56
65
288
157
161
155
26
34
41
65
252
156
160
29
26
34
58
65
254
161
159
153
26
50
58
65
291
160
158
155
27
30
43
67
217
168
163
32
27
30
54
67
218
164
162
166
27
51
54
67
294
163
170
167
27
30
45
69
189
183
166
35
27
30
54
69
190
167
165
163
27
51
54
69
297
166
185
164
27
32
43
67
240
162
169
38
27
32
56
67
242
170
168
172
27
51
56
67
300
169
164
173
27
32
44
68
237
186
172
41
27
32
56
68
239
173
171
169
27
51
56
68
303
172
188
170
27
35
39
63
219
187
175
44
27
35
59
63
220
176
174
178
27
51
59
63
306
175
188
179
27
35
42
66
243
180
178
47
27
35
59
66
244
179
177
175
27
51
59
66
309
178
182
176
27
36
42
66
147
177
181
50
27
36
60
66
148
182
180
184
27
51
60
66
312
181
179
185
27
36
45
69
195
165
184
53
27
36
60
69
196
185
183
181
27
51
60
69
315
184
167
182
27
39
44
68
262
171
187
56
27
39
63
68
263
188
186
174
27
51
63
68
318
187
173
176
28
30
45
69
165
195
190
59
28
30
54
69
166
191
189
193
28
52
54
69
321
190
197
194
28
30
47
71
216
201
193
62
28
30
54
71
218
194
192
190
28
52
54
71
324
193
203
191
28
36
45
69
183
189
196
65
28
36
60
69
184
197
195
141
28
52
60
69
327
196
191
142
28
37
43
67
255
202
199
68
28
37
61
67
257
200
198
144
28
52
61
67
330
199
203
145
28
43
47
71
216
192
202
71
28
43
67
71
217
203
201
198
28
52
67
71
333
202
194
200
29
33
40
64
247
210
205
74
29
33
57
64
248
206
204
208
29
53
57
64
336
205
212
209
29
33
41
65
231
213
208
77
29
33
57
65
232
209
207
205
29
53
57
65
339
208
215
206
29
38
40
64
259
204
211
80
29
38
62
64
260
212
210
214
29
53
62
64
342
211
206
215
29
38
41
65
252
207
214
83
29
38
62
65
253
215
213
211
29
53
62
65
345
214
209
212
30
43
47
71
201
192
217
86
30
43
67
71
202
218
216
162
30
54
67
71
348
217
193
163
31
35
39
63
174
223
220
89
31
35
59
63
175
221
219
132
31
55
59
63
351
220
224
133
31
39
46
70
261
225
223
92
31
39
63
70
263
224
222
219
31
55
63
70
354
223
227
221
31
44
46
70
261
222
226
95
31
44
68
70
262
227
225
135
31
55
68
70
357
226
224
136
32
33
35
59
244
238
229
98
32
33
57
59
245
230
228
232
32
56
57
59
360
229
239
233
32
33
41
65
207
156
232
101
32
33
57
65
208
233
231
229
32
56
57
65
363
232
157
230
32
34
38
62
253
241
235
104
32
34
58
62
254
236
234
153
32
56
58
62
366
235
242
154
32
35
44
68
138
171
238
107
32
35
59
68
139
239
237
228
32
56
59
68
369
238
172
230
32
38
43
67
258
168
241
110
32
38
62
67
260
242
240
234
32
56
62
67
372
241
169
236
33
35
42
66
177
250
244
113
33
35
59
66
178
245
243
228
33
57
59
66
375
244
251
229
33
40
43
67
258
249
247
116
33
40
64
67
259
248
246
204
33
57
64
67
378
247
251
205
33
42
43
67
255
246
250
119
33
42
66
67
256
251
249
243
33
57
66
67
381
250
248
245
34
38
41
65
213
159
253
122
34
38
62
65
214
254
252
234
34
58
62
65
384
253
160
235
37
42
43
67
249
198
256
125
37
42
66
67
250
257
255
150
37
61
66
67
387
256
199
151
38
40
43
67
246
240
259
128
38
40
64
67
247
260
258
210
38
62
64
67
390
259
241
211
39
44
46
70
225
222
262
131
39
44
68
70
226
263
261
186
39
63
68
70
393
262
223
187
48
55
59
83
352
271
265
134
48
55
79
83
353
266
264
268
48
72
79
83
396
265
272
269
48
55
68
92
358
270
268
137
48
55
79
92
359
269
267
265
48
72
79
92
399
268
272
266
48
59
68
92
369
267
271
140
48
59
83
92
370
272
270
264
48
72
83
92
402
271
269
266
49
52
60
84
328
280
274
143
49
52
76
84
329
275
273
277
49
73
76
84
405
274
281
278
49
52
61
85
331
283
277
146
49
52
76
85
332
278
276
274
49
73
76
85
408
277
284
275
49
60
66
90
312
282
280
149
49
60
84
90
313
281
279
273
49
73
84
90
411
280
284
275
49
61
66
90
388
279
283
152
49
61
85
90
389
284
282
276
49
73
85
90
414
283
281
278
50
56
58
82
367
292
286
155
50
56
80
82
368
287
285
289
50
74
80
82
417
286
293
290
50
56
65
89
363
291
289
158
50
56
80
89
365
290
288
286
50
74
80
89
420
289
293
287
50
58
65
89
384
288
292
161
50
58
82
89
386
293
291
285
50
74
82
89
423
292
290
287
51
54
67
91
349
300
295
164
51
54
78
91
350
296
294
298
51
75
78
91
426
295
302
299
51
54
69
93
321
315
298
167
51
54
78
93
322
299
297
295
51
75
78
93
429
298
317
296
51
56
67
91
372
294
301
170
51
56
80
91
374
302
300
304
51
75
80
91
432
301
296
305
51
56
68
92
369
318
304
173
51
56
80
92
371
305
303
301
51
75
80
92
435
304
320
302
51
59
63
87
351
319
307
176
51
59
83
87
352
308
306
310
51
75
83
87
438
307
320
311
51
59
66
90
375
312
310
179
51
59
83
90
376
311
309
307
51
75
83
90
441
310
314
308
51
60
66
90
279
309
313
182
51
60
84
90
280
314
312
316
51
75
84
90
444
313
311
317
51
60
69
93
327
297
316
185
51
60
84
93
328
317
315
313
51
75
84
93
447
316
299
314
51
63
68
92
394
303
319
188
51
63
87
92
395
320
318
306
51
75
87
92
450
319
305
308
52
54
69
93
297
327
322
191
52
54
78
93
298
323
321
325
52
76
78
93
453
322
329
326
52
54
71
95
348
333
325
194
52
54
78
95
350
326
324
322
52
76
78
95
456
325
335
323
52
60
69
93
315
321
328
197
52
60
84
93
316
329
327
273
52
76
84
93
459
328
323
274
52
61
67
91
387
334
331
200
52
61
85
91
389
332
330
276
52
76
85
91
462
331
335
277
52
67
71
95
348
324
334
203
52
67
91
95
349
335
333
330
52
76
91
95
465
334
326
332
53
57
64
88
379
342
337
206
53
57
81
88
380
338
336
340
53
77
81
88
468
337
344
341
53
57
65
89
363
345
340
209
53
57
81
89
364
341
339
337
53
77
81
89
471
340
347
338
53
62
64
88
391
336
343
212
53
62
86
88
392
344
342
346
53
77
86
88
474
343
338
347
53
62
65
89
384
339
346
215
53
62
86
89
385
347
345
343
53
77
86
89
477
346
341
344
54
67
71
95
333
324
349
218
54
67
91
95
334
350
348
294
54
78
91
95
480
349
325
295
55
59
63
87
306
355
352
221
55
59
83
87
307
353
351
264
55
79
83
87
483
352
356
265
55
63
70
94
393
357
355
224
55
63
87
94
395
356
354
351
55
79
87
94
486
355
359
353
55
68
70
94
393
354
358
227
55
68
92
94
394
359
357
267
55
79
92
94
489
358
356
268
56
57
59
83
376
370
361
230
56
57
81
83
377
362
360
364
56
80
81
83
492
361
371
365
56
57
65
89
339
288
364
233
56
57
81
89
340
365
363
361
56
80
81
89
495
364
289
362
56
58
62
86
385
373
367
236
56
58
82
86
386
368
366
285
56
80
82
86
498
367
374
286
56
59
68
92
270
303
370
239
56
59
83
92
271
371
369
360
56
80
83
92
501
370
304
362
56
62
67
91
390
300
373
242
56
62
86
91
392
374
372
366
56
80
86
91
504
373
301
368
57
59
66
90
309
382
376
245
57
59
83
90
310
377
375
360
57
81
83
90
507
376
383
361
57
64
67
91
390
381
379
248
57
64
88
91
391
380
378
336
57
81
88
91
510
379
383
337
57
66
67
91
387
378
382
251
57
66
90
91
388
383
381
375
57
81
90
91
513
382
380
377
58
62
65
89
345
291
385
254
58
62
86
89
346
386
384
366
58
82
86
89
516
385
292
367
61
66
67
91
381
330
388
257
61
66
90
91
382
389
387
282
61
85
90
91
519
388
331
283
62
64
67
91
378
372
391
260
62
64
88
91
379
392
390
342
62
86
88
91
522
391
373
343
63
68
70
94
357
354
394
263
63
68
92
94
358
395
393
318
63
87
92
94
525
394
355
319
72
79
83
11
484
403
397
266
72
79
7
11
485
398
396
400
72
0
7
11
0
397
404
401
72
79
92
20
490
402
400
269
72
79
7
20
491
401
399
397
72
0
7
20
3
400
404
398
72
83
92
20
501
399
403
272
72
83
11
20
502
404
402
396
72
0
11
20
6
403
401
398
73
76
84
12
460
412
406
275
73
76
4
12
461
407
405
409
73
1
4
12
9
406
413
410
73
76
85
13
463
415
409
278
73
76
4
13
464
410
408
406
73
1
4
13
12
409
416
407
73
84
90
18
444
414
412
281
73
84
12
18
445
413
411
405
73
1
12
18
15
412
416
407
73
85
90
18
520
411
415
284
73
85
13
18
521
416
414
408
73
1
13
18
18
415
413
410
74
80
82
10
499
424
418
287
74
80
8
10
500
419
417
421
74
2
8
10
21
418
425
422
74
80
89
17
495
423
421
290
74
80
8
17
497
422
420
418
74
2
8
17
24
421
425
419
74
82
89
17
516
420
424
293
74
82
10
17
518
425
423
417
74
2
10
17
27
424
422
419
75
78
91
19
481
432
427
296
75
78
6
19
482
428
426
430
75
3
6
19
30
427
434
431
75
78
93
21
453
447
430
299
75
78
6
21
454
431
429
427
75
3
6
21
33
430
449
428
75
80
91
19
504
426
433
302
75
80
8
19
506
434
432
436
75
3
8
19
36
433
428
437
75
80
92
20
501
450
436
305
75
80
8
20
503
437
435
433
75
3
8
20
39
436
452
434
75
83
87
15
483
451
439
308
75
83
11
15
484
440
438
442
75
3
11
15
42
439
452
443
75
83
90
18
507
444
442
311
75
83
11
18
508
443
441
439
75
3
11
18
45
442
446
440
75
84
90
18
411
441
445
314
75
84
12
18
412
446
444
448
75
3
12
18
48
445
443
449
75
84
93
21
459
429
448
317
75
84
12
21
460
449
447
445
75
3
12
21
51
448
431
446
75
87
92
20
526
435
451
320
75
87
15
20
527
452
450
438
75
3
15
20
54
451
437
440
76
78
93
21
429
459
454
323
76
78
6
21
430
455
453
457
76
4
6
21
57
454
461
458
76
78
95
23
480
465
457
326
76
78
6
23
482
458
456
454
76
4
6
23
60
457
467
455
76
84
93
21
447
453
460
329
76
84
12
21
448
461
459
405
76
4
12
21
63
460
455
406
76
85
91
19
519
466
463
332
76
85
13
19
521
464
462
408
76
4
13
19
66
463
467
409
76
91
95
23
480
456
466
335
76
91
19
23
481
467
465
462
76
4
19
23
69
466
458
464
77
81
88
16
511
474
469
338
77
81
9
16
512
470
468
472
77
5
9
16
72
469
476
473
77
81
89
17
495
477
472
341
77
81
9
17
496
473
471
469
77
5
9
17
75
472
479
470
77
86
88
16
523
468
475
344
77
86
14
16
524
476
474
478
77
5
14
16
78
475
470
479
77
86
89
17
516
471
478
347
77
86
14
17
517
479
477
475
77
5
14
17
81
478
473
476
78
91
95
23
465
456
481
350
78
91
19
23
466
482
480
426
78
6
19
23
84
481
457
427
79
83
87
15
438
487
484
353
79
83
11
15
439
485
483
396
79
7
11
15
87
484
488
397
79
87
94
22
525
489
487
356
79
87
15
22
527
488
486
483
79
7
15
22
90
487
491
485
79
92
94
22
525
486
490
359
79
92
20
22
526
491
489
399
79
7
20
22
93
490
488
400
80
81
83
11
508
502
493
362
80
81
9
11
509
494
492
496
80
8
9
11
96
493
503
497
80
81
89
17
471
420
496
365
80
81
9
17
472
497
495
493
80
8
9
17
99
496
421
494
80
82
86
14
517
505
499
368
80
82
10
14
518
500
498
417
80
8
10
14
102
499
506
418
80
83
92
20
402
435
502
371
80
83
11
20
403
503
501
492
80
8
11
20
105
502
436
494
80
86
91
19
522
432
505
374
80
86
14
19
524
506
504
498
80
8
14
19
108
505
433
500
81
83
90
18
441
514
508
377
81
83
11
18
442
509
507
492
81
9
11
18
111
508
515
493
81
88
91
19
522
513
511
380
81
88
16
19
523
512
510
468
81
9
16
19
114
511
515
469
81
90
91
19
519
510
514
383
81
90
18
19
520
515
513
507
81
9
18
19
117
514
512
509
82
86
89
17
477
423
517
386
82
86
14
17
478
518
516
498
82
10
14
17
120
517
424
499
85
90
91
19
513
462
520
389
85
90
18
19
514
521
519
414
85
13
18
19
123
520
463
415
86
88
91
19
510
504
523
392
86
88
16
19
511
524
522
474
86
14
16
19
126
523
505
475
87
92
94
22
489
486
526
395
87
92
20
22
490
527
525
450
87
15
20
22
129
526
487
451
528
