1
96
0
0
0
0
0
0
0
0
0
0
0
0
0
0
0
0
0
0
0
0
0
0
0
0
1
1
1
1
1
1
1
1
1
1
1
1
1
1
1
1
1
1
1
1
1
1
1
1
2
2
2
2
2
2
2
2
2
2
2
2
2
2
2
2
2
2
2
2
2
2
2
2
3
3
3
3
3
3
3
3
3
3
3
3
3
3
3
3
3
3
3
3
3
3
3
3
96
528
0
2
22
46
45
9
1
398
0
2
26
46
47
2
0
4
0
24
26
46
132
1
11
5
0
2
23
47
51
24
4
401
0
2
26
47
53
5
3
1
0
24
26
47
135
4
26
2
0
3
15
39
63
18
7
404
0
3
27
39
65
8
6
10
0
24
27
39
138
7
20
11
0
3
22
46
66
0
10
407
0
3
27
46
68
11
9
7
0
24
27
46
141
10
2
8
0
7
10
34
85
19
13
410
0
7
31
34
86
14
12
16
0
24
31
34
144
13
20
17
0
7
13
37
88
28
16
413
0
7
31
37
89
17
15
13
0
24
31
37
147
16
29
14
0
10
15
39
81
6
19
416
0
10
34
39
82
20
18
12
0
24
34
39
150
19
8
14
0
11
20
44
109
27
22
419
0
11
35
44
110
23
21
25
0
24
35
44
153
22
29
26
0
11
23
47
108
3
25
422
0
11
35
47
110
26
24
22
0
24
35
47
156
25
5
23
0
13
20
44
87
21
28
425
0
13
37
44
88
29
27
15
0
24
37
44
159
28
23
17
1
4
20
44
69
36
31
428
1
4
28
44
71
32
30
34
1
25
28
44
162
31
38
35
1
4
22
46
45
39
34
431
1
4
28
46
46
35
33
31
1
25
28
46
165
34
41
32
1
7
20
44
87
30
37
434
1
7
31
44
89
38
36
40
1
25
31
44
168
37
32
41
1
7
22
46
84
33
40
437
1
7
31
46
86
41
39
37
1
25
31
46
171
40
35
38
2
4
19
43
70
58
43
440
2
4
28
43
71
44
42
46
2
26
28
43
174
43
59
47
2
4
22
46
33
0
46
443
2
4
28
46
34
47
45
43
2
26
28
46
177
46
1
44
2
5
18
42
79
55
49
446
2
5
29
42
80
50
48
52
2
26
29
42
180
49
56
53
2
5
23
47
75
3
52
449
2
5
29
47
77
53
51
49
2
26
29
47
183
52
4
50
2
18
20
44
117
57
55
452
2
18
42
44
118
56
54
48
2
26
42
44
186
55
59
50
2
19
20
44
69
54
58
455
2
19
43
44
70
59
57
42
2
26
43
44
189
58
56
44
3
6
10
34
82
67
61
458
3
6
30
34
83
62
60
64
3
27
30
34
192
61
68
65
3
6
15
39
81
6
64
461
3
6
30
39
83
65
63
61
3
27
30
39
195
64
7
62
3
10
22
46
84
9
67
464
3
10
34
46
85
68
66
60
3
27
34
46
198
67
10
62
4
19
20
44
57
30
70
467
4
19
43
44
58
71
69
42
4
28
43
44
201
70
31
43
5
17
21
45
123
78
73
470
5
17
41
45
124
74
72
76
5
29
41
45
204
73
80
77
5
17
23
47
129
51
76
473
5
17
41
47
131
77
75
73
5
29
41
47
207
76
52
74
5
18
21
45
126
72
79
476
5
18
42
45
127
80
78
48
5
29
42
45
210
79
74
49
6
10
15
39
18
63
82
479
6
10
34
39
19
83
81
60
6
30
34
39
213
82
64
61
7
10
22
46
66
39
85
482
7
10
34
46
67
86
84
12
7
31
34
46
216
85
40
13
7
13
20
44
27
36
88
485
7
13
37
44
28
89
87
15
7
31
37
44
219
88
37
16
8
14
16
40
121
97
91
488
8
14
38
40
122
92
90
94
8
32
38
40
222
91
98
95
8
14
17
41
124
96
94
491
8
14
38
41
125
95
93
91
8
32
38
41
225
94
98
92
8
16
17
41
99
93
97
494
8
16
40
41
100
98
96
90
8
32
40
41
228
97
95
92
9
16
17
41
96
106
100
497
9
16
40
41
97
101
99
103
9
33
40
41
231
100
107
104
9
16
20
44
120
105
103
500
9
16
40
44
121
104
102
100
9
33
40
44
234
103
107
101
9
17
20
44
130
102
106
503
9
17
41
44
131
107
105
99
9
33
41
44
237
106
104
101
11
20
23
47
129
24
109
506
11
20
44
47
130
110
108
21
11
35
44
47
240
109
25
22
12
14
18
42
127
118
112
509
12
14
38
42
128
113
111
115
12
36
38
42
243
112
119
116
12
14
20
44
120
117
115
512
12
14
38
44
122
116
114
112
12
36
38
44
246
115
119
113
12
18
20
44
54
114
118
515
12
18
42
44
55
119
117
111
12
36
42
44
249
118
116
113
14
16
20
44
102
114
121
518
14
16
40
44
103
122
120
90
14
38
40
44
252
121
115
91
14
17
21
45
72
126
124
521
14
17
41
45
73
125
123
93
14
38
41
45
255
124
128
94
14
18
21
45
78
123
127
524
14
18
42
45
79
128
126
111
14
38
42
45
258
127
125
112
17
20
23
47
108
75
130
527
17
20
44
47
109
131
129
105
17
41
44
47
261
130
76
106
24
26
46
70
177
141
133
2
24
26
50
70
179
134
132
136
24
48
50
70
264
133
143
137
24
26
47
71
183
156
136
5
24
26
50
71
185
137
135
133
24
48
50
71
267
136
158
134
24
27
39
63
195
150
139
8
24
27
51
63
197
140
138
142
24
48
51
63
270
139
152
143
24
27
46
70
198
132
142
11
24
27
51
70
200
143
141
139
24
48
51
70
273
142
134
140
24
31
34
58
217
151
145
14
24
31
55
58
218
146
144
148
24
48
55
58
276
145
152
149
24
31
37
61
220
160
148
17
24
31
55
61
221
149
147
145
24
48
55
61
279
148
161
146
24
34
39
63
213
138
151
20
24
34
58
63
214
152
150
144
24
48
58
63
282
151
140
146
24
35
44
68
241
159
154
23
24
35
59
68
242
155
153
157
24
48
59
68
285
154
161
158
24
35
47
71
240
135
157
26
24
35
59
71
242
158
156
154
24
48
59
71
288
157
137
155
24
37
44
68
219
153
160
29
24
37
61
68
220
161
159
147
24
48
61
68
291
160
155
149
25
28
44
68
201
168
163
32
25
28
52
68
203
164
162
166
25
49
52
68
294
163
170
167
25
28
46
70
177
171
166
35
25
28
52
70
178
167
165
163
25
49
52
70
297
166
173
164
25
31
44
68
219
162
169
38
25
31
55
68
221
170
168
172
25
49
55
68
300
169
164
173
25
31
46
70
216
165
172
41
25
31
55
70
218
173
171
169
25
49
55
70
303
172
167
170
26
28
43
67
202
190
175
44
26
28
52
67
203
176
174
178
26
50
52
67
306
175
191
179
26
28
46
70
165
132
178
47
26
28
52
70
166
179
177
175
26
50
52
70
309
178
133
176
26
29
42
66
211
187
181
50
26
29
53
66
212
182
180
184
26
50
53
66
312
181
188
185
26
29
47
71
207
135
184
53
26
29
53
71
209
185
183
181
26
50
53
71
315
184
136
182
26
42
44
68
249
189
187
56
26
42
66
68
250
188
186
180
26
50
66
68
318
187
191
182
26
43
44
68
201
186
190
59
26
43
67
68
202
191
189
174
26
50
67
68
321
190
188
176
27
30
34
58
214
199
193
62
27
30
54
58
215
194
192
196
27
51
54
58
324
193
200
197
27
30
39
63
213
138
196
65
27
30
54
63
215
197
195
193
27
51
54
63
327
196
139
194
27
34
46
70
216
141
199
68
27
34
58
70
217
200
198
192
27
51
58
70
330
199
142
194
28
43
44
68
189
162
202
71
28
43
67
68
190
203
201
174
28
52
67
68
333
202
163
175
29
41
45
69
255
210
205
74
29
41
65
69
256
206
204
208
29
53
65
69
336
205
212
209
29
41
47
71
261
183
208
77
29
41
65
71
263
209
207
205
29
53
65
71
339
208
184
206
29
42
45
69
258
204
211
80
29
42
66
69
259
212
210
180
29
53
66
69
342
211
206
181
30
34
39
63
150
195
214
83
30
34
58
63
151
215
213
192
30
54
58
63
345
214
196
193
31
34
46
70
198
171
217
86
31
34
58
70
199
218
216
144
31
55
58
70
348
217
172
145
31
37
44
68
159
168
220
89
31
37
61
68
160
221
219
147
31
55
61
68
351
220
169
148
32
38
40
64
253
229
223
92
32
38
62
64
254
224
222
226
32
56
62
64
354
223
230
227
32
38
41
65
256
228
226
95
32
38
62
65
257
227
225
223
32
56
62
65
357
226
230
224
32
40
41
65
231
225
229
98
32
40
64
65
232
230
228
222
32
56
64
65
360
229
227
224
33
40
41
65
228
238
232
101
33
40
64
65
229
233
231
235
33
57
64
65
363
232
239
236
33
40
44
68
252
237
235
104
33
40
64
68
253
236
234
232
33
57
64
68
366
235
239
233
33
41
44
68
262
234
238
107
33
41
65
68
263
239
237
231
33
57
65
68
369
238
236
233
35
44
47
71
261
156
241
110
35
44
68
71
262
242
240
153
35
59
68
71
372
241
157
154
36
38
42
66
259
250
244
113
36
38
62
66
260
245
243
247
36
60
62
66
375
244
251
248
36
38
44
68
252
249
247
116
36
38
62
68
254
248
246
244
36
60
62
68
378
247
251
245
36
42
44
68
186
246
250
119
36
42
66
68
187
251
249
243
36
60
66
68
381
250
248
245
38
40
44
68
234
246
253
122
38
40
64
68
235
254
252
222
38
62
64
68
384
253
247
223
38
41
45
69
204
258
256
125
38
41
65
69
205
257
255
225
38
62
65
69
387
256
260
226
38
42
45
69
210
255
259
128
38
42
66
69
211
260
258
243
38
62
66
69
390
259
257
244
41
44
47
71
240
207
262
131
41
44
68
71
241
263
261
237
41
65
68
71
393
262
208
238
48
50
70
94
309
273
265
134
48
50
74
94
311
266
264
268
48
72
74
94
396
265
275
269
48
50
71
95
315
288
268
137
48
50
74
95
317
269
267
265
48
72
74
95
399
268
290
266
48
51
63
87
327
282
271
140
48
51
75
87
329
272
270
274
48
72
75
87
402
271
284
275
48
51
70
94
330
264
274
143
48
51
75
94
332
275
273
271
48
72
75
94
405
274
266
272
48
55
58
82
349
283
277
146
48
55
79
82
350
278
276
280
48
72
79
82
408
277
284
281
48
55
61
85
352
292
280
149
48
55
79
85
353
281
279
277
48
72
79
85
411
280
293
278
48
58
63
87
345
270
283
152
48
58
82
87
346
284
282
276
48
72
82
87
414
283
272
278
48
59
68
92
373
291
286
155
48
59
83
92
374
287
285
289
48
72
83
92
417
286
293
290
48
59
71
95
372
267
289
158
48
59
83
95
374
290
288
286
48
72
83
95
420
289
269
287
48
61
68
92
351
285
292
161
48
61
85
92
352
293
291
279
48
72
85
92
423
292
287
281
49
52
68
92
333
300
295
164
49
52
76
92
335
296
294
298
49
73
76
92
426
295
302
299
49
52
70
94
309
303
298
167
49
52
76
94
310
299
297
295
49
73
76
94
429
298
305
296
49
55
68
92
351
294
301
170
49
55
79
92
353
302
300
304
49
73
79
92
432
301
296
305
49
55
70
94
348
297
304
173
49
55
79
94
350
305
303
301
49
73
79
94
435
304
299
302
50
52
67
91
334
322
307
176
50
52
76
91
335
308
306
310
50
74
76
91
438
307
323
311
50
52
70
94
297
264
310
179
50
52
76
94
298
311
309
307
50
74
76
94
441
310
265
308
50
53
66
90
343
319
313
182
50
53
77
90
344
314
312
316
50
74
77
90
444
313
320
317
50
53
71
95
339
267
316
185
50
53
77
95
341
317
315
313
50
74
77
95
447
316
268
314
50
66
68
92
381
321
319
188
50
66
90
92
382
320
318
312
50
74
90
92
450
319
323
314
50
67
68
92
333
318
322
191
50
67
91
92
334
323
321
306
50
74
91
92
453
322
320
308
51
54
58
82
346
331
325
194
51
54
78
82
347
326
324
328
51
75
78
82
456
325
332
329
51
54
63
87
345
270
328
197
51
54
78
87
347
329
327
325
51
75
78
87
459
328
271
326
51
58
70
94
348
273
331
200
51
58
82
94
349
332
330
324
51
75
82
94
462
331
274
326
52
67
68
92
321
294
334
203
52
67
91
92
322
335
333
306
52
76
91
92
465
334
295
307
53
65
69
93
387
342
337
206
53
65
89
93
388
338
336
340
53
77
89
93
468
337
344
341
53
65
71
95
393
315
340
209
53
65
89
95
395
341
339
337
53
77
89
95
471
340
316
338
53
66
69
93
390
336
343
212
53
66
90
93
391
344
342
312
53
77
90
93
474
343
338
313
54
58
63
87
282
327
346
215
54
58
82
87
283
347
345
324
54
78
82
87
477
346
328
325
55
58
70
94
330
303
349
218
55
58
82
94
331
350
348
276
55
79
82
94
480
349
304
277
55
61
68
92
291
300
352
221
55
61
85
92
292
353
351
279
55
79
85
92
483
352
301
280
56
62
64
88
385
361
355
224
56
62
86
88
386
356
354
358
56
80
86
88
486
355
362
359
56
62
65
89
388
360
358
227
56
62
86
89
389
359
357
355
56
80
86
89
489
358
362
356
56
64
65
89
363
357
361
230
56
64
88
89
364
362
360
354
56
80
88
89
492
361
359
356
57
64
65
89
360
370
364
233
57
64
88
89
361
365
363
367
57
81
88
89
495
364
371
368
57
64
68
92
384
369
367
236
57
64
88
92
385
368
366
364
57
81
88
92
498
367
371
365
57
65
68
92
394
366
370
239
57
65
89
92
395
371
369
363
57
81
89
92
501
370
368
365
59
68
71
95
393
288
373
242
59
68
92
95
394
374
372
285
59
83
92
95
504
373
289
286
60
62
66
90
391
382
376
245
60
62
86
90
392
377
375
379
60
84
86
90
507
376
383
380
60
62
68
92
384
381
379
248
60
62
86
92
386
380
378
376
60
84
86
92
510
379
383
377
60
66
68
92
318
378
382
251
60
66
90
92
319
383
381
375
60
84
90
92
513
382
380
377
62
64
68
92
366
378
385
254
62
64
88
92
367
386
384
354
62
86
88
92
516
385
379
355
62
65
69
93
336
390
388
257
62
65
89
93
337
389
387
357
62
86
89
93
519
388
392
358
62
66
69
93
342
387
391
260
62
66
90
93
343
392
390
375
62
86
90
93
522
391
389
376
65
68
71
95
372
339
394
263
65
68
92
95
373
395
393
369
65
89
92
95
525
394
340
370
72
74
94
22
441
405
397
266
72
74
2
22
443
398
396
400
72
0
2
22
0
397
407
401
72
74
95
23
447
420
400
269
72
74
2
23
449
401
399
397
72
0
2
23
3
400
422
398
72
75
87
15
459
414
403
272
72
75
3
15
461
404
402
406
72
0
3
15
6
403
416
407
72
75
94
22
462
396
406
275
72
75
3
22
464
407
405
403
72
0
3
22
9
406
398
404
72
79
82
10
481
415
409
278
72
79
7
10
482
410
408
412
72
0
7
10
12
409
416
413
72
79
85
13
484
424
412
281
72
79
7
13
485
413
411
409
72
0
7
13
15
412
425
410
72
82
87
15
477
402
415
284
72
82
10
15
478
416
414
408
72
0
10
15
18
415
404
410
72
83
92
20
505
423
418
287
72
83
11
20
506
419
417
421
72
0
11
20
21
418
425
422
72
83
95
23
504
399
421
290
72
83
11
23
506
422
420
418
72
0
11
23
24
421
401
419
72
85
92
20
483
417
424
293
72
85
13
20
484
425
423
411
72
0
13
20
27
424
419
413
73
76
92
20
465
432
427
296
73
76
4
20
467
428
426
430
73
1
4
20
30
427
434
431
73
76
94
22
441
435
430
299
73
76
4
22
442
431
429
427
73
1
4
22
33
430
437
428
73
79
92
20
483
426
433
302
73
79
7
20
485
434
432
436
73
1
7
20
36
433
428
437
73
79
94
22
480
429
436
305
73
79
7
22
482
437
435
433
73
1
7
22
39
436
431
434
74
76
91
19
466
454
439
308
74
76
4
19
467
440
438
442
74
2
4
19
42
439
455
443
74
76
94
22
429
396
442
311
74
76
4
22
430
443
441
439
74
2
4
22
45
442
397
440
74
77
90
18
475
451
445
314
74
77
5
18
476
446
444
448
74
2
5
18
48
445
452
449
74
77
95
23
471
399
448
317
74
77
5
23
473
449
447
445
74
2
5
23
51
448
400
446
74
90
92
20
513
453
451
320
74
90
18
20
514
452
450
444
74
2
18
20
54
451
455
446
74
91
92
20
465
450
454
323
74
91
19
20
466
455
453
438
74
2
19
20
57
454
452
440
75
78
82
10
478
463
457
326
75
78
6
10
479
458
456
460
75
3
6
10
60
457
464
461
75
78
87
15
477
402
460
329
75
78
6
15
479
461
459
457
75
3
6
15
63
460
403
458
75
82
94
22
480
405
463
332
75
82
10
22
481
464
462
456
75
3
10
22
66
463
406
458
76
91
92
20
453
426
466
335
76
91
19
20
454
467
465
438
76
4
19
20
69
466
427
439
77
89
93
21
519
474
469
338
77
89
17
21
520
470
468
472
77
5
17
21
72
469
476
473
77
89
95
23
525
447
472
341
77
89
17
23
527
473
471
469
77
5
17
23
75
472
448
470
77
90
93
21
522
468
475
344
77
90
18
21
523
476
474
444
77
5
18
21
78
475
470
445
78
82
87
15
414
459
478
347
78
82
10
15
415
479
477
456
78
6
10
15
81
478
460
457
79
82
94
22
462
435
481
350
79
82
10
22
463
482
480
408
79
7
10
22
84
481
436
409
79
85
92
20
423
432
484
353
79
85
13
20
424
485
483
411
79
7
13
20
87
484
433
412
80
86
88
16
517
493
487
356
80
86
14
16
518
488
486
490
80
8
14
16
90
487
494
491
80
86
89
17
520
492
490
359
80
86
14
17
521
491
489
487
80
8
14
17
93
490
494
488
80
88
89
17
495
489
493
362
80
88
16
17
496
494
492
486
80
8
16
17
96
493
491
488
81
88
89
17
492
502
496
365
81
88
16
17
493
497
495
499
81
9
16
17
99
496
503
500
81
88
92
20
516
501
499
368
81
88
16
20
517
500
498
496
81
9
16
20
102
499
503
497
81
89
92
20
526
498
502
371
81
89
17
20
527
503
501
495
81
9
17
20
105
502
500
497
83
92
95
23
525
420
505
374
83
92
20
23
526
506
504
417
83
11
20
23
108
505
421
418
84
86
90
18
523
514
508
377
84
86
14
18
524
509
507
511
84
12
14
18
111
508
515
512
84
86
92
20
516
513
511
380
84
86
14
20
518
512
510
508
84
12
14
20
114
511
515
509
84
90
92
20
450
510
514
383
84
90
18
20
451
515
513
507
84
12
18
20
117
514
512
509
86
88
92
20
498
510
517
386
86
88
16
20
499
518
516
486
86
14
16
20
120
517
511
487
86
89
93
21
468
522
520
389
86
89
17
21
469
521
519
489
86
14
17
21
123
520
524
490
86
90
93
21
474
519
523
392
86
90
18
21
475
524
522
507
86
14
18
21
126
523
521
508
89
92
95
23
504
471
526
395
89
92
20
23
505
527
525
501
89
17
20
23
129
526
472
502
528
