1
192
0
0
0
0
0
0
0
0
0
0
0
0
0
0
0
0
0
0
0
0
0
0
0
0
0
0
0
0
0
0
0
0
0
0
0
0
0
0
0
0
0
0
0
0
0
0
0
0
1
1
1
1
1
1
1
1
1
1
1
1
1
1
1
1
1
1
1
1
1
1
1
1
1
1
1
1
1
1
1
1
1
1
1
1
1
1
1
1
1
1
1
1
1
1
1
1
2
2
2
2
2
2
2
2
2
2
2
2
2
2
2
2
2
2
2
2
2
2
2
2
2
2
2
2
2
2
2
2
2
2
2
2
2
2
2
2
2
2
2
2
2
2
2
2
3
3
3
3
3
3
3
3
3
3
3
3
3
3
3
3
3
3
3
3
3
3
3
3
3
3
3
3
3
3
3
3
3
3
3
3
3
3
3
3
3
3
3
3
3
3
3
3
192
1104
0
10
21
69
120
6
1
830
0
10
58
69
121
2
0
4
0
48
58
69
276
1
8
5
0
10
36
84
138
9
4
833
0
10
58
84
139
5
3
1
0
48
58
84
279
4
11
2
0
14
21
69
141
0
7
836
0
14
62
69
142
8
6
10
0
48
62
69
282
7
2
11
0
14
36
84
144
3
10
839
0
14
62
84
145
11
9
7
0
48
62
84
285
10
5
8
1
2
13
61
46
19
13
842
1
2
50
61
47
14
12
16
1
49
50
61
288
13
20
17
1
2
46
94
51
18
16
845
1
2
50
94
53
17
15
13
1
49
50
94
291
16
20
14
1
13
46
94
213
15
19
848
1
13
61
94
215
20
18
12
1
49
61
94
294
19
17
14
2
5
10
58
121
27
22
851
2
5
53
58
122
23
21
25
2
50
53
58
297
22
29
26
2
5
17
65
124
58
25
854
2
5
53
65
125
26
24
22
2
50
53
65
300
25
59
23
2
6
10
58
139
21
28
857
2
6
54
58
140
29
27
31
2
50
54
58
303
28
23
32
2
6
38
86
150
79
31
860
2
6
54
86
152
32
30
28
2
50
54
86
306
31
80
29
2
8
16
64
171
55
34
863
2
8
56
64
173
35
33
37
2
50
56
64
309
34
56
38
2
8
35
83
174
76
37
866
2
8
56
83
176
38
36
34
2
50
56
83
312
37
77
35
2
12
24
72
189
61
40
869
2
12
60
72
190
41
39
43
2
50
60
72
315
40
62
44
2
12
30
78
210
54
43
872
2
12
60
78
212
44
42
40
2
50
60
78
318
43
56
41
2
13
31
79
214
70
46
875
2
13
61
79
215
47
45
12
2
50
61
79
321
46
71
13
2
15
43
91
195
81
49
878
2
15
63
91
196
50
48
52
2
50
63
91
324
49
83
53
2
15
46
94
219
15
52
881
2
15
63
94
221
53
51
49
2
50
63
94
327
52
16
50
2
16
30
78
204
42
55
884
2
16
64
78
205
56
54
33
2
50
64
78
330
55
44
35
2
17
39
87
222
75
58
887
2
17
65
87
224
59
57
24
2
50
65
87
333
58
77
26
2
24
40
88
250
82
61
890
2
24
72
88
251
62
60
39
2
50
72
88
336
61
83
41
2
29
34
82
261
73
64
893
2
29
77
82
263
65
63
67
2
50
77
82
339
64
74
68
2
29
42
90
264
69
67
896
2
29
77
90
266
68
66
64
2
50
77
90
342
67
71
65
2
31
42
90
264
66
70
899
2
31
79
90
265
71
69
45
2
50
79
90
345
70
68
47
2
34
41
89
267
78
73
902
2
34
82
89
268
74
72
63
2
50
82
89
348
73
80
65
2
35
39
87
222
57
76
905
2
35
83
87
223
77
75
36
2
50
83
87
351
76
59
38
2
38
41
89
274
72
79
908
2
38
86
89
275
80
78
30
2
50
86
89
354
79
74
32
2
40
43
91
249
48
82
911
2
40
88
91
250
83
81
60
2
50
88
91
357
82
50
62
3
22
23
71
229
91
85
914
3
22
70
71
230
86
84
88
3
51
70
71
360
85
92
89
3
22
41
89
234
90
88
917
3
22
70
89
236
89
87
85
3
51
70
89
363
88
92
86
3
23
41
89
243
87
91
920
3
23
71
89
245
92
90
84
3
51
71
89
366
91
89
86
4
5
19
67
127
100
94
923
4
5
53
67
128
95
93
97
4
52
53
67
369
94
101
98
4
5
32
80
136
112
97
926
4
5
53
80
137
98
96
94
4
52
53
80
372
97
113
95
4
19
20
68
126
103
100
929
4
19
67
68
127
101
99
93
4
52
67
68
375
100
104
95
4
20
26
74
226
106
103
932
4
20
68
74
227
104
102
99
4
52
68
74
378
103
107
101
4
26
27
75
259
109
106
935
4
26
74
75
260
107
105
102
4
52
74
75
381
106
110
104
4
27
45
93
258
111
109
938
4
27
75
93
259
110
108
105
4
52
75
93
384
109
113
107
4
32
45
93
135
108
112
941
4
32
80
93
136
113
111
96
4
52
80
93
387
112
110
98
5
6
20
68
148
126
115
944
5
6
54
68
149
116
114
118
5
53
54
68
390
115
128
119
5
6
21
69
141
120
118
947
5
6
54
69
143
119
117
115
5
53
54
69
393
118
122
116
5
10
21
69
0
117
121
950
5
10
58
69
1
122
120
21
5
53
58
69
396
121
119
22
5
17
35
83
223
129
124
953
5
17
65
83
224
125
123
24
5
53
65
83
399
124
131
25
5
19
20
68
99
114
127
956
5
19
67
68
100
128
126
93
5
53
67
68
402
127
116
94
5
23
35
83
174
123
130
959
5
23
71
83
175
131
129
133
5
53
71
83
405
130
125
134
5
23
45
93
240
135
133
962
5
23
71
93
242
134
132
130
5
53
71
93
408
133
137
131
5
32
45
93
111
132
136
965
5
32
80
93
112
137
135
96
5
53
80
93
411
136
134
97
6
10
36
84
3
144
139
968
6
10
58
84
4
140
138
27
6
54
58
84
414
139
146
28
6
14
21
69
6
117
142
971
6
14
62
69
7
143
141
145
6
54
62
69
417
142
118
146
6
14
36
84
9
138
145
974
6
14
62
84
10
146
144
142
6
54
62
84
420
145
140
143
6
20
28
76
225
157
148
977
6
20
68
76
227
149
147
114
6
54
68
76
423
148
158
115
6
25
38
86
252
30
151
980
6
25
73
86
254
152
150
154
6
54
73
86
426
151
31
155
6
25
44
92
255
159
154
983
6
25
73
92
257
155
153
151
6
54
73
92
429
154
161
152
6
28
41
89
243
160
157
986
6
28
76
89
244
158
156
147
6
54
76
89
432
157
161
149
6
41
44
92
273
153
160
989
6
41
89
92
274
161
159
156
6
54
89
92
435
160
155
158
7
8
15
63
172
169
163
992
7
8
56
63
173
164
162
166
7
55
56
63
438
163
170
167
7
8
31
79
181
168
166
995
7
8
56
79
182
167
165
163
7
55
56
79
441
166
170
164
7
15
31
79
220
165
169
998
7
15
63
79
221
170
168
162
7
55
63
79
444
169
167
164
8
15
16
64
217
33
172
1001
8
15
63
64
218
173
171
162
8
56
63
64
447
172
34
163
8
23
35
83
129
36
175
1004
8
23
71
83
130
176
174
178
8
56
71
83
450
175
37
179
8
23
47
95
246
183
178
1007
8
23
71
95
248
179
177
175
8
56
71
95
453
178
185
176
8
31
34
82
261
184
181
1010
8
31
79
82
262
182
180
165
8
56
79
82
456
181
185
166
8
34
47
95
246
177
184
1013
8
34
82
95
247
185
183
180
8
56
82
95
459
184
179
182
9
12
18
66
211
192
187
1016
9
12
60
66
212
188
186
190
9
57
60
66
462
187
194
191
9
12
24
72
39
199
190
1019
9
12
60
72
40
191
189
187
9
57
60
72
465
190
200
188
9
15
18
66
216
186
193
1022
9
15
63
66
218
194
192
196
9
57
63
66
468
193
188
197
9
15
43
91
48
198
196
1025
9
15
63
91
49
197
195
193
9
57
63
91
471
196
200
194
9
24
43
91
249
195
199
1028
9
24
72
91
251
200
198
189
9
57
72
91
474
199
197
191
11
16
18
66
216
208
202
1031
11
16
64
66
217
203
201
205
11
59
64
66
477
202
209
206
11
16
30
78
54
207
205
1034
11
16
64
78
55
206
204
202
11
59
64
78
480
205
209
203
11
18
30
78
210
204
208
1037
11
18
66
78
211
209
207
201
11
59
66
78
483
208
206
203
12
18
30
78
207
42
211
1040
12
18
66
78
208
212
210
186
12
60
66
78
486
211
43
187
13
31
46
94
219
18
214
1043
13
31
79
94
220
215
213
45
13
61
79
94
489
214
19
46
15
16
18
66
201
192
217
1046
15
16
64
66
202
218
216
171
15
63
64
66
492
217
193
172
15
31
46
94
213
51
220
1049
15
31
79
94
214
221
219
168
15
63
79
94
495
220
52
169
17
35
39
87
75
57
223
1052
17
35
83
87
76
224
222
123
17
65
83
87
498
223
58
124
20
26
28
76
237
147
226
1055
20
26
74
76
238
227
225
102
20
68
74
76
501
226
148
103
22
23
34
82
247
231
229
1058
22
23
71
82
248
230
228
84
22
70
71
82
504
229
233
85
22
33
34
82
268
228
232
1061
22
33
81
82
269
233
231
235
22
70
81
82
507
232
230
236
22
33
41
89
267
87
235
1064
22
33
81
89
269
236
234
232
22
70
81
89
510
235
88
233
23
26
28
76
225
244
238
1067
23
26
74
76
226
239
237
241
23
71
74
76
513
238
245
242
23
26
45
93
258
132
241
1070
23
26
74
93
260
242
240
238
23
71
74
93
516
241
133
239
23
28
41
89
156
90
244
1073
23
28
76
89
157
245
243
237
23
71
76
89
519
244
91
239
23
34
47
95
183
177
247
1076
23
34
82
95
184
248
246
228
23
71
82
95
522
247
178
229
24
40
43
91
81
198
250
1079
24
40
88
91
82
251
249
60
24
72
88
91
525
250
199
61
25
37
38
86
271
150
253
1082
25
37
85
86
272
254
252
256
25
73
85
86
528
253
151
257
25
37
44
92
270
153
256
1085
25
37
85
92
272
257
255
253
25
73
85
92
531
256
154
254
26
27
45
93
108
240
259
1088
26
27
75
93
109
260
258
105
26
74
75
93
534
259
241
106
29
31
34
82
180
63
262
1091
29
31
79
82
181
263
261
265
29
77
79
82
537
262
64
266
29
31
42
90
69
66
265
1094
29
31
79
90
70
266
264
262
29
77
79
90
540
265
67
263
33
34
41
89
72
234
268
1097
33
34
82
89
73
269
267
231
33
81
82
89
543
268
235
232
37
38
44
92
273
255
271
1100
37
38
86
92
275
272
270
252
37
85
86
92
546
271
256
253
38
41
44
92
159
270
274
1103
38
41
89
92
160
275
273
78
38
86
89
92
549
274
271
79
48
58
69
117
396
282
277
2
48
58
106
117
397
278
276
280
48
96
106
117
552
277
284
281
48
58
84
132
414
285
280
5
48
58
106
132
415
281
279
277
48
96
106
132
555
280
287
278
48
62
69
117
417
276
283
8
48
62
110
117
418
284
282
286
48
96
110
117
558
283
278
287
48
62
84
132
420
279
286
11
48
62
110
132
421
287
285
283
48
96
110
132
561
286
281
284
49
50
61
109
322
295
289
14
49
50
98
109
323
290
288
292
49
97
98
109
564
289
296
293
49
50
94
142
327
294
292
17
49
50
98
142
329
293
291
289
49
97
98
142
567
292
296
290
49
61
94
142
489
291
295
20
49
61
109
142
491
296
294
288
49
97
109
142
570
295
293
290
50
53
58
106
397
303
298
23
50
53
101
106
398
299
297
301
50
98
101
106
573
298
305
302
50
53
65
113
400
334
301
26
50
53
101
113
401
302
300
298
50
98
101
113
576
301
335
299
50
54
58
106
415
297
304
29
50
54
102
106
416
305
303
307
50
98
102
106
579
304
299
308
50
54
86
134
426
355
307
32
50
54
102
134
428
308
306
304
50
98
102
134
582
307
356
305
50
56
64
112
447
331
310
35
50
56
104
112
449
311
309
313
50
98
104
112
585
310
332
314
50
56
83
131
450
352
313
38
50
56
104
131
452
314
312
310
50
98
104
131
588
313
353
311
50
60
72
120
465
337
316
41
50
60
108
120
466
317
315
319
50
98
108
120
591
316
338
320
50
60
78
126
486
330
319
44
50
60
108
126
488
320
318
316
50
98
108
126
594
319
332
317
50
61
79
127
490
346
322
47
50
61
109
127
491
323
321
288
50
98
109
127
597
322
347
289
50
63
91
139
471
357
325
50
50
63
111
139
472
326
324
328
50
98
111
139
600
325
359
329
50
63
94
142
495
291
328
53
50
63
111
142
497
329
327
325
50
98
111
142
603
328
292
326
50
64
78
126
480
318
331
56
50
64
112
126
481
332
330
309
50
98
112
126
606
331
320
311
50
65
87
135
498
351
334
59
50
65
113
135
500
335
333
300
50
98
113
135
609
334
353
302
50
72
88
136
526
358
337
62
50
72
120
136
527
338
336
315
50
98
120
136
612
337
359
317
50
77
82
130
537
349
340
65
50
77
125
130
539
341
339
343
50
98
125
130
615
340
350
344
50
77
90
138
540
345
343
68
50
77
125
138
542
344
342
340
50
98
125
138
618
343
347
341
50
79
90
138
540
342
346
71
50
79
127
138
541
347
345
321
50
98
127
138
621
346
344
323
50
82
89
137
543
354
349
74
50
82
130
137
544
350
348
339
50
98
130
137
624
349
356
341
50
83
87
135
498
333
352
77
50
83
131
135
499
353
351
312
50
98
131
135
627
352
335
314
50
86
89
137
550
348
355
80
50
86
134
137
551
356
354
306
50
98
134
137
630
355
350
308
50
88
91
139
525
324
358
83
50
88
136
139
526
359
357
336
50
98
136
139
633
358
326
338
51
70
71
119
505
367
361
86
51
70
118
119
506
362
360
364
51
99
118
119
636
361
368
365
51
70
89
137
510
366
364
89
51
70
118
137
512
365
363
361
51
99
118
137
639
364
368
362
51
71
89
137
519
363
367
92
51
71
119
137
521
368
366
360
51
99
119
137
642
367
365
362
52
53
67
115
403
376
370
95
52
53
101
115
404
371
369
373
52
100
101
115
645
370
377
374
52
53
80
128
412
388
373
98
52
53
101
128
413
374
372
370
52
100
101
128
648
373
389
371
52
67
68
116
402
379
376
101
52
67
115
116
403
377
375
369
52
100
115
116
651
376
380
371
52
68
74
122
502
382
379
104
52
68
116
122
503
380
378
375
52
100
116
122
654
379
383
377
52
74
75
123
535
385
382
107
52
74
122
123
536
383
381
378
52
100
122
123
657
382
386
380
52
75
93
141
534
387
385
110
52
75
123
141
535
386
384
381
52
100
123
141
660
385
389
383
52
80
93
141
411
384
388
113
52
80
128
141
412
389
387
372
52
100
128
141
663
388
386
374
53
54
68
116
424
402
391
116
53
54
102
116
425
392
390
394
53
101
102
116
666
391
404
395
53
54
69
117
417
396
394
119
53
54
102
117
419
395
393
391
53
101
102
117
669
394
398
392
53
58
69
117
276
393
397
122
53
58
106
117
277
398
396
297
53
101
106
117
672
397
395
298
53
65
83
131
499
405
400
125
53
65
113
131
500
401
399
300
53
101
113
131
675
400
407
301
53
67
68
116
375
390
403
128
53
67
115
116
376
404
402
369
53
101
115
116
678
403
392
370
53
71
83
131
450
399
406
131
53
71
119
131
451
407
405
409
53
101
119
131
681
406
401
410
53
71
93
141
516
411
409
134
53
71
119
141
518
410
408
406
53
101
119
141
684
409
413
407
53
80
93
141
387
408
412
137
53
80
128
141
388
413
411
372
53
101
128
141
687
412
410
373
54
58
84
132
279
420
415
140
54
58
106
132
280
416
414
303
54
102
106
132
690
415
422
304
54
62
69
117
282
393
418
143
54
62
110
117
283
419
417
421
54
102
110
117
693
418
394
422
54
62
84
132
285
414
421
146
54
62
110
132
286
422
420
418
54
102
110
132
696
421
416
419
54
68
76
124
501
433
424
149
54
68
116
124
503
425
423
390
54
102
116
124
699
424
434
391
54
73
86
134
528
306
427
152
54
73
121
134
530
428
426
430
54
102
121
134
702
427
307
431
54
73
92
140
531
435
430
155
54
73
121
140
533
431
429
427
54
102
121
140
705
430
437
428
54
76
89
137
519
436
433
158
54
76
124
137
520
434
432
423
54
102
124
137
708
433
437
425
54
89
92
140
549
429
436
161
54
89
137
140
550
437
435
432
54
102
137
140
711
436
431
434
55
56
63
111
448
445
439
164
55
56
104
111
449
440
438
442
55
103
104
111
714
439
446
443
55
56
79
127
457
444
442
167
55
56
104
127
458
443
441
439
55
103
104
127
717
442
446
440
55
63
79
127
496
441
445
170
55
63
111
127
497
446
444
438
55
103
111
127
720
445
443
440
56
63
64
112
493
309
448
173
56
63
111
112
494
449
447
438
56
104
111
112
723
448
310
439
56
71
83
131
405
312
451
176
56
71
119
131
406
452
450
454
56
104
119
131
726
451
313
455
56
71
95
143
522
459
454
179
56
71
119
143
524
455
453
451
56
104
119
143
729
454
461
452
56
79
82
130
537
460
457
182
56
79
127
130
538
458
456
441
56
104
127
130
732
457
461
442
56
82
95
143
522
453
460
185
56
82
130
143
523
461
459
456
56
104
130
143
735
460
455
458
57
60
66
114
487
468
463
188
57
60
108
114
488
464
462
466
57
105
108
114
738
463
470
467
57
60
72
120
315
475
466
191
57
60
108
120
316
467
465
463
57
105
108
120
741
466
476
464
57
63
66
114
492
462
469
194
57
63
111
114
494
470
468
472
57
105
111
114
744
469
464
473
57
63
91
139
324
474
472
197
57
63
111
139
325
473
471
469
57
105
111
139
747
472
476
470
57
72
91
139
525
471
475
200
57
72
120
139
527
476
474
465
57
105
120
139
750
475
473
467
59
64
66
114
492
484
478
203
59
64
112
114
493
479
477
481
59
107
112
114
753
478
485
482
59
64
78
126
330
483
481
206
59
64
112
126
331
482
480
478
59
107
112
126
756
481
485
479
59
66
78
126
486
480
484
209
59
66
114
126
487
485
483
477
59
107
114
126
759
484
482
479
60
66
78
126
483
318
487
212
60
66
114
126
484
488
486
462
60
108
114
126
762
487
319
463
61
79
94
142
495
294
490
215
61
79
127
142
496
491
489
321
61
109
127
142
765
490
295
322
63
64
66
114
477
468
493
218
63
64
112
114
478
494
492
447
63
111
112
114
768
493
469
448
63
79
94
142
489
327
496
221
63
79
127
142
490
497
495
444
63
111
127
142
771
496
328
445
65
83
87
135
351
333
499
224
65
83
131
135
352
500
498
399
65
113
131
135
774
499
334
400
68
74
76
124
513
423
502
227
68
74
122
124
514
503
501
378
68
116
122
124
777
502
424
379
70
71
82
130
523
507
505
230
70
71
119
130
524
506
504
360
70
118
119
130
780
505
509
361
70
81
82
130
544
504
508
233
70
81
129
130
545
509
507
511
70
118
129
130
783
508
506
512
70
81
89
137
543
363
511
236
70
81
129
137
545
512
510
508
70
118
129
137
786
511
364
509
71
74
76
124
501
520
514
239
71
74
122
124
502
515
513
517
71
119
122
124
789
514
521
518
71
74
93
141
534
408
517
242
71
74
122
141
536
518
516
514
71
119
122
141
792
517
409
515
71
76
89
137
432
366
520
245
71
76
124
137
433
521
519
513
71
119
124
137
795
520
367
515
71
82
95
143
459
453
523
248
71
82
130
143
460
524
522
504
71
119
130
143
798
523
454
505
72
88
91
139
357
474
526
251
72
88
136
139
358
527
525
336
72
120
136
139
801
526
475
337
73
85
86
134
547
426
529
254
73
85
133
134
548
530
528
532
73
121
133
134
804
529
427
533
73
85
92
140
546
429
532
257
73
85
133
140
548
533
531
529
73
121
133
140
807
532
430
530
74
75
93
141
384
516
535
260
74
75
123
141
385
536
534
381
74
122
123
141
810
535
517
382
77
79
82
130
456
339
538
263
77
79
127
130
457
539
537
541
77
125
127
130
813
538
340
542
77
79
90
138
345
342
541
266
77
79
127
138
346
542
540
538
77
125
127
138
816
541
343
539
81
82
89
137
348
510
544
269
81
82
130
137
349
545
543
507
81
129
130
137
819
544
511
508
85
86
92
140
549
531
547
272
85
86
134
140
551
548
546
528
85
133
134
140
822
547
532
529
86
89
92
140
435
546
550
275
86
89
137
140
436
551
549
354
86
134
137
140
825
550
547
355
96
106
117
165
672
558
553
278
96
106
154
165
673
554
552
556
96
144
154
165
828
553
560
557
96
106
132
180
690
561
556
281
96
106
154
180
691
557
555
553
96
144
154
180
831
556
563
554
96
110
117
165
693
552
559
284
96
110
158
165
694
560
558
562
96
144
158
165
834
559
554
563
96
110
132
180
696
555
562
287
96
110
158
180
697
563
561
559
96
144
158
180
837
562
557
560
97
98
109
157
598
571
565
290
97
98
146
157
599
566
564
568
97
145
146
157
840
565
572
569
97
98
142
190
603
570
568
293
97
98
146
190
605
569
567
565
97
145
146
190
843
568
572
566
97
109
142
190
765
567
571
296
97
109
157
190
767
572
570
564
97
145
157
190
846
571
569
566
98
101
106
154
673
579
574
299
98
101
149
154
674
575
573
577
98
146
149
154
849
574
581
578
98
101
113
161
676
610
577
302
98
101
149
161
677
578
576
574
98
146
149
161
852
577
611
575
98
102
106
154
691
573
580
305
98
102
150
154
692
581
579
583
98
146
150
154
855
580
575
584
98
102
134
182
702
631
583
308
98
102
150
182
704
584
582
580
98
146
150
182
858
583
632
581
98
104
112
160
723
607
586
311
98
104
152
160
725
587
585
589
98
146
152
160
861
586
608
590
98
104
131
179
726
628
589
314
98
104
152
179
728
590
588
586
98
146
152
179
864
589
629
587
98
108
120
168
741
613
592
317
98
108
156
168
742
593
591
595
98
146
156
168
867
592
614
596
98
108
126
174
762
606
595
320
98
108
156
174
764
596
594
592
98
146
156
174
870
595
608
593
98
109
127
175
766
622
598
323
98
109
157
175
767
599
597
564
98
146
157
175
873
598
623
565
98
111
139
187
747
633
601
326
98
111
159
187
748
602
600
604
98
146
159
187
876
601
635
605
98
111
142
190
771
567
604
329
98
111
159
190
773
605
603
601
98
146
159
190
879
604
568
602
98
112
126
174
756
594
607
332
98
112
160
174
757
608
606
585
98
146
160
174
882
607
596
587
98
113
135
183
774
627
610
335
98
113
161
183
776
611
609
576
98
146
161
183
885
610
629
578
98
120
136
184
802
634
613
338
98
120
168
184
803
614
612
591
98
146
168
184
888
613
635
593
98
125
130
178
813
625
616
341
98
125
173
178
815
617
615
619
98
146
173
178
891
616
626
620
98
125
138
186
816
621
619
344
98
125
173
186
818
620
618
616
98
146
173
186
894
619
623
617
98
127
138
186
816
618
622
347
98
127
175
186
817
623
621
597
98
146
175
186
897
622
620
599
98
130
137
185
819
630
625
350
98
130
178
185
820
626
624
615
98
146
178
185
900
625
632
617
98
131
135
183
774
609
628
353
98
131
179
183
775
629
627
588
98
146
179
183
903
628
611
590
98
134
137
185
826
624
631
356
98
134
182
185
827
632
630
582
98
146
182
185
906
631
626
584
98
136
139
187
801
600
634
359
98
136
184
187
802
635
633
612
98
146
184
187
909
634
602
614
99
118
119
167
781
643
637
362
99
118
166
167
782
638
636
640
99
147
166
167
912
637
644
641
99
118
137
185
786
642
640
365
99
118
166
185
788
641
639
637
99
147
166
185
915
640
644
638
99
119
137
185
795
639
643
368
99
119
167
185
797
644
642
636
99
147
167
185
918
643
641
638
100
101
115
163
679
652
646
371
100
101
149
163
680
647
645
649
100
148
149
163
921
646
653
650
100
101
128
176
688
664
649
374
100
101
149
176
689
650
648
646
100
148
149
176
924
649
665
647
100
115
116
164
678
655
652
377
100
115
163
164
679
653
651
645
100
148
163
164
927
652
656
647
100
116
122
170
778
658
655
380
100
116
164
170
779
656
654
651
100
148
164
170
930
655
659
653
100
122
123
171
811
661
658
383
100
122
170
171
812
659
657
654
100
148
170
171
933
658
662
656
100
123
141
189
810
663
661
386
100
123
171
189
811
662
660
657
100
148
171
189
936
661
665
659
100
128
141
189
687
660
664
389
100
128
176
189
688
665
663
648
100
148
176
189
939
664
662
650
101
102
116
164
700
678
667
392
101
102
150
164
701
668
666
670
101
149
150
164
942
667
680
671
101
102
117
165
693
672
670
395
101
102
150
165
695
671
669
667
101
149
150
165
945
670
674
668
101
106
117
165
552
669
673
398
101
106
154
165
553
674
672
573
101
149
154
165
948
673
671
574
101
113
131
179
775
681
676
401
101
113
161
179
776
677
675
576
101
149
161
179
951
676
683
577
101
115
116
164
651
666
679
404
101
115
163
164
652
680
678
645
101
149
163
164
954
679
668
646
101
119
131
179
726
675
682
407
101
119
167
179
727
683
681
685
101
149
167
179
957
682
677
686
101
119
141
189
792
687
685
410
101
119
167
189
794
686
684
682
101
149
167
189
960
685
689
683
101
128
141
189
663
684
688
413
101
128
176
189
664
689
687
648
101
149
176
189
963
688
686
649
102
106
132
180
555
696
691
416
102
106
154
180
556
692
690
579
102
150
154
180
966
691
698
580
102
110
117
165
558
669
694
419
102
110
158
165
559
695
693
697
102
150
158
165
969
694
670
698
102
110
132
180
561
690
697
422
102
110
158
180
562
698
696
694
102
150
158
180
972
697
692
695
102
116
124
172
777
709
700
425
102
116
164
172
779
701
699
666
102
150
164
172
975
700
710
667
102
121
134
182
804
582
703
428
102
121
169
182
806
704
702
706
102
150
169
182
978
703
583
707
102
121
140
188
807
711
706
431
102
121
169
188
809
707
705
703
102
150
169
188
981
706
713
704
102
124
137
185
795
712
709
434
102
124
172
185
796
710
708
699
102
150
172
185
984
709
713
701
102
137
140
188
825
705
712
437
102
137
185
188
826
713
711
708
102
150
185
188
987
712
707
710
103
104
111
159
724
721
715
440
103
104
152
159
725
716
714
718
103
151
152
159
990
715
722
719
103
104
127
175
733
720
718
443
103
104
152
175
734
719
717
715
103
151
152
175
993
718
722
716
103
111
127
175
772
717
721
446
103
111
159
175
773
722
720
714
103
151
159
175
996
721
719
716
104
111
112
160
769
585
724
449
104
111
159
160
770
725
723
714
104
152
159
160
999
724
586
715
104
119
131
179
681
588
727
452
104
119
167
179
682
728
726
730
104
152
167
179
1002
727
589
731
104
119
143
191
798
735
730
455
104
119
167
191
800
731
729
727
104
152
167
191
1005
730
737
728
104
127
130
178
813
736
733
458
104
127
175
178
814
734
732
717
104
152
175
178
1008
733
737
718
104
130
143
191
798
729
736
461
104
130
178
191
799
737
735
732
104
152
178
191
1011
736
731
734
105
108
114
162
763
744
739
464
105
108
156
162
764
740
738
742
105
153
156
162
1014
739
746
743
105
108
120
168
591
751
742
467
105
108
156
168
592
743
741
739
105
153
156
168
1017
742
752
740
105
111
114
162
768
738
745
470
105
111
159
162
770
746
744
748
105
153
159
162
1020
745
740
749
105
111
139
187
600
750
748
473
105
111
159
187
601
749
747
745
105
153
159
187
1023
748
752
746
105
120
139
187
801
747
751
476
105
120
168
187
803
752
750
741
105
153
168
187
1026
751
749
743
107
112
114
162
768
760
754
479
107
112
160
162
769
755
753
757
107
155
160
162
1029
754
761
758
107
112
126
174
606
759
757
482
107
112
160
174
607
758
756
754
107
155
160
174
1032
757
761
755
107
114
126
174
762
756
760
485
107
114
162
174
763
761
759
753
107
155
162
174
1035
760
758
755
108
114
126
174
759
594
763
488
108
114
162
174
760
764
762
738
108
156
162
174
1038
763
595
739
109
127
142
190
771
570
766
491
109
127
175
190
772
767
765
597
109
157
175
190
1041
766
571
598
111
112
114
162
753
744
769
494
111
112
160
162
754
770
768
723
111
159
160
162
1044
769
745
724
111
127
142
190
765
603
772
497
111
127
175
190
766
773
771
720
111
159
175
190
1047
772
604
721
113
131
135
183
627
609
775
500
113
131
179
183
628
776
774
675
113
161
179
183
1050
775
610
676
116
122
124
172
789
699
778
503
116
122
170
172
790
779
777
654
116
164
170
172
1053
778
700
655
118
119
130
178
799
783
781
506
118
119
167
178
800
782
780
636
118
166
167
178
1056
781
785
637
118
129
130
178
820
780
784
509
118
129
177
178
821
785
783
787
118
166
177
178
1059
784
782
788
118
129
137
185
819
639
787
512
118
129
177
185
821
788
786
784
118
166
177
185
1062
787
640
785
119
122
124
172
777
796
790
515
119
122
170
172
778
791
789
793
119
167
170
172
1065
790
797
794
119
122
141
189
810
684
793
518
119
122
170
189
812
794
792
790
119
167
170
189
1068
793
685
791
119
124
137
185
708
642
796
521
119
124
172
185
709
797
795
789
119
167
172
185
1071
796
643
791
119
130
143
191
735
729
799
524
119
130
178
191
736
800
798
780
119
167
178
191
1074
799
730
781
120
136
139
187
633
750
802
527
120
136
184
187
634
803
801
612
120
168
184
187
1077
802
751
613
121
133
134
182
823
702
805
530
121
133
181
182
824
806
804
808
121
169
181
182
1080
805
703
809
121
133
140
188
822
705
808
533
121
133
181
188
824
809
807
805
121
169
181
188
1083
808
706
806
122
123
141
189
660
792
811
536
122
123
171
189
661
812
810
657
122
170
171
189
1086
811
793
658
125
127
130
178
732
615
814
539
125
127
175
178
733
815
813
817
125
173
175
178
1089
814
616
818
125
127
138
186
621
618
817
542
125
127
175
186
622
818
816
814
125
173
175
186
1092
817
619
815
129
130
137
185
624
786
820
545
129
130
178
185
625
821
819
783
129
177
178
185
1095
820
787
784
133
134
140
188
825
807
823
548
133
134
182
188
827
824
822
804
133
181
182
188
1098
823
808
805
134
137
140
188
711
822
826
551
134
137
185
188
712
827
825
630
134
182
185
188
1101
826
823
631
144
154
165
21
948
834
829
554
144
154
10
21
949
830
828
832
144
0
10
21
0
829
836
833
144
154
180
36
966
837
832
557
144
154
10
36
967
833
831
829
144
0
10
36
3
832
839
830
144
158
165
21
969
828
835
560
144
158
14
21
970
836
834
838
144
0
14
21
6
835
830
839
144
158
180
36
972
831
838
563
144
158
14
36
973
839
837
835
144
0
14
36
9
838
833
836
145
146
157
13
874
847
841
566
145
146
2
13
875
842
840
844
145
1
2
13
12
841
848
845
145
146
190
46
879
846
844
569
145
146
2
46
881
845
843
841
145
1
2
46
15
844
848
842
145
157
190
46
1041
843
847
572
145
157
13
46
1043
848
846
840
145
1
13
46
18
847
845
842
146
149
154
10
949
855
850
575
146
149
5
10
950
851
849
853
146
2
5
10
21
850
857
854
146
149
161
17
952
886
853
578
146
149
5
17
953
854
852
850
146
2
5
17
24
853
887
851
146
150
154
10
967
849
856
581
146
150
6
10
968
857
855
859
146
2
6
10
27
856
851
860
146
150
182
38
978
907
859
584
146
150
6
38
980
860
858
856
146
2
6
38
30
859
908
857
146
152
160
16
999
883
862
587
146
152
8
16
1001
863
861
865
146
2
8
16
33
862
884
866
146
152
179
35
1002
904
865
590
146
152
8
35
1004
866
864
862
146
2
8
35
36
865
905
863
146
156
168
24
1017
889
868
593
146
156
12
24
1018
869
867
871
146
2
12
24
39
868
890
872
146
156
174
30
1038
882
871
596
146
156
12
30
1040
872
870
868
146
2
12
30
42
871
884
869
146
157
175
31
1042
898
874
599
146
157
13
31
1043
875
873
840
146
2
13
31
45
874
899
841
146
159
187
43
1023
909
877
602
146
159
15
43
1024
878
876
880
146
2
15
43
48
877
911
881
146
159
190
46
1047
843
880
605
146
159
15
46
1049
881
879
877
146
2
15
46
51
880
844
878
146
160
174
30
1032
870
883
608
146
160
16
30
1033
884
882
861
146
2
16
30
54
883
872
863
146
161
183
39
1050
903
886
611
146
161
17
39
1052
887
885
852
146
2
17
39
57
886
905
854
146
168
184
40
1078
910
889
614
146
168
24
40
1079
890
888
867
146
2
24
40
60
889
911
869
146
173
178
34
1089
901
892
617
146
173
29
34
1091
893
891
895
146
2
29
34
63
892
902
896
146
173
186
42
1092
897
895
620
146
173
29
42
1094
896
894
892
146
2
29
42
66
895
899
893
146
175
186
42
1092
894
898
623
146
175
31
42
1093
899
897
873
146
2
31
42
69
898
896
875
146
178
185
41
1095
906
901
626
146
178
34
41
1096
902
900
891
146
2
34
41
72
901
908
893
146
179
183
39
1050
885
904
629
146
179
35
39
1051
905
903
864
146
2
35
39
75
904
887
866
146
182
185
41
1102
900
907
632
146
182
38
41
1103
908
906
858
146
2
38
41
78
907
902
860
146
184
187
43
1077
876
910
635
146
184
40
43
1078
911
909
888
146
2
40
43
81
910
878
890
147
166
167
23
1057
919
913
638
147
166
22
23
1058
914
912
916
147
3
22
23
84
913
920
917
147
166
185
41
1062
918
916
641
147
166
22
41
1064
917
915
913
147
3
22
41
87
916
920
914
147
167
185
41
1071
915
919
644
147
167
23
41
1073
920
918
912
147
3
23
41
90
919
917
914
148
149
163
19
955
928
922
647
148
149
5
19
956
923
921
925
148
4
5
19
93
922
929
926
148
149
176
32
964
940
925
650
148
149
5
32
965
926
924
922
148
4
5
32
96
925
941
923
148
163
164
20
954
931
928
653
148
163
19
20
955
929
927
921
148
4
19
20
99
928
932
923
148
164
170
26
1054
934
931
656
148
164
20
26
1055
932
930
927
148
4
20
26
102
931
935
929
148
170
171
27
1087
937
934
659
148
170
26
27
1088
935
933
930
148
4
26
27
105
934
938
932
148
171
189
45
1086
939
937
662
148
171
27
45
1087
938
936
933
148
4
27
45
108
937
941
935
148
176
189
45
963
936
940
665
148
176
32
45
964
941
939
924
148
4
32
45
111
940
938
926
149
150
164
20
976
954
943
668
149
150
6
20
977
944
942
946
149
5
6
20
114
943
956
947
149
150
165
21
969
948
946
671
149
150
6
21
971
947
945
943
149
5
6
21
117
946
950
944
149
154
165
21
828
945
949
674
149
154
10
21
829
950
948
849
149
5
10
21
120
949
947
850
149
161
179
35
1051
957
952
677
149
161
17
35
1052
953
951
852
149
5
17
35
123
952
959
853
149
163
164
20
927
942
955
680
149
163
19
20
928
956
954
921
149
5
19
20
126
955
944
922
149
167
179
35
1002
951
958
683
149
167
23
35
1003
959
957
961
149
5
23
35
129
958
953
962
149
167
189
45
1068
963
961
686
149
167
23
45
1070
962
960
958
149
5
23
45
132
961
965
959
149
176
189
45
939
960
964
689
149
176
32
45
940
965
963
924
149
5
32
45
135
964
962
925
150
154
180
36
831
972
967
692
150
154
10
36
832
968
966
855
150
6
10
36
138
967
974
856
150
158
165
21
834
945
970
695
150
158
14
21
835
971
969
973
150
6
14
21
141
970
946
974
150
158
180
36
837
966
973
698
150
158
14
36
838
974
972
970
150
6
14
36
144
973
968
971
150
164
172
28
1053
985
976
701
150
164
20
28
1055
977
975
942
150
6
20
28
147
976
986
943
150
169
182
38
1080
858
979
704
150
169
25
38
1082
980
978
982
150
6
25
38
150
979
859
983
150
169
188
44
1083
987
982
707
150
169
25
44
1085
983
981
979
150
6
25
44
153
982
989
980
150
172
185
41
1071
988
985
710
150
172
28
41
1072
986
984
975
150
6
28
41
156
985
989
977
150
185
188
44
1101
981
988
713
150
185
41
44
1102
989
987
984
150
6
41
44
159
988
983
986
151
152
159
15
1000
997
991
716
151
152
8
15
1001
992
990
994
151
7
8
15
162
991
998
995
151
152
175
31
1009
996
994
719
151
152
8
31
1010
995
993
991
151
7
8
31
165
994
998
992
151
159
175
31
1048
993
997
722
151
159
15
31
1049
998
996
990
151
7
15
31
168
997
995
992
152
159
160
16
1045
861
1000
725
152
159
15
16
1046
1001
999
990
152
8
15
16
171
1000
862
991
152
167
179
35
957
864
1003
728
152
167
23
35
958
1004
1002
1006
152
8
23
35
174
1003
865
1007
152
167
191
47
1074
1011
1006
731
152
167
23
47
1076
1007
1005
1003
152
8
23
47
177
1006
1013
1004
152
175
178
34
1089
1012
1009
734
152
175
31
34
1090
1010
1008
993
152
8
31
34
180
1009
1013
994
152
178
191
47
1074
1005
1012
737
152
178
34
47
1075
1013
1011
1008
152
8
34
47
183
1012
1007
1010
153
156
162
18
1039
1020
1015
740
153
156
12
18
1040
1016
1014
1018
153
9
12
18
186
1015
1022
1019
153
156
168
24
867
1027
1018
743
153
156
12
24
868
1019
1017
1015
153
9
12
24
189
1018
1028
1016
153
159
162
18
1044
1014
1021
746
153
159
15
18
1046
1022
1020
1024
153
9
15
18
192
1021
1016
1025
153
159
187
43
876
1026
1024
749
153
159
15
43
877
1025
1023
1021
153
9
15
43
195
1024
1028
1022
153
168
187
43
1077
1023
1027
752
153
168
24
43
1079
1028
1026
1017
153
9
24
43
198
1027
1025
1019
155
160
162
18
1044
1036
1030
755
155
160
16
18
1045
1031
1029
1033
155
11
16
18
201
1030
1037
1034
155
160
174
30
882
1035
1033
758
155
160
16
30
883
1034
1032
1030
155
11
16
30
204
1033
1037
1031
155
162
174
30
1038
1032
1036
761
155
162
18
30
1039
1037
1035
1029
155
11
18
30
207
1036
1034
1031
156
162
174
30
1035
870
1039
764
156
162
18
30
1036
1040
1038
1014
156
12
18
30
210
1039
871
1015
157
175
190
46
1047
846
1042
767
157
175
31
46
1048
1043
1041
873
157
13
31
46
213
1042
847
874
159
160
162
18
1029
1020
1045
770
159
160
16
18
1030
1046
1044
999
159
15
16
18
216
1045
1021
1000
159
175
190
46
1041
879
1048
773
159
175
31
46
1042
1049
1047
996
159
15
31
46
219
1048
880
997
161
179
183
39
903
885
1051
776
161
179
35
39
904
1052
1050
951
161
17
35
39
222
1051
886
952
164
170
172
28
1065
975
1054
779
164
170
26
28
1066
1055
1053
930
164
20
26
28
225
1054
976
931
166
167
178
34
1075
1059
1057
782
166
167
23
34
1076
1058
1056
912
166
22
23
34
228
1057
1061
913
166
177
178
34
1096
1056
1060
785
166
177
33
34
1097
1061
1059
1063
166
22
33
34
231
1060
1058
1064
166
177
185
41
1095
915
1063
788
166
177
33
41
1097
1064
1062
1060
166
22
33
41
234
1063
916
1061
167
170
172
28
1053
1072
1066
791
167
170
26
28
1054
1067
1065
1069
167
23
26
28
237
1066
1073
1070
167
170
189
45
1086
960
1069
794
167
170
26
45
1088
1070
1068
1066
167
23
26
45
240
1069
961
1067
167
172
185
41
984
918
1072
797
167
172
28
41
985
1073
1071
1065
167
23
28
41
243
1072
919
1067
167
178
191
47
1011
1005
1075
800
167
178
34
47
1012
1076
1074
1056
167
23
34
47
246
1075
1006
1057
168
184
187
43
909
1026
1078
803
168
184
40
43
910
1079
1077
888
168
24
40
43
249
1078
1027
889
169
181
182
38
1099
978
1081
806
169
181
37
38
1100
1082
1080
1084
169
25
37
38
252
1081
979
1085
169
181
188
44
1098
981
1084
809
169
181
37
44
1100
1085
1083
1081
169
25
37
44
255
1084
982
1082
170
171
189
45
936
1068
1087
812
170
171
27
45
937
1088
1086
933
170
26
27
45
258
1087
1069
934
173
175
178
34
1008
891
1090
815
173
175
31
34
1009
1091
1089
1093
173
29
31
34
261
1090
892
1094
173
175
186
42
897
894
1093
818
173
175
31
42
898
1094
1092
1090
173
29
31
42
264
1093
895
1091
177
178
185
41
900
1062
1096
821
177
178
34
41
901
1097
1095
1059
177
33
34
41
267
1096
1063
1060
181
182
188
44
1101
1083
1099
824
181
182
38
44
1103
1100
1098
1080
181
37
38
44
270
1099
1084
1081
182
185
188
44
987
1098
1102
827
182
185
41
44
988
1103
1101
906
182
38
41
44
273
1102
1099
907
1104
