1
48
0
0
0
0
0
0
0
0
0
0
0
0
1
1
1
1
1
1
1
1
1
1
1
1
2
2
2
2
2
2
2
2
2
2
2
2
3
3
3
3
3
3
3
3
3
3
3
3
48
240
0
3
4
16
30
7
1
182
0
3
15
16
31
2
0
4
0
12
15
16
60
1
8
5
0
3
11
23
42
6
4
185
0
3
15
23
44
5
3
1
0
12
15
23
63
4
8
2
0
4
11
23
45
3
7
188
0
4
16
23
47
8
6
0
0
12
16
23
66
7
5
2
1
2
3
15
31
16
10
191
1
2
14
15
32
11
9
13
1
13
14
15
69
10
17
14
1
2
7
19
36
28
13
194
1
2
14
19
38
14
12
10
1
13
14
19
72
13
29
11
1
3
6
18
40
25
16
197
1
3
15
18
41
17
15
9
1
13
15
18
75
16
26
11
1
5
10
22
48
27
19
200
1
5
17
22
50
20
18
22
1
13
17
22
78
19
29
23
1
5
11
23
45
24
22
203
1
5
17
23
46
23
21
19
1
13
17
23
81
22
26
20
1
6
11
23
54
21
25
206
1
6
18
23
56
26
24
15
1
13
18
23
84
25
23
17
1
7
10
22
48
18
28
209
1
7
19
22
49
29
27
12
1
13
19
22
87
28
20
14
2
3
4
16
0
34
31
212
2
3
15
16
1
32
30
9
2
14
15
16
90
31
35
10
2
4
5
17
46
37
34
215
2
4
16
17
47
35
33
30
2
14
16
17
93
34
38
32
2
5
7
19
49
12
37
218
2
5
17
19
50
38
36
33
2
14
17
19
96
37
13
35
3
6
8
20
52
43
40
221
3
6
18
20
53
41
39
15
3
15
18
20
99
40
44
16
3
8
11
23
57
3
43
224
3
8
20
23
59
44
42
39
3
15
20
23
102
43
4
41
4
5
11
23
21
6
46
227
4
5
17
23
22
47
45
33
4
16
17
23
105
46
7
34
5
7
10
22
27
18
49
230
5
7
19
22
28
50
48
36
5
17
19
22
108
49
19
37
6
8
9
21
58
55
52
233
6
8
20
21
59
53
51
39
6
18
20
21
111
52
56
40
6
9
11
23
57
24
55
236
6
9
21
23
58
56
54
51
6
18
21
23
114
55
25
53
8
9
11
23
54
42
58
239
8
9
21
23
55
59
57
51
8
20
21
23
117
58
43
52
12
15
16
28
90
67
61
2
12
15
27
28
91
62
60
64
12
24
27
28
120
61
68
65
12
15
23
35
102
66
64
5
12
15
27
35
104
65
63
61
12
24
27
35
123
64
68
62
12
16
23
35
105
63
67
8
12
16
28
35
107
68
66
60
12
24
28
35
126
67
65
62
13
14
15
27
91
76
70
11
13
14
26
27
92
71
69
73
13
25
26
27
129
70
77
74
13
14
19
31
96
88
73
14
13
14
26
31
98
74
72
70
13
25
26
31
132
73
89
71
13
15
18
30
100
85
76
17
13
15
27
30
101
77
75
69
13
25
27
30
135
76
86
71
13
17
22
34
108
87
79
20
13
17
29
34
110
80
78
82
13
25
29
34
138
79
89
83
13
17
23
35
105
84
82
23
13
17
29
35
106
83
81
79
13
25
29
35
141
82
86
80
13
18
23
35
114
81
85
26
13
18
30
35
116
86
84
75
13
25
30
35
144
85
83
77
13
19
22
34
108
78
88
29
13
19
31
34
109
89
87
72
13
25
31
34
147
88
80
74
14
15
16
28
60
94
91
32
14
15
27
28
61
92
90
69
14
26
27
28
150
91
95
70
14
16
17
29
106
97
94
35
14
16
28
29
107
95
93
90
14
26
28
29
153
94
98
92
14
17
19
31
109
72
97
38
14
17
29
31
110
98
96
93
14
26
29
31
156
97
73
95
15
18
20
32
112
103
100
41
15
18
30
32
113
101
99
75
15
27
30
32
159
100
104
76
15
20
23
35
117
63
103
44
15
20
32
35
119
104
102
99
15
27
32
35
162
103
64
101
16
17
23
35
81
66
106
47
16
17
29
35
82
107
105
93
16
28
29
35
165
106
67
94
17
19
22
34
87
78
109
50
17
19
31
34
88
110
108
96
17
29
31
34
168
109
79
97
18
20
21
33
118
115
112
53
18
20
32
33
119
113
111
99
18
30
32
33
171
112
116
100
18
21
23
35
117
84
115
56
18
21
33
35
118
116
114
111
18
30
33
35
174
115
85
113
20
21
23
35
114
102
118
59
20
21
33
35
115
119
117
111
20
32
33
35
177
118
103
112
24
27
28
40
150
127
121
62
24
27
39
40
151
122
120
124
24
36
39
40
180
121
128
125
24
27
35
47
162
126
124
65
24
27
39
47
164
125
123
121
24
36
39
47
183
124
128
122
24
28
35
47
165
123
127
68
24
28
40
47
167
128
126
120
24
36
40
47
186
127
125
122
25
26
27
39
151
136
130
71
25
26
38
39
152
131
129
133
25
37
38
39
189
130
137
134
25
26
31
43
156
148
133
74
25
26
38
43
158
134
132
130
25
37
38
43
192
133
149
131
25
27
30
42
160
145
136
77
25
27
39
42
161
137
135
129
25
37
39
42
195
136
146
131
25
29
34
46
168
147
139
80
25
29
41
46
170
140
138
142
25
37
41
46
198
139
149
143
25
29
35
47
165
144
142
83
25
29
41
47
166
143
141
139
25
37
41
47
201
142
146
140
25
30
35
47
174
141
145
86
25
30
42
47
176
146
144
135
25
37
42
47
204
145
143
137
25
31
34
46
168
138
148
89
25
31
43
46
169
149
147
132
25
37
43
46
207
148
140
134
26
27
28
40
120
154
151
92
26
27
39
40
121
152
150
129
26
38
39
40
210
151
155
130
26
28
29
41
166
157
154
95
26
28
40
41
167
155
153
150
26
38
40
41
213
154
158
152
26
29
31
43
169
132
157
98
26
29
41
43
170
158
156
153
26
38
41
43
216
157
133
155
27
30
32
44
172
163
160
101
27
30
42
44
173
161
159
135
27
39
42
44
219
160
164
136
27
32
35
47
177
123
163
104
27
32
44
47
179
164
162
159
27
39
44
47
222
163
124
161
28
29
35
47
141
126
166
107
28
29
41
47
142
167
165
153
28
40
41
47
225
166
127
154
29
31
34
46
147
138
169
110
29
31
43
46
148
170
168
156
29
41
43
46
228
169
139
157
30
32
33
45
178
175
172
113
30
32
44
45
179
173
171
159
30
42
44
45
231
172
176
160
30
33
35
47
177
144
175
116
30
33
45
47
178
176
174
171
30
42
45
47
234
175
145
173
32
33
35
47
174
162
178
119
32
33
45
47
175
179
177
171
32
44
45
47
237
178
163
172
36
39
40
4
210
187
181
122
36
39
3
4
211
182
180
184
36
0
3
4
0
181
188
185
36
39
47
11
222
186
184
125
36
39
3
11
224
185
183
181
36
0
3
11
3
184
188
182
36
40
47
11
225
183
187
128
36
40
4
11
227
188
186
180
36
0
4
11
6
187
185
182
37
38
39
3
211
196
190
131
37
38
2
3
212
191
189
193
37
1
2
3
9
190
197
194
37
38
43
7
216
208
193
134
37
38
2
7
218
194
192
190
37
1
2
7
12
193
209
191
37
39
42
6
220
205
196
137
37
39
3
6
221
197
195
189
37
1
3
6
15
196
206
191
37
41
46
10
228
207
199
140
37
41
5
10
230
200
198
202
37
1
5
10
18
199
209
203
37
41
47
11
225
204
202
143
37
41
5
11
226
203
201
199
37
1
5
11
21
202
206
200
37
42
47
11
234
201
205
146
37
42
6
11
236
206
204
195
37
1
6
11
24
205
203
197
37
43
46
10
228
198
208
149
37
43
7
10
229
209
207
192
37
1
7
10
27
208
200
194
38
39
40
4
180
214
211
152
38
39
3
4
181
212
210
189
38
2
3
4
30
211
215
190
38
40
41
5
226
217
214
155
38
40
4
5
227
215
213
210
38
2
4
5
33
214
218
212
38
41
43
7
229
192
217
158
38
41
5
7
230
218
216
213
38
2
5
7
36
217
193
215
39
42
44
8
232
223
220
161
39
42
6
8
233
221
219
195
39
3
6
8
39
220
224
196
39
44
47
11
237
183
223
164
39
44
8
11
239
224
222
219
39
3
8
11
42
223
184
221
40
41
47
11
201
186
226
167
40
41
5
11
202
227
225
213
40
4
5
11
45
226
187
214
41
43
46
10
207
198
229
170
41
43
7
10
208
230
228
216
41
5
7
10
48
229
199
217
42
44
45
9
238
235
232
173
42
44
8
9
239
233
231
219
42
6
8
9
51
232
236
220
42
45
47
11
237
204
235
176
42
45
9
11
238
236
234
231
42
6
9
11
54
235
205
233
44
45
47
11
234
222
238
179
44
45
9
11
235
239
237
231
44
8
9
11
57
238
223
232
240
