1
96
0
0
0
0
0
0
0
0
0
0
0
0
0
0
0
0
0
0
0
0
0
0
0
0
1
1
1
1
1
1
1
1
1
1
1
1
1
1
1
1
1
1
1
1
1
1
1
1
2
2
2
2
2
2
2
2
2
2
2
2
2
2
2
2
2
2
2
2
2
2
2
2
3
3
3
3
3
3
3
3
3
3
3
3
3
3
3
3
3
3
3
3
3
3
3
3
96
528
0
12
15
39
45
7
1
398
0
12
36
39
46
2
0
4
0
24
36
39
132
1
8
5
0
12
17
41
102
6
4
401
0
12
36
41
103
5
3
1
0
24
36
41
135
4
8
2
0
15
17
41
105
3
7
404
0
15
39
41
106
8
6
0
0
24
39
41
138
7
5
2
1
3
6
30
64
22
10
407
1
3
27
30
65
11
9
13
1
25
27
30
141
10
23
14
1
3
16
40
60
15
13
410
1
3
27
40
62
14
12
10
1
25
27
40
144
13
17
11
1
4
16
40
60
12
16
413
1
4
28
40
61
17
15
19
1
25
28
40
147
16
14
20
1
4
22
46
81
36
19
416
1
4
28
46
83
20
18
16
1
25
28
46
150
19
38
17
1
6
9
33
63
25
22
419
1
6
30
33
64
23
21
9
1
25
30
33
153
22
26
11
1
9
20
44
112
30
25
422
1
9
33
44
113
26
24
21
1
25
33
44
156
25
32
23
1
10
13
37
124
33
28
425
1
10
34
37
125
29
27
31
1
25
34
37
159
28
35
32
1
10
20
44
120
24
31
428
1
10
34
44
122
32
30
28
1
25
34
44
162
31
26
29
1
11
13
37
127
27
34
431
1
11
35
37
128
35
33
37
1
25
35
37
165
34
29
38
1
11
22
46
81
18
37
434
1
11
35
46
82
38
36
34
1
25
35
46
168
37
20
35
2
8
14
38
72
52
40
437
2
8
32
38
73
41
39
43
2
26
32
38
171
40
53
44
2
8
19
43
108
54
43
440
2
8
32
43
110
44
42
40
2
26
32
43
174
43
56
41
2
12
15
39
0
55
46
443
2
12
36
39
1
47
45
49
2
26
36
39
177
46
56
50
2
12
21
45
129
51
49
446
2
12
36
45
131
50
48
46
2
26
36
45
180
49
53
47
2
14
21
45
69
48
52
449
2
14
38
45
70
53
51
39
2
26
38
45
183
52
50
41
2
15
19
43
108
42
55
452
2
15
39
43
109
56
54
45
2
26
39
43
186
55
44
47
3
4
14
38
72
70
58
455
3
4
28
38
74
59
57
61
3
27
28
38
189
58
71
62
3
4
16
40
15
12
61
458
3
4
28
40
16
62
60
58
3
27
28
40
192
61
13
59
3
6
9
33
21
67
64
461
3
6
30
33
22
65
63
9
3
27
30
33
195
64
68
10
3
9
21
45
111
69
67
464
3
9
33
45
113
68
66
63
3
27
33
45
198
67
71
65
3
14
21
45
51
66
70
467
3
14
38
45
52
71
69
57
3
27
38
45
201
70
68
59
4
8
14
38
39
57
73
470
4
8
32
38
40
74
72
76
4
28
32
38
204
73
58
77
4
8
23
47
93
84
76
473
4
8
32
47
94
77
75
73
4
28
32
47
207
76
86
74
4
11
12
36
114
85
79
476
4
11
35
36
115
80
78
82
4
28
35
36
210
79
86
83
4
11
22
46
36
18
82
479
4
11
35
46
37
83
81
79
4
28
35
46
213
82
19
80
4
12
23
47
96
75
85
482
4
12
36
47
97
86
84
78
4
28
36
47
216
85
77
80
5
7
8
32
100
94
88
485
5
7
31
32
101
89
87
91
5
29
31
32
219
88
95
92
5
7
12
36
103
97
91
488
5
7
31
36
104
92
90
88
5
29
31
36
222
91
98
89
5
8
23
47
75
96
94
491
5
8
32
47
76
95
93
87
5
29
32
47
225
94
98
89
5
12
23
47
84
93
97
494
5
12
36
47
85
98
96
90
5
29
36
47
228
97
95
92
7
8
17
41
105
102
100
497
7
8
32
41
107
101
99
87
7
31
32
41
231
100
104
88
7
12
17
41
3
99
103
500
7
12
36
41
4
104
102
90
7
31
36
41
234
103
101
91
8
15
17
41
6
99
106
503
8
15
39
41
7
107
105
109
8
32
39
41
237
106
100
110
8
15
19
43
54
42
109
506
8
15
39
43
55
110
108
106
8
32
39
43
240
109
43
107
9
20
21
45
129
66
112
509
9
20
44
45
130
113
111
24
9
33
44
45
243
112
67
25
10
11
12
36
78
121
115
512
10
11
35
36
79
116
114
118
10
34
35
36
246
115
122
119
10
11
18
42
126
123
118
515
10
11
35
42
128
119
117
115
10
34
35
42
249
118
125
116
10
12
20
44
130
30
121
518
10
12
36
44
131
122
120
114
10
34
36
44
252
121
31
116
10
13
18
42
126
117
124
521
10
13
37
42
127
125
123
27
10
34
37
42
255
124
119
28
11
13
18
42
123
117
127
524
11
13
37
42
124
128
126
33
11
35
37
42
258
127
118
34
12
20
21
45
111
48
130
527
12
20
44
45
112
131
129
120
12
36
44
45
261
130
49
121
24
36
39
63
177
139
133
2
24
36
60
63
178
134
132
136
24
48
60
63
264
133
140
137
24
36
41
65
234
138
136
5
24
36
60
65
235
137
135
133
24
48
60
65
267
136
140
134
24
39
41
65
237
135
139
8
24
39
63
65
238
140
138
132
24
48
63
65
270
139
137
134
25
27
30
54
196
154
142
11
25
27
51
54
197
143
141
145
25
49
51
54
273
142
155
146
25
27
40
64
192
147
145
14
25
27
51
64
194
146
144
142
25
49
51
64
276
145
149
143
25
28
40
64
192
144
148
17
25
28
52
64
193
149
147
151
25
49
52
64
279
148
146
152
25
28
46
70
213
168
151
20
25
28
52
70
215
152
150
148
25
49
52
70
282
151
170
149
25
30
33
57
195
157
154
23
25
30
54
57
196
155
153
141
25
49
54
57
285
154
158
143
25
33
44
68
244
162
157
26
25
33
57
68
245
158
156
153
25
49
57
68
288
157
164
155
25
34
37
61
256
165
160
29
25
34
58
61
257
161
159
163
25
49
58
61
291
160
167
164
25
34
44
68
252
156
163
32
25
34
58
68
254
164
162
160
25
49
58
68
294
163
158
161
25
35
37
61
259
159
166
35
25
35
59
61
260
167
165
169
25
49
59
61
297
166
161
170
25
35
46
70
213
150
169
38
25
35
59
70
214
170
168
166
25
49
59
70
300
169
152
167
26
32
38
62
204
184
172
41
26
32
56
62
205
173
171
175
26
50
56
62
303
172
185
176
26
32
43
67
240
186
175
44
26
32
56
67
242
176
174
172
26
50
56
67
306
175
188
173
26
36
39
63
132
187
178
47
26
36
60
63
133
179
177
181
26
50
60
63
309
178
188
182
26
36
45
69
261
183
181
50
26
36
60
69
263
182
180
178
26
50
60
69
312
181
185
179
26
38
45
69
201
180
184
53
26
38
62
69
202
185
183
171
26
50
62
69
315
184
182
173
26
39
43
67
240
174
187
56
26
39
63
67
241
188
186
177
26
50
63
67
318
187
176
179
27
28
38
62
204
202
190
59
27
28
52
62
206
191
189
193
27
51
52
62
321
190
203
194
27
28
40
64
147
144
193
62
27
28
52
64
148
194
192
190
27
51
52
64
324
193
145
191
27
30
33
57
153
199
196
65
27
30
54
57
154
197
195
141
27
51
54
57
327
196
200
142
27
33
45
69
243
201
199
68
27
33
57
69
245
200
198
195
27
51
57
69
330
199
203
197
27
38
45
69
183
198
202
71
27
38
62
69
184
203
201
189
27
51
62
69
333
202
200
191
28
32
38
62
171
189
205
74
28
32
56
62
172
206
204
208
28
52
56
62
336
205
190
209
28
32
47
71
225
216
208
77
28
32
56
71
226
209
207
205
28
52
56
71
339
208
218
206
28
35
36
60
246
217
211
80
28
35
59
60
247
212
210
214
28
52
59
60
342
211
218
215
28
35
46
70
168
150
214
83
28
35
59
70
169
215
213
211
28
52
59
70
345
214
151
212
28
36
47
71
228
207
217
86
28
36
60
71
229
218
216
210
28
52
60
71
348
217
209
212
29
31
32
56
232
226
220
89
29
31
55
56
233
221
219
223
29
53
55
56
351
220
227
224
29
31
36
60
235
229
223
92
29
31
55
60
236
224
222
220
29
53
55
60
354
223
230
221
29
32
47
71
207
228
226
95
29
32
56
71
208
227
225
219
29
53
56
71
357
226
230
221
29
36
47
71
216
225
229
98
29
36
60
71
217
230
228
222
29
53
60
71
360
229
227
224
31
32
41
65
237
234
232
101
31
32
56
65
239
233
231
219
31
55
56
65
363
232
236
220
31
36
41
65
135
231
235
104
31
36
60
65
136
236
234
222
31
55
60
65
366
235
233
223
32
39
41
65
138
231
238
107
32
39
63
65
139
239
237
241
32
56
63
65
369
238
232
242
32
39
43
67
186
174
241
110
32
39
63
67
187
242
240
238
32
56
63
67
372
241
175
239
33
44
45
69
261
198
244
113
33
44
68
69
262
245
243
156
33
57
68
69
375
244
199
157
34
35
36
60
210
253
247
116
34
35
59
60
211
248
246
250
34
58
59
60
378
247
254
251
34
35
42
66
258
255
250
119
34
35
59
66
260
251
249
247
34
58
59
66
381
250
257
248
34
36
44
68
262
162
253
122
34
36
60
68
263
254
252
246
34
58
60
68
384
253
163
248
34
37
42
66
258
249
256
125
34
37
61
66
259
257
255
159
34
58
61
66
387
256
251
160
35
37
42
66
255
249
259
128
35
37
61
66
256
260
258
165
35
59
61
66
390
259
250
166
36
44
45
69
243
180
262
131
36
44
68
69
244
263
261
252
36
60
68
69
393
262
181
253
48
60
63
87
309
271
265
134
48
60
84
87
310
266
264
268
48
72
84
87
396
265
272
269
48
60
65
89
366
270
268
137
48
60
84
89
367
269
267
265
48
72
84
89
399
268
272
266
48
63
65
89
369
267
271
140
48
63
87
89
370
272
270
264
48
72
87
89
402
271
269
266
49
51
54
78
328
286
274
143
49
51
75
78
329
275
273
277
49
73
75
78
405
274
287
278
49
51
64
88
324
279
277
146
49
51
75
88
326
278
276
274
49
73
75
88
408
277
281
275
49
52
64
88
324
276
280
149
49
52
76
88
325
281
279
283
49
73
76
88
411
280
278
284
49
52
70
94
345
300
283
152
49
52
76
94
347
284
282
280
49
73
76
94
414
283
302
281
49
54
57
81
327
289
286
155
49
54
78
81
328
287
285
273
49
73
78
81
417
286
290
275
49
57
68
92
376
294
289
158
49
57
81
92
377
290
288
285
49
73
81
92
420
289
296
287
49
58
61
85
388
297
292
161
49
58
82
85
389
293
291
295
49
73
82
85
423
292
299
296
49
58
68
92
384
288
295
164
49
58
82
92
386
296
294
292
49
73
82
92
426
295
290
293
49
59
61
85
391
291
298
167
49
59
83
85
392
299
297
301
49
73
83
85
429
298
293
302
49
59
70
94
345
282
301
170
49
59
83
94
346
302
300
298
49
73
83
94
432
301
284
299
50
56
62
86
336
316
304
173
50
56
80
86
337
305
303
307
50
74
80
86
435
304
317
308
50
56
67
91
372
318
307
176
50
56
80
91
374
308
306
304
50
74
80
91
438
307
320
305
50
60
63
87
264
319
310
179
50
60
84
87
265
311
309
313
50
74
84
87
441
310
320
314
50
60
69
93
393
315
313
182
50
60
84
93
395
314
312
310
50
74
84
93
444
313
317
311
50
62
69
93
333
312
316
185
50
62
86
93
334
317
315
303
50
74
86
93
447
316
314
305
50
63
67
91
372
306
319
188
50
63
87
91
373
320
318
309
50
74
87
91
450
319
308
311
51
52
62
86
336
334
322
191
51
52
76
86
338
323
321
325
51
75
76
86
453
322
335
326
51
52
64
88
279
276
325
194
51
52
76
88
280
326
324
322
51
75
76
88
456
325
277
323
51
54
57
81
285
331
328
197
51
54
78
81
286
329
327
273
51
75
78
81
459
328
332
274
51
57
69
93
375
333
331
200
51
57
81
93
377
332
330
327
51
75
81
93
462
331
335
329
51
62
69
93
315
330
334
203
51
62
86
93
316
335
333
321
51
75
86
93
465
334
332
323
52
56
62
86
303
321
337
206
52
56
80
86
304
338
336
340
52
76
80
86
468
337
322
341
52
56
71
95
357
348
340
209
52
56
80
95
358
341
339
337
52
76
80
95
471
340
350
338
52
59
60
84
378
349
343
212
52
59
83
84
379
344
342
346
52
76
83
84
474
343
350
347
52
59
70
94
300
282
346
215
52
59
83
94
301
347
345
343
52
76
83
94
477
346
283
344
52
60
71
95
360
339
349
218
52
60
84
95
361
350
348
342
52
76
84
95
480
349
341
344
53
55
56
80
364
358
352
221
53
55
79
80
365
353
351
355
53
77
79
80
483
352
359
356
53
55
60
84
367
361
355
224
53
55
79
84
368
356
354
352
53
77
79
84
486
355
362
353
53
56
71
95
339
360
358
227
53
56
80
95
340
359
357
351
53
77
80
95
489
358
362
353
53
60
71
95
348
357
361
230
53
60
84
95
349
362
360
354
53
77
84
95
492
361
359
356
55
56
65
89
369
366
364
233
55
56
80
89
371
365
363
351
55
79
80
89
495
364
368
352
55
60
65
89
267
363
367
236
55
60
84
89
268
368
366
354
55
79
84
89
498
367
365
355
56
63
65
89
270
363
370
239
56
63
87
89
271
371
369
373
56
80
87
89
501
370
364
374
56
63
67
91
318
306
373
242
56
63
87
91
319
374
372
370
56
80
87
91
504
373
307
371
57
68
69
93
393
330
376
245
57
68
92
93
394
377
375
288
57
81
92
93
507
376
331
289
58
59
60
84
342
385
379
248
58
59
83
84
343
380
378
382
58
82
83
84
510
379
386
383
58
59
66
90
390
387
382
251
58
59
83
90
392
383
381
379
58
82
83
90
513
382
389
380
58
60
68
92
394
294
385
254
58
60
84
92
395
386
384
378
58
82
84
92
516
385
295
380
58
61
66
90
390
381
388
257
58
61
85
90
391
389
387
291
58
82
85
90
519
388
383
292
59
61
66
90
387
381
391
260
59
61
85
90
388
392
390
297
59
83
85
90
522
391
382
298
60
68
69
93
375
312
394
263
60
68
92
93
376
395
393
384
60
84
92
93
525
394
313
385
72
84
87
15
441
403
397
266
72
84
12
15
442
398
396
400
72
0
12
15
0
397
404
401
72
84
89
17
498
402
400
269
72
84
12
17
499
401
399
397
72
0
12
17
3
400
404
398
72
87
89
17
501
399
403
272
72
87
15
17
502
404
402
396
72
0
15
17
6
403
401
398
73
75
78
6
460
418
406
275
73
75
3
6
461
407
405
409
73
1
3
6
9
406
419
410
73
75
88
16
456
411
409
278
73
75
3
16
458
410
408
406
73
1
3
16
12
409
413
407
73
76
88
16
456
408
412
281
73
76
4
16
457
413
411
415
73
1
4
16
15
412
410
416
73
76
94
22
477
432
415
284
73
76
4
22
479
416
414
412
73
1
4
22
18
415
434
413
73
78
81
9
459
421
418
287
73
78
6
9
460
419
417
405
73
1
6
9
21
418
422
407
73
81
92
20
508
426
421
290
73
81
9
20
509
422
420
417
73
1
9
20
24
421
428
419
73
82
85
13
520
429
424
293
73
82
10
13
521
425
423
427
73
1
10
13
27
424
431
428
73
82
92
20
516
420
427
296
73
82
10
20
518
428
426
424
73
1
10
20
30
427
422
425
73
83
85
13
523
423
430
299
73
83
11
13
524
431
429
433
73
1
11
13
33
430
425
434
73
83
94
22
477
414
433
302
73
83
11
22
478
434
432
430
73
1
11
22
36
433
416
431
74
80
86
14
468
448
436
305
74
80
8
14
469
437
435
439
74
2
8
14
39
436
449
440
74
80
91
19
504
450
439
308
74
80
8
19
506
440
438
436
74
2
8
19
42
439
452
437
74
84
87
15
396
451
442
311
74
84
12
15
397
443
441
445
74
2
12
15
45
442
452
446
74
84
93
21
525
447
445
314
74
84
12
21
527
446
444
442
74
2
12
21
48
445
449
443
74
86
93
21
465
444
448
317
74
86
14
21
466
449
447
435
74
2
14
21
51
448
446
437
74
87
91
19
504
438
451
320
74
87
15
19
505
452
450
441
74
2
15
19
54
451
440
443
75
76
86
14
468
466
454
323
75
76
4
14
470
455
453
457
75
3
4
14
57
454
467
458
75
76
88
16
411
408
457
326
75
76
4
16
412
458
456
454
75
3
4
16
60
457
409
455
75
78
81
9
417
463
460
329
75
78
6
9
418
461
459
405
75
3
6
9
63
460
464
406
75
81
93
21
507
465
463
332
75
81
9
21
509
464
462
459
75
3
9
21
66
463
467
461
75
86
93
21
447
462
466
335
75
86
14
21
448
467
465
453
75
3
14
21
69
466
464
455
76
80
86
14
435
453
469
338
76
80
8
14
436
470
468
472
76
4
8
14
72
469
454
473
76
80
95
23
489
480
472
341
76
80
8
23
490
473
471
469
76
4
8
23
75
472
482
470
76
83
84
12
510
481
475
344
76
83
11
12
511
476
474
478
76
4
11
12
78
475
482
479
76
83
94
22
432
414
478
347
76
83
11
22
433
479
477
475
76
4
11
22
81
478
415
476
76
84
95
23
492
471
481
350
76
84
12
23
493
482
480
474
76
4
12
23
84
481
473
476
77
79
80
8
496
490
484
353
77
79
7
8
497
485
483
487
77
5
7
8
87
484
491
488
77
79
84
12
499
493
487
356
77
79
7
12
500
488
486
484
77
5
7
12
90
487
494
485
77
80
95
23
471
492
490
359
77
80
8
23
472
491
489
483
77
5
8
23
93
490
494
485
77
84
95
23
480
489
493
362
77
84
12
23
481
494
492
486
77
5
12
23
96
493
491
488
79
80
89
17
501
498
496
365
79
80
8
17
503
497
495
483
79
7
8
17
99
496
500
484
79
84
89
17
399
495
499
368
79
84
12
17
400
500
498
486
79
7
12
17
102
499
497
487
80
87
89
17
402
495
502
371
80
87
15
17
403
503
501
505
80
8
15
17
105
502
496
506
80
87
91
19
450
438
505
374
80
87
15
19
451
506
504
502
80
8
15
19
108
505
439
503
81
92
93
21
525
462
508
377
81
92
20
21
526
509
507
420
81
9
20
21
111
508
463
421
82
83
84
12
474
517
511
380
82
83
11
12
475
512
510
514
82
10
11
12
114
511
518
515
82
83
90
18
522
519
514
383
82
83
11
18
524
515
513
511
82
10
11
18
117
514
521
512
82
84
92
20
526
426
517
386
82
84
12
20
527
518
516
510
82
10
12
20
120
517
427
512
82
85
90
18
522
513
520
389
82
85
13
18
523
521
519
423
82
10
13
18
123
520
515
424
83
85
90
18
519
513
523
392
83
85
13
18
520
524
522
429
83
11
13
18
126
523
514
430
84
92
93
21
507
444
526
395
84
92
20
21
508
527
525
516
84
12
20
21
129
526
445
517
528
