1
48
0
0
0
0
0
0
0
0
0
0
0
0
1
1
1
1
1
1
1
1
1
1
1
1
2
2
2
2
2
2
2
2
2
2
2
2
3
3
3
3
3
3
3
3
3
3
3
3
48
240
0
1
7
19
27
15
1
182
0
1
13
19
29
2
0
4
0
12
13
19
60
1
17
5
0
1
10
22
36
6
4
185
0
1
13
22
38
5
3
1
0
12
13
22
63
4
8
2
0
2
10
22
42
3
7
188
0
2
14
22
44
8
6
10
0
12
14
22
66
7
5
11
0
2
11
23
45
21
10
191
0
2
14
23
47
11
9
7
0
12
14
23
69
10
23
8
0
4
6
18
55
19
13
194
0
4
16
18
56
14
12
16
0
12
16
18
72
13
20
17
0
4
7
19
51
0
16
197
0
4
16
19
52
17
15
13
0
12
16
19
75
16
2
14
0
6
9
21
39
22
19
200
0
6
18
21
40
20
18
12
0
12
18
21
78
19
23
14
0
9
11
23
45
9
22
203
0
9
21
23
46
23
21
18
0
12
21
23
81
22
11
20
1
3
5
17
48
30
25
206
1
3
15
17
50
26
24
28
1
13
15
17
84
25
32
29
1
3
7
19
51
0
28
209
1
3
15
19
53
29
27
25
1
13
15
19
87
28
1
26
1
4
5
17
48
24
31
212
1
4
16
17
49
32
30
34
1
13
16
17
90
31
26
35
1
4
8
20
58
37
34
215
1
4
16
20
59
35
33
31
1
13
16
20
93
34
38
32
1
8
10
22
57
3
37
218
1
8
20
22
58
38
36
33
1
13
20
22
96
37
4
35
2
6
9
21
18
46
40
221
2
6
18
21
19
41
39
43
2
14
18
21
99
40
47
44
2
6
10
22
54
6
43
224
2
6
18
22
55
44
42
40
2
14
18
22
102
43
7
41
2
9
11
23
21
9
46
227
2
9
21
23
22
47
45
39
2
14
21
23
105
46
10
41
3
4
5
17
30
24
49
230
3
4
16
17
31
50
48
52
3
15
16
17
108
49
25
53
3
4
7
19
15
27
52
233
3
4
16
19
16
53
51
49
3
15
16
19
111
52
28
50
4
6
10
22
42
57
55
236
4
6
18
22
43
56
54
12
4
16
18
22
114
55
59
13
4
8
10
22
36
54
58
239
4
8
20
22
37
59
57
33
4
16
20
22
117
58
56
34
12
13
19
31
87
75
61
2
12
13
25
31
89
62
60
64
12
24
25
31
120
61
77
65
12
13
22
34
96
66
64
5
12
13
25
34
98
65
63
61
12
24
25
34
123
64
68
62
12
14
22
34
102
63
67
8
12
14
26
34
104
68
66
70
12
24
26
34
126
67
65
71
12
14
23
35
105
81
70
11
12
14
26
35
107
71
69
67
12
24
26
35
129
70
83
68
12
16
18
30
115
79
73
14
12
16
28
30
116
74
72
76
12
24
28
30
132
73
80
77
12
16
19
31
111
60
76
17
12
16
28
31
112
77
75
73
12
24
28
31
135
76
62
74
12
18
21
33
99
82
79
20
12
18
30
33
100
80
78
72
12
24
30
33
138
79
83
74
12
21
23
35
105
69
82
23
12
21
33
35
106
83
81
78
12
24
33
35
141
82
71
80
13
15
17
29
108
90
85
26
13
15
27
29
110
86
84
88
13
25
27
29
144
85
92
89
13
15
19
31
111
60
88
29
13
15
27
31
113
89
87
85
13
25
27
31
147
88
61
86
13
16
17
29
108
84
91
32
13
16
28
29
109
92
90
94
13
25
28
29
150
91
86
95
13
16
20
32
118
97
94
35
13
16
28
32
119
95
93
91
13
25
28
32
153
94
98
92
13
20
22
34
117
63
97
38
13
20
32
34
118
98
96
93
13
25
32
34
156
97
64
95
14
18
21
33
78
106
100
41
14
18
30
33
79
101
99
103
14
26
30
33
159
100
107
104
14
18
22
34
114
66
103
44
14
18
30
34
115
104
102
100
14
26
30
34
162
103
67
101
14
21
23
35
81
69
106
47
14
21
33
35
82
107
105
99
14
26
33
35
165
106
70
101
15
16
17
29
90
84
109
50
15
16
28
29
91
110
108
112
15
27
28
29
168
109
85
113
15
16
19
31
75
87
112
53
15
16
28
31
76
113
111
109
15
27
28
31
171
112
88
110
16
18
22
34
102
117
115
56
16
18
30
34
103
116
114
72
16
28
30
34
174
115
119
73
16
20
22
34
96
114
118
59
16
20
32
34
97
119
117
93
16
28
32
34
177
118
116
94
24
25
31
43
147
135
121
62
24
25
37
43
149
122
120
124
24
36
37
43
180
121
137
125
24
25
34
46
156
126
124
65
24
25
37
46
158
125
123
121
24
36
37
46
183
124
128
122
24
26
34
46
162
123
127
68
24
26
38
46
164
128
126
130
24
36
38
46
186
127
125
131
24
26
35
47
165
141
130
71
24
26
38
47
167
131
129
127
24
36
38
47
189
130
143
128
24
28
30
42
175
139
133
74
24
28
40
42
176
134
132
136
24
36
40
42
192
133
140
137
24
28
31
43
171
120
136
77
24
28
40
43
172
137
135
133
24
36
40
43
195
136
122
134
24
30
33
45
159
142
139
80
24
30
42
45
160
140
138
132
24
36
42
45
198
139
143
134
24
33
35
47
165
129
142
83
24
33
45
47
166
143
141
138
24
36
45
47
201
142
131
140
25
27
29
41
168
150
145
86
25
27
39
41
170
146
144
148
25
37
39
41
204
145
152
149
25
27
31
43
171
120
148
89
25
27
39
43
173
149
147
145
25
37
39
43
207
148
121
146
25
28
29
41
168
144
151
92
25
28
40
41
169
152
150
154
25
37
40
41
210
151
146
155
25
28
32
44
178
157
154
95
25
28
40
44
179
155
153
151
25
37
40
44
213
154
158
152
25
32
34
46
177
123
157
98
25
32
44
46
178
158
156
153
25
37
44
46
216
157
124
155
26
30
33
45
138
166
160
101
26
30
42
45
139
161
159
163
26
38
42
45
219
160
167
164
26
30
34
46
174
126
163
104
26
30
42
46
175
164
162
160
26
38
42
46
222
163
127
161
26
33
35
47
141
129
166
107
26
33
45
47
142
167
165
159
26
38
45
47
225
166
130
161
27
28
29
41
150
144
169
110
27
28
40
41
151
170
168
172
27
39
40
41
228
169
145
173
27
28
31
43
135
147
172
113
27
28
40
43
136
173
171
169
27
39
40
43
231
172
148
170
28
30
34
46
162
177
175
116
28
30
42
46
163
176
174
132
28
40
42
46
234
175
179
133
28
32
34
46
156
174
178
119
28
32
44
46
157
179
177
153
28
40
44
46
237
178
176
154
36
37
43
7
207
195
181
122
36
37
1
7
209
182
180
184
36
0
1
7
0
181
197
185
36
37
46
10
216
186
184
125
36
37
1
10
218
185
183
181
36
0
1
10
3
184
188
182
36
38
46
10
222
183
187
128
36
38
2
10
224
188
186
190
36
0
2
10
6
187
185
191
36
38
47
11
225
201
190
131
36
38
2
11
227
191
189
187
36
0
2
11
9
190
203
188
36
40
42
6
235
199
193
134
36
40
4
6
236
194
192
196
36
0
4
6
12
193
200
197
36
40
43
7
231
180
196
137
36
40
4
7
232
197
195
193
36
0
4
7
15
196
182
194
36
42
45
9
219
202
199
140
36
42
6
9
220
200
198
192
36
0
6
9
18
199
203
194
36
45
47
11
225
189
202
143
36
45
9
11
226
203
201
198
36
0
9
11
21
202
191
200
37
39
41
5
228
210
205
146
37
39
3
5
230
206
204
208
37
1
3
5
24
205
212
209
37
39
43
7
231
180
208
149
37
39
3
7
233
209
207
205
37
1
3
7
27
208
181
206
37
40
41
5
228
204
211
152
37
40
4
5
229
212
210
214
37
1
4
5
30
211
206
215
37
40
44
8
238
217
214
155
37
40
4
8
239
215
213
211
37
1
4
8
33
214
218
212
37
44
46
10
237
183
217
158
37
44
8
10
238
218
216
213
37
1
8
10
36
217
184
215
38
42
45
9
198
226
220
161
38
42
6
9
199
221
219
223
38
2
6
9
39
220
227
224
38
42
46
10
234
186
223
164
38
42
6
10
235
224
222
220
38
2
6
10
42
223
187
221
38
45
47
11
201
189
226
167
38
45
9
11
202
227
225
219
38
2
9
11
45
226
190
221
39
40
41
5
210
204
229
170
39
40
4
5
211
230
228
232
39
3
4
5
48
229
205
233
39
40
43
7
195
207
232
173
39
40
4
7
196
233
231
229
39
3
4
7
51
232
208
230
40
42
46
10
222
237
235
176
40
42
6
10
223
236
234
192
40
4
6
10
54
235
239
193
40
44
46
10
216
234
238
179
40
44
8
10
217
239
237
213
40
4
8
10
57
238
236
214
240
