1
96
0
0
0
0
0
0
0
0
0
0
0
0
0
0
0
0
0
0
0
0
0
0
0
0
1
1
1
1
1
1
1
1
1
1
1
1
1
1
1
1
1
1
1
1
1
1
1
1
2
2
2
2
2
2
2
2
2
2
2
2
2
2
2
2
2
2
2
2
2
2
2
2
3
3
3
3
3
3
3
3
3
3
3
3
3
3
3
3
3
3
3
3
3
3
3
3
96
528
0
1
11
35
36
16
1
398
0
1
25
35
38
2
0
4
0
24
25
35
132
1
17
5
0
1
21
45
39
30
4
401
0
1
25
45
41
5
3
1
0
24
25
45
135
4
32
2
0
6
10
34
33
13
7
404
0
6
30
34
34
8
6
10
0
24
30
34
138
7
14
11
0
6
14
38
81
15
10
407
0
6
30
38
83
11
9
7
0
24
30
38
141
10
17
8
0
10
13
37
97
25
13
410
0
10
34
37
98
14
12
6
0
24
34
37
144
13
26
8
0
11
14
38
93
9
16
413
0
11
35
38
94
17
15
0
0
24
35
38
147
16
11
2
0
12
18
42
111
24
19
416
0
12
36
42
113
20
18
22
0
24
36
42
150
19
26
23
0
12
19
43
115
28
22
419
0
12
36
43
116
23
21
19
0
24
36
43
153
22
29
20
0
13
18
42
117
18
25
422
0
13
37
42
119
26
24
12
0
24
37
42
156
25
20
14
0
19
20
44
130
31
28
425
0
19
43
44
131
29
27
21
0
24
43
44
159
28
32
23
0
20
21
45
129
3
31
428
0
20
44
45
130
32
30
27
0
24
44
45
162
31
5
29
1
6
10
34
6
40
34
431
1
6
30
34
7
35
33
37
1
25
30
34
165
34
41
38
1
6
11
35
57
0
37
434
1
6
30
35
58
38
36
34
1
25
30
35
168
37
1
35
1
10
21
45
102
3
40
437
1
10
34
45
104
41
39
33
1
25
34
45
171
40
4
35
2
10
18
42
99
49
43
440
2
10
34
42
101
44
42
46
2
26
34
42
174
43
50
47
2
10
22
46
96
48
46
443
2
10
34
46
98
47
45
43
2
26
34
46
177
46
50
44
2
18
22
46
126
45
49
446
2
18
42
46
127
50
48
42
2
26
42
46
180
49
47
44
3
5
6
30
60
58
52
449
3
5
29
30
61
53
51
55
3
27
29
30
183
52
59
56
3
5
11
35
63
57
55
452
3
5
29
35
64
56
54
52
3
27
29
35
186
55
59
53
3
6
11
35
36
54
58
455
3
6
30
35
37
59
57
51
3
27
30
35
189
58
56
53
4
5
6
30
51
67
61
458
4
5
29
30
52
62
60
64
4
28
29
30
192
61
68
65
4
5
11
35
54
69
64
461
4
5
29
35
55
65
63
61
4
28
29
35
195
64
71
62
4
6
8
32
79
76
67
464
4
6
30
32
80
68
66
60
4
28
30
32
198
67
77
62
4
7
11
35
84
63
70
467
4
7
31
35
86
71
69
73
4
28
31
35
201
70
65
74
4
7
23
47
87
75
73
470
4
7
31
47
89
74
72
70
4
28
31
47
204
73
77
71
4
8
23
47
87
72
76
473
4
8
32
47
88
77
75
66
4
28
32
47
207
76
74
68
6
8
9
33
91
82
79
476
6
8
32
33
92
80
78
66
6
30
32
33
210
79
83
67
6
9
14
38
93
9
82
479
6
9
33
38
95
83
81
78
6
30
33
38
213
82
10
80
7
8
11
35
90
69
85
482
7
8
32
35
92
86
84
88
7
31
32
35
216
85
70
89
7
8
23
47
75
72
88
485
7
8
32
47
76
89
87
85
7
31
32
47
219
88
73
86
8
9
11
35
94
84
91
488
8
9
33
35
95
92
90
78
8
32
33
35
222
91
85
79
9
11
14
38
15
81
94
491
9
11
35
38
16
95
93
90
9
33
35
38
225
94
82
91
10
13
22
46
120
45
97
494
10
13
37
46
122
98
96
12
10
34
37
46
228
97
46
13
10
17
18
42
111
42
100
497
10
17
41
42
112
101
99
103
10
34
41
42
231
100
43
104
10
17
21
45
123
39
103
500
10
17
41
45
124
104
102
100
10
34
41
45
234
103
40
101
12
15
17
41
124
112
106
503
12
15
39
41
125
107
105
109
12
36
39
41
237
106
113
110
12
15
21
45
123
114
109
506
12
15
39
45
125
110
108
106
12
36
39
45
240
109
116
107
12
17
18
42
99
18
112
509
12
17
41
42
100
113
111
105
12
36
41
42
243
112
19
107
12
19
21
45
129
108
115
512
12
19
43
45
131
116
114
21
12
36
43
45
246
115
110
22
13
16
18
42
127
24
118
515
13
16
40
42
128
119
117
121
13
37
40
42
249
118
25
122
13
16
22
46
126
96
121
518
13
16
40
46
128
122
120
118
13
37
40
46
252
121
97
119
15
17
21
45
102
108
124
521
15
17
41
45
103
125
123
105
15
39
41
45
255
124
109
106
16
18
22
46
48
120
127
524
16
18
42
46
49
128
126
117
16
40
42
46
258
127
121
118
19
20
21
45
30
114
130
527
19
20
44
45
31
131
129
27
19
43
44
45
261
130
115
28
24
25
35
59
168
148
133
2
24
25
49
59
170
134
132
136
24
48
49
59
264
133
149
137
24
25
45
69
171
162
136
5
24
25
49
69
173
137
135
133
24
48
49
69
267
136
164
134
24
30
34
58
165
145
139
8
24
30
54
58
166
140
138
142
24
48
54
58
270
139
146
143
24
30
38
62
213
147
142
11
24
30
54
62
215
143
141
139
24
48
54
62
273
142
149
140
24
34
37
61
229
157
145
14
24
34
58
61
230
146
144
138
24
48
58
61
276
145
158
140
24
35
38
62
225
141
148
17
24
35
59
62
226
149
147
132
24
48
59
62
279
148
143
134
24
36
42
66
243
156
151
20
24
36
60
66
245
152
150
154
24
48
60
66
282
151
158
155
24
36
43
67
247
160
154
23
24
36
60
67
248
155
153
151
24
48
60
67
285
154
161
152
24
37
42
66
249
150
157
26
24
37
61
66
251
158
156
144
24
48
61
66
288
157
152
146
24
43
44
68
262
163
160
29
24
43
67
68
263
161
159
153
24
48
67
68
291
160
164
155
24
44
45
69
261
135
163
32
24
44
68
69
262
164
162
159
24
48
68
69
294
163
137
161
25
30
34
58
138
172
166
35
25
30
54
58
139
167
165
169
25
49
54
58
297
166
173
170
25
30
35
59
189
132
169
38
25
30
54
59
190
170
168
166
25
49
54
59
300
169
133
167
25
34
45
69
234
135
172
41
25
34
58
69
236
173
171
165
25
49
58
69
303
172
136
167
26
34
42
66
231
181
175
44
26
34
58
66
233
176
174
178
26
50
58
66
306
175
182
179
26
34
46
70
228
180
178
47
26
34
58
70
230
179
177
175
26
50
58
70
309
178
182
176
26
42
46
70
258
177
181
50
26
42
66
70
259
182
180
174
26
50
66
70
312
181
179
176
27
29
30
54
192
190
184
53
27
29
53
54
193
185
183
187
27
51
53
54
315
184
191
188
27
29
35
59
195
189
187
56
27
29
53
59
196
188
186
184
27
51
53
59
318
187
191
185
27
30
35
59
168
186
190
59
27
30
54
59
169
191
189
183
27
51
54
59
321
190
188
185
28
29
30
54
183
199
193
62
28
29
53
54
184
194
192
196
28
52
53
54
324
193
200
197
28
29
35
59
186
201
196
65
28
29
53
59
187
197
195
193
28
52
53
59
327
196
203
194
28
30
32
56
211
208
199
68
28
30
54
56
212
200
198
192
28
52
54
56
330
199
209
194
28
31
35
59
216
195
202
71
28
31
55
59
218
203
201
205
28
52
55
59
333
202
197
206
28
31
47
71
219
207
205
74
28
31
55
71
221
206
204
202
28
52
55
71
336
205
209
203
28
32
47
71
219
204
208
77
28
32
56
71
220
209
207
198
28
52
56
71
339
208
206
200
30
32
33
57
223
214
211
80
30
32
56
57
224
212
210
198
30
54
56
57
342
211
215
199
30
33
38
62
225
141
214
83
30
33
57
62
227
215
213
210
30
54
57
62
345
214
142
212
31
32
35
59
222
201
217
86
31
32
56
59
224
218
216
220
31
55
56
59
348
217
202
221
31
32
47
71
207
204
220
89
31
32
56
71
208
221
219
217
31
55
56
71
351
220
205
218
32
33
35
59
226
216
223
92
32
33
57
59
227
224
222
210
32
56
57
59
354
223
217
211
33
35
38
62
147
213
226
95
33
35
59
62
148
227
225
222
33
57
59
62
357
226
214
223
34
37
46
70
252
177
229
98
34
37
61
70
254
230
228
144
34
58
61
70
360
229
178
145
34
41
42
66
243
174
232
101
34
41
65
66
244
233
231
235
34
58
65
66
363
232
175
236
34
41
45
69
255
171
235
104
34
41
65
69
256
236
234
232
34
58
65
69
366
235
172
233
36
39
41
65
256
244
238
107
36
39
63
65
257
239
237
241
36
60
63
65
369
238
245
242
36
39
45
69
255
246
241
110
36
39
63
69
257
242
240
238
36
60
63
69
372
241
248
239
36
41
42
66
231
150
244
113
36
41
65
66
232
245
243
237
36
60
65
66
375
244
151
239
36
43
45
69
261
240
247
116
36
43
67
69
263
248
246
153
36
60
67
69
378
247
242
154
37
40
42
66
259
156
250
119
37
40
64
66
260
251
249
253
37
61
64
66
381
250
157
254
37
40
46
70
258
228
253
122
37
40
64
70
260
254
252
250
37
61
64
70
384
253
229
251
39
41
45
69
234
240
256
125
39
41
65
69
235
257
255
237
39
63
65
69
387
256
241
238
40
42
46
70
180
252
259
128
40
42
66
70
181
260
258
249
40
64
66
70
390
259
253
250
43
44
45
69
162
246
262
131
43
44
68
69
163
263
261
159
43
67
68
69
393
262
247
160
48
49
59
83
300
280
265
134
48
49
73
83
302
266
264
268
48
72
73
83
396
265
281
269
48
49
69
93
303
294
268
137
48
49
73
93
305
269
267
265
48
72
73
93
399
268
296
266
48
54
58
82
297
277
271
140
48
54
78
82
298
272
270
274
48
72
78
82
402
271
278
275
48
54
62
86
345
279
274
143
48
54
78
86
347
275
273
271
48
72
78
86
405
274
281
272
48
58
61
85
361
289
277
146
48
58
82
85
362
278
276
270
48
72
82
85
408
277
290
272
48
59
62
86
357
273
280
149
48
59
83
86
358
281
279
264
48
72
83
86
411
280
275
266
48
60
66
90
375
288
283
152
48
60
84
90
377
284
282
286
48
72
84
90
414
283
290
287
48
60
67
91
379
292
286
155
48
60
84
91
380
287
285
283
48
72
84
91
417
286
293
284
48
61
66
90
381
282
289
158
48
61
85
90
383
290
288
276
48
72
85
90
420
289
284
278
48
67
68
92
394
295
292
161
48
67
91
92
395
293
291
285
48
72
91
92
423
292
296
287
48
68
69
93
393
267
295
164
48
68
92
93
394
296
294
291
48
72
92
93
426
295
269
293
49
54
58
82
270
304
298
167
49
54
78
82
271
299
297
301
49
73
78
82
429
298
305
302
49
54
59
83
321
264
301
170
49
54
78
83
322
302
300
298
49
73
78
83
432
301
265
299
49
58
69
93
366
267
304
173
49
58
82
93
368
305
303
297
49
73
82
93
435
304
268
299
50
58
66
90
363
313
307
176
50
58
82
90
365
308
306
310
50
74
82
90
438
307
314
311
50
58
70
94
360
312
310
179
50
58
82
94
362
311
309
307
50
74
82
94
441
310
314
308
50
66
70
94
390
309
313
182
50
66
90
94
391
314
312
306
50
74
90
94
444
313
311
308
51
53
54
78
324
322
316
185
51
53
77
78
325
317
315
319
51
75
77
78
447
316
323
320
51
53
59
83
327
321
319
188
51
53
77
83
328
320
318
316
51
75
77
83
450
319
323
317
51
54
59
83
300
318
322
191
51
54
78
83
301
323
321
315
51
75
78
83
453
322
320
317
52
53
54
78
315
331
325
194
52
53
77
78
316
326
324
328
52
76
77
78
456
325
332
329
52
53
59
83
318
333
328
197
52
53
77
83
319
329
327
325
52
76
77
83
459
328
335
326
52
54
56
80
343
340
331
200
52
54
78
80
344
332
330
324
52
76
78
80
462
331
341
326
52
55
59
83
348
327
334
203
52
55
79
83
350
335
333
337
52
76
79
83
465
334
329
338
52
55
71
95
351
339
337
206
52
55
79
95
353
338
336
334
52
76
79
95
468
337
341
335
52
56
71
95
351
336
340
209
52
56
80
95
352
341
339
330
52
76
80
95
471
340
338
332
54
56
57
81
355
346
343
212
54
56
80
81
356
344
342
330
54
78
80
81
474
343
347
331
54
57
62
86
357
273
346
215
54
57
81
86
359
347
345
342
54
78
81
86
477
346
274
344
55
56
59
83
354
333
349
218
55
56
80
83
356
350
348
352
55
79
80
83
480
349
334
353
55
56
71
95
339
336
352
221
55
56
80
95
340
353
351
349
55
79
80
95
483
352
337
350
56
57
59
83
358
348
355
224
56
57
81
83
359
356
354
342
56
80
81
83
486
355
349
343
57
59
62
86
279
345
358
227
57
59
83
86
280
359
357
354
57
81
83
86
489
358
346
355
58
61
70
94
384
309
361
230
58
61
85
94
386
362
360
276
58
82
85
94
492
361
310
277
58
65
66
90
375
306
364
233
58
65
89
90
376
365
363
367
58
82
89
90
495
364
307
368
58
65
69
93
387
303
367
236
58
65
89
93
388
368
366
364
58
82
89
93
498
367
304
365
60
63
65
89
388
376
370
239
60
63
87
89
389
371
369
373
60
84
87
89
501
370
377
374
60
63
69
93
387
378
373
242
60
63
87
93
389
374
372
370
60
84
87
93
504
373
380
371
60
65
66
90
363
282
376
245
60
65
89
90
364
377
375
369
60
84
89
90
507
376
283
371
60
67
69
93
393
372
379
248
60
67
91
93
395
380
378
285
60
84
91
93
510
379
374
286
61
64
66
90
391
288
382
251
61
64
88
90
392
383
381
385
61
85
88
90
513
382
289
386
61
64
70
94
390
360
385
254
61
64
88
94
392
386
384
382
61
85
88
94
516
385
361
383
63
65
69
93
366
372
388
257
63
65
89
93
367
389
387
369
63
87
89
93
519
388
373
370
64
66
70
94
312
384
391
260
64
66
90
94
313
392
390
381
64
88
90
94
522
391
385
382
67
68
69
93
294
378
394
263
67
68
92
93
295
395
393
291
67
91
92
93
525
394
379
292
72
73
83
11
432
412
397
266
72
73
1
11
434
398
396
400
72
0
1
11
0
397
413
401
72
73
93
21
435
426
400
269
72
73
1
21
437
401
399
397
72
0
1
21
3
400
428
398
72
78
82
10
429
409
403
272
72
78
6
10
430
404
402
406
72
0
6
10
6
403
410
407
72
78
86
14
477
411
406
275
72
78
6
14
479
407
405
403
72
0
6
14
9
406
413
404
72
82
85
13
493
421
409
278
72
82
10
13
494
410
408
402
72
0
10
13
12
409
422
404
72
83
86
14
489
405
412
281
72
83
11
14
490
413
411
396
72
0
11
14
15
412
407
398
72
84
90
18
507
420
415
284
72
84
12
18
509
416
414
418
72
0
12
18
18
415
422
419
72
84
91
19
511
424
418
287
72
84
12
19
512
419
417
415
72
0
12
19
21
418
425
416
72
85
90
18
513
414
421
290
72
85
13
18
515
422
420
408
72
0
13
18
24
421
416
410
72
91
92
20
526
427
424
293
72
91
19
20
527
425
423
417
72
0
19
20
27
424
428
419
72
92
93
21
525
399
427
296
72
92
20
21
526
428
426
423
72
0
20
21
30
427
401
425
73
78
82
10
402
436
430
299
73
78
6
10
403
431
429
433
73
1
6
10
33
430
437
434
73
78
83
11
453
396
433
302
73
78
6
11
454
434
432
430
73
1
6
11
36
433
397
431
73
82
93
21
498
399
436
305
73
82
10
21
500
437
435
429
73
1
10
21
39
436
400
431
74
82
90
18
495
445
439
308
74
82
10
18
497
440
438
442
74
2
10
18
42
439
446
443
74
82
94
22
492
444
442
311
74
82
10
22
494
443
441
439
74
2
10
22
45
442
446
440
74
90
94
22
522
441
445
314
74
90
18
22
523
446
444
438
74
2
18
22
48
445
443
440
75
77
78
6
456
454
448
317
75
77
5
6
457
449
447
451
75
3
5
6
51
448
455
452
75
77
83
11
459
453
451
320
75
77
5
11
460
452
450
448
75
3
5
11
54
451
455
449
75
78
83
11
432
450
454
323
75
78
6
11
433
455
453
447
75
3
6
11
57
454
452
449
76
77
78
6
447
463
457
326
76
77
5
6
448
458
456
460
76
4
5
6
60
457
464
461
76
77
83
11
450
465
460
329
76
77
5
11
451
461
459
457
76
4
5
11
63
460
467
458
76
78
80
8
475
472
463
332
76
78
6
8
476
464
462
456
76
4
6
8
66
463
473
458
76
79
83
11
480
459
466
335
76
79
7
11
482
467
465
469
76
4
7
11
69
466
461
470
76
79
95
23
483
471
469
338
76
79
7
23
485
470
468
466
76
4
7
23
72
469
473
467
76
80
95
23
483
468
472
341
76
80
8
23
484
473
471
462
76
4
8
23
75
472
470
464
78
80
81
9
487
478
475
344
78
80
8
9
488
476
474
462
78
6
8
9
78
475
479
463
78
81
86
14
489
405
478
347
78
81
9
14
491
479
477
474
78
6
9
14
81
478
406
476
79
80
83
11
486
465
481
350
79
80
8
11
488
482
480
484
79
7
8
11
84
481
466
485
79
80
95
23
471
468
484
353
79
80
8
23
472
485
483
481
79
7
8
23
87
484
469
482
80
81
83
11
490
480
487
356
80
81
9
11
491
488
486
474
80
8
9
11
90
487
481
475
81
83
86
14
411
477
490
359
81
83
11
14
412
491
489
486
81
9
11
14
93
490
478
487
82
85
94
22
516
441
493
362
82
85
13
22
518
494
492
408
82
10
13
22
96
493
442
409
82
89
90
18
507
438
496
365
82
89
17
18
508
497
495
499
82
10
17
18
99
496
439
500
82
89
93
21
519
435
499
368
82
89
17
21
520
500
498
496
82
10
17
21
102
499
436
497
84
87
89
17
520
508
502
371
84
87
15
17
521
503
501
505
84
12
15
17
105
502
509
506
84
87
93
21
519
510
505
374
84
87
15
21
521
506
504
502
84
12
15
21
108
505
512
503
84
89
90
18
495
414
508
377
84
89
17
18
496
509
507
501
84
12
17
18
111
508
415
503
84
91
93
21
525
504
511
380
84
91
19
21
527
512
510
417
84
12
19
21
114
511
506
418
85
88
90
18
523
420
514
383
85
88
16
18
524
515
513
517
85
13
16
18
117
514
421
518
85
88
94
22
522
492
517
386
85
88
16
22
524
518
516
514
85
13
16
22
120
517
493
515
87
89
93
21
498
504
520
389
87
89
17
21
499
521
519
501
87
15
17
21
123
520
505
502
88
90
94
22
444
516
523
392
88
90
18
22
445
524
522
513
88
16
18
22
126
523
517
514
91
92
93
21
426
510
526
395
91
92
20
21
427
527
525
423
91
19
20
21
129
526
511
424
528
