1
96
0
0
0
0
0
0
0
0
0
0
0
0
0
0
0
0
0
0
0
0
0
0
0
0
1
1
1
1
1
1
1
1
1
1
1
1
1
1
1
1
1
1
1
1
1
1
1
1
2
2
2
2
2
2
2
2
2
2
2
2
2
2
2
2
2
2
2
2
2
2
2
2
3
3
3
3
3
3
3
3
3
3
3
3
3
3
3
3
3
3
3
3
3
3
3
3
96
528
0
1
17
41
16
7
1
398
0
1
25
41
17
2
0
4
0
24
25
41
132
1
8
5
0
1
18
42
9
6
4
401
0
1
25
42
11
5
3
1
0
24
25
42
135
4
8
2
0
17
18
42
126
3
7
404
0
17
41
42
127
8
6
0
0
24
41
42
138
7
5
2
1
16
18
42
126
3
10
407
1
16
40
42
128
11
9
13
1
25
40
42
141
10
4
14
1
16
23
47
84
15
13
410
1
16
40
47
85
14
12
10
1
25
40
47
144
13
17
11
1
17
23
47
129
12
16
413
1
17
41
47
131
17
15
0
1
25
41
47
147
16
14
1
2
3
19
43
48
36
19
416
2
3
27
43
50
20
18
22
2
26
27
43
150
19
38
23
2
3
20
44
54
43
22
419
2
3
27
44
56
23
21
19
2
26
27
44
153
22
44
20
2
5
12
36
82
39
25
422
2
5
29
36
83
26
24
28
2
26
29
36
156
25
41
29
2
5
23
47
84
42
28
425
2
5
29
47
86
29
27
25
2
26
29
47
159
28
44
26
2
6
10
34
88
37
31
428
2
6
30
34
89
32
30
34
2
26
30
34
162
31
38
35
2
6
11
35
91
40
34
431
2
6
30
35
92
35
33
31
2
26
30
35
165
34
41
32
2
10
19
43
117
18
37
434
2
10
34
43
119
38
36
30
2
26
34
43
168
37
20
32
2
11
12
36
90
24
40
437
2
11
35
36
91
41
39
33
2
26
35
36
171
40
26
35
2
20
23
47
129
27
43
440
2
20
44
47
130
44
42
21
2
26
44
47
174
43
29
23
3
8
13
37
96
51
46
443
3
8
32
37
98
47
45
49
3
27
32
37
177
46
53
50
3
8
19
43
102
18
49
446
3
8
32
43
104
50
48
46
3
27
32
43
180
49
19
47
3
9
13
37
96
45
52
449
3
9
33
37
97
53
51
55
3
27
33
37
183
52
47
56
3
9
20
44
114
21
55
452
3
9
33
44
116
56
54
52
3
27
33
44
186
55
22
53
4
5
16
40
85
72
58
455
4
5
29
40
86
59
57
61
4
28
29
40
189
58
74
62
4
5
19
43
81
79
61
458
4
5
29
43
83
62
60
58
4
28
29
43
192
61
80
59
4
7
21
45
94
78
64
461
4
7
31
45
95
65
63
67
4
28
31
45
195
64
80
68
4
7
22
46
93
75
67
464
4
7
31
46
95
68
66
64
4
28
31
46
198
67
77
65
4
8
14
38
103
76
70
467
4
8
32
38
104
71
69
73
4
28
32
38
201
70
77
74
4
8
16
40
109
57
73
470
4
8
32
40
110
74
72
70
4
28
32
40
204
73
59
71
4
14
22
46
123
66
76
473
4
14
38
46
125
77
75
69
4
28
38
46
207
76
68
71
4
19
21
45
120
63
79
476
4
19
43
45
121
80
78
60
4
28
43
45
210
79
65
62
5
12
19
43
117
60
82
479
5
12
36
43
118
83
81
24
5
29
36
43
213
82
61
25
5
16
23
47
12
27
85
482
5
16
40
47
13
86
84
57
5
29
40
47
216
85
28
58
6
10
12
36
118
90
88
485
6
10
34
36
119
89
87
30
6
30
34
36
219
88
92
31
6
11
12
36
39
87
91
488
6
11
35
36
40
92
90
33
6
30
35
36
222
91
89
34
7
21
22
46
123
66
94
491
7
21
45
46
124
95
93
63
7
31
45
46
225
94
67
64
8
9
13
37
51
45
97
494
8
9
33
37
52
98
96
100
8
32
33
37
228
97
46
101
8
9
15
39
115
106
100
497
8
9
33
39
116
101
99
97
8
32
33
39
231
100
107
98
8
14
19
43
121
48
103
500
8
14
38
43
122
104
102
69
8
32
38
43
234
103
49
70
8
15
20
44
114
111
106
503
8
15
39
44
115
107
105
99
8
32
39
44
237
106
113
101
8
16
17
41
127
112
109
506
8
16
40
41
128
110
108
72
8
32
40
41
240
109
113
73
8
17
20
44
130
105
112
509
8
17
41
44
131
113
111
108
8
32
41
44
243
112
107
110
9
15
20
44
105
54
115
512
9
15
39
44
106
116
114
99
9
33
39
44
246
115
55
100
10
12
19
43
81
36
118
515
10
12
36
43
82
119
117
87
10
34
36
43
249
118
37
88
14
19
21
45
78
124
121
518
14
19
43
45
79
122
120
102
14
38
43
45
252
121
125
103
14
21
22
46
93
75
124
521
14
21
45
46
94
125
123
120
14
38
45
46
255
124
76
122
16
17
18
42
6
9
127
524
16
17
41
42
7
128
126
108
16
40
41
42
258
127
10
109
17
20
23
47
42
15
130
527
17
20
44
47
43
131
129
111
17
41
44
47
261
130
16
112
24
25
41
65
148
139
133
2
24
25
49
65
149
134
132
136
24
48
49
65
264
133
140
137
24
25
42
66
141
138
136
5
24
25
49
66
143
137
135
133
24
48
49
66
267
136
140
134
24
41
42
66
258
135
139
8
24
41
65
66
259
140
138
132
24
48
65
66
270
139
137
134
25
40
42
66
258
135
142
11
25
40
64
66
260
143
141
145
25
49
64
66
273
142
136
146
25
40
47
71
216
147
145
14
25
40
64
71
217
146
144
142
25
49
64
71
276
145
149
143
25
41
47
71
261
144
148
17
25
41
65
71
263
149
147
132
25
49
65
71
279
148
146
133
26
27
43
67
180
168
151
20
26
27
51
67
182
152
150
154
26
50
51
67
282
151
170
155
26
27
44
68
186
175
154
23
26
27
51
68
188
155
153
151
26
50
51
68
285
154
176
152
26
29
36
60
214
171
157
26
26
29
53
60
215
158
156
160
26
50
53
60
288
157
173
161
26
29
47
71
216
174
160
29
26
29
53
71
218
161
159
157
26
50
53
71
291
160
176
158
26
30
34
58
220
169
163
32
26
30
54
58
221
164
162
166
26
50
54
58
294
163
170
167
26
30
35
59
223
172
166
35
26
30
54
59
224
167
165
163
26
50
54
59
297
166
173
164
26
34
43
67
249
150
169
38
26
34
58
67
251
170
168
162
26
50
58
67
300
169
152
164
26
35
36
60
222
156
172
41
26
35
59
60
223
173
171
165
26
50
59
60
303
172
158
167
26
44
47
71
261
159
175
44
26
44
68
71
262
176
174
153
26
50
68
71
306
175
161
155
27
32
37
61
228
183
178
47
27
32
56
61
230
179
177
181
27
51
56
61
309
178
185
182
27
32
43
67
234
150
181
50
27
32
56
67
236
182
180
178
27
51
56
67
312
181
151
179
27
33
37
61
228
177
184
53
27
33
57
61
229
185
183
187
27
51
57
61
315
184
179
188
27
33
44
68
246
153
187
56
27
33
57
68
248
188
186
184
27
51
57
68
318
187
154
185
28
29
40
64
217
204
190
59
28
29
53
64
218
191
189
193
28
52
53
64
321
190
206
194
28
29
43
67
213
211
193
62
28
29
53
67
215
194
192
190
28
52
53
67
324
193
212
191
28
31
45
69
226
210
196
65
28
31
55
69
227
197
195
199
28
52
55
69
327
196
212
200
28
31
46
70
225
207
199
68
28
31
55
70
227
200
198
196
28
52
55
70
330
199
209
197
28
32
38
62
235
208
202
71
28
32
56
62
236
203
201
205
28
52
56
62
333
202
209
206
28
32
40
64
241
189
205
74
28
32
56
64
242
206
204
202
28
52
56
64
336
205
191
203
28
38
46
70
255
198
208
77
28
38
62
70
257
209
207
201
28
52
62
70
339
208
200
203
28
43
45
69
252
195
211
80
28
43
67
69
253
212
210
192
28
52
67
69
342
211
197
194
29
36
43
67
249
192
214
83
29
36
60
67
250
215
213
156
29
53
60
67
345
214
193
157
29
40
47
71
144
159
217
86
29
40
64
71
145
218
216
189
29
53
64
71
348
217
160
190
30
34
36
60
250
222
220
89
30
34
58
60
251
221
219
162
30
54
58
60
351
220
224
163
30
35
36
60
171
219
223
92
30
35
59
60
172
224
222
165
30
54
59
60
354
223
221
166
31
45
46
70
255
198
226
95
31
45
69
70
256
227
225
195
31
55
69
70
357
226
199
196
32
33
37
61
183
177
229
98
32
33
57
61
184
230
228
232
32
56
57
61
360
229
178
233
32
33
39
63
247
238
232
101
32
33
57
63
248
233
231
229
32
56
57
63
363
232
239
230
32
38
43
67
253
180
235
104
32
38
62
67
254
236
234
201
32
56
62
67
366
235
181
202
32
39
44
68
246
243
238
107
32
39
63
68
247
239
237
231
32
56
63
68
369
238
245
233
32
40
41
65
259
244
241
110
32
40
64
65
260
242
240
204
32
56
64
65
372
241
245
205
32
41
44
68
262
237
244
113
32
41
65
68
263
245
243
240
32
56
65
68
375
244
239
242
33
39
44
68
237
186
247
116
33
39
63
68
238
248
246
231
33
57
63
68
378
247
187
232
34
36
43
67
213
168
250
119
34
36
60
67
214
251
249
219
34
58
60
67
381
250
169
220
38
43
45
69
210
256
253
122
38
43
67
69
211
254
252
234
38
62
67
69
384
253
257
235
38
45
46
70
225
207
256
125
38
45
69
70
226
257
255
252
38
62
69
70
387
256
208
254
40
41
42
66
138
141
259
128
40
41
65
66
139
260
258
240
40
64
65
66
390
259
142
241
41
44
47
71
174
147
262
131
41
44
68
71
175
263
261
243
41
65
68
71
393
262
148
244
48
49
65
89
280
271
265
134
48
49
73
89
281
266
264
268
48
72
73
89
396
265
272
269
48
49
66
90
273
270
268
137
48
49
73
90
275
269
267
265
48
72
73
90
399
268
272
266
48
65
66
90
390
267
271
140
48
65
89
90
391
272
270
264
48
72
89
90
402
271
269
266
49
64
66
90
390
267
274
143
49
64
88
90
392
275
273
277
49
73
88
90
405
274
268
278
49
64
71
95
348
279
277
146
49
64
88
95
349
278
276
274
49
73
88
95
408
277
281
275
49
65
71
95
393
276
280
149
49
65
89
95
395
281
279
264
49
73
89
95
411
280
278
265
50
51
67
91
312
300
283
152
50
51
75
91
314
284
282
286
50
74
75
91
414
283
302
287
50
51
68
92
318
307
286
155
50
51
75
92
320
287
285
283
50
74
75
92
417
286
308
284
50
53
60
84
346
303
289
158
50
53
77
84
347
290
288
292
50
74
77
84
420
289
305
293
50
53
71
95
348
306
292
161
50
53
77
95
350
293
291
289
50
74
77
95
423
292
308
290
50
54
58
82
352
301
295
164
50
54
78
82
353
296
294
298
50
74
78
82
426
295
302
299
50
54
59
83
355
304
298
167
50
54
78
83
356
299
297
295
50
74
78
83
429
298
305
296
50
58
67
91
381
282
301
170
50
58
82
91
383
302
300
294
50
74
82
91
432
301
284
296
50
59
60
84
354
288
304
173
50
59
83
84
355
305
303
297
50
74
83
84
435
304
290
299
50
68
71
95
393
291
307
176
50
68
92
95
394
308
306
285
50
74
92
95
438
307
293
287
51
56
61
85
360
315
310
179
51
56
80
85
362
311
309
313
51
75
80
85
441
310
317
314
51
56
67
91
366
282
313
182
51
56
80
91
368
314
312
310
51
75
80
91
444
313
283
311
51
57
61
85
360
309
316
185
51
57
81
85
361
317
315
319
51
75
81
85
447
316
311
320
51
57
68
92
378
285
319
188
51
57
81
92
380
320
318
316
51
75
81
92
450
319
286
317
52
53
64
88
349
336
322
191
52
53
77
88
350
323
321
325
52
76
77
88
453
322
338
326
52
53
67
91
345
343
325
194
52
53
77
91
347
326
324
322
52
76
77
91
456
325
344
323
52
55
69
93
358
342
328
197
52
55
79
93
359
329
327
331
52
76
79
93
459
328
344
332
52
55
70
94
357
339
331
200
52
55
79
94
359
332
330
328
52
76
79
94
462
331
341
329
52
56
62
86
367
340
334
203
52
56
80
86
368
335
333
337
52
76
80
86
465
334
341
338
52
56
64
88
373
321
337
206
52
56
80
88
374
338
336
334
52
76
80
88
468
337
323
335
52
62
70
94
387
330
340
209
52
62
86
94
389
341
339
333
52
76
86
94
471
340
332
335
52
67
69
93
384
327
343
212
52
67
91
93
385
344
342
324
52
76
91
93
474
343
329
326
53
60
67
91
381
324
346
215
53
60
84
91
382
347
345
288
53
77
84
91
477
346
325
289
53
64
71
95
276
291
349
218
53
64
88
95
277
350
348
321
53
77
88
95
480
349
292
322
54
58
60
84
382
354
352
221
54
58
82
84
383
353
351
294
54
78
82
84
483
352
356
295
54
59
60
84
303
351
355
224
54
59
83
84
304
356
354
297
54
78
83
84
486
355
353
298
55
69
70
94
387
330
358
227
55
69
93
94
388
359
357
327
55
79
93
94
489
358
331
328
56
57
61
85
315
309
361
230
56
57
81
85
316
362
360
364
56
80
81
85
492
361
310
365
56
57
63
87
379
370
364
233
56
57
81
87
380
365
363
361
56
80
81
87
495
364
371
362
56
62
67
91
385
312
367
236
56
62
86
91
386
368
366
333
56
80
86
91
498
367
313
334
56
63
68
92
378
375
370
239
56
63
87
92
379
371
369
363
56
80
87
92
501
370
377
365
56
64
65
89
391
376
373
242
56
64
88
89
392
374
372
336
56
80
88
89
504
373
377
337
56
65
68
92
394
369
376
245
56
65
89
92
395
377
375
372
56
80
89
92
507
376
371
374
57
63
68
92
369
318
379
248
57
63
87
92
370
380
378
363
57
81
87
92
510
379
319
364
58
60
67
91
345
300
382
251
58
60
84
91
346
383
381
351
58
82
84
91
513
382
301
352
62
67
69
93
342
388
385
254
62
67
91
93
343
386
384
366
62
86
91
93
516
385
389
367
62
69
70
94
357
339
388
257
62
69
93
94
358
389
387
384
62
86
93
94
519
388
340
386
64
65
66
90
270
273
391
260
64
65
89
90
271
392
390
372
64
88
89
90
522
391
274
373
65
68
71
95
306
279
394
263
65
68
92
95
307
395
393
375
65
89
92
95
525
394
280
376
72
73
89
17
412
403
397
266
72
73
1
17
413
398
396
400
72
0
1
17
0
397
404
401
72
73
90
18
405
402
400
269
72
73
1
18
407
401
399
397
72
0
1
18
3
400
404
398
72
89
90
18
522
399
403
272
72
89
17
18
523
404
402
396
72
0
17
18
6
403
401
398
73
88
90
18
522
399
406
275
73
88
16
18
524
407
405
409
73
1
16
18
9
406
400
410
73
88
95
23
480
411
409
278
73
88
16
23
481
410
408
406
73
1
16
23
12
409
413
407
73
89
95
23
525
408
412
281
73
89
17
23
527
413
411
396
73
1
17
23
15
412
410
397
74
75
91
19
444
432
415
284
74
75
3
19
446
416
414
418
74
2
3
19
18
415
434
419
74
75
92
20
450
439
418
287
74
75
3
20
452
419
417
415
74
2
3
20
21
418
440
416
74
77
84
12
478
435
421
290
74
77
5
12
479
422
420
424
74
2
5
12
24
421
437
425
74
77
95
23
480
438
424
293
74
77
5
23
482
425
423
421
74
2
5
23
27
424
440
422
74
78
82
10
484
433
427
296
74
78
6
10
485
428
426
430
74
2
6
10
30
427
434
431
74
78
83
11
487
436
430
299
74
78
6
11
488
431
429
427
74
2
6
11
33
430
437
428
74
82
91
19
513
414
433
302
74
82
10
19
515
434
432
426
74
2
10
19
36
433
416
428
74
83
84
12
486
420
436
305
74
83
11
12
487
437
435
429
74
2
11
12
39
436
422
431
74
92
95
23
525
423
439
308
74
92
20
23
526
440
438
417
74
2
20
23
42
439
425
419
75
80
85
13
492
447
442
311
75
80
8
13
494
443
441
445
75
3
8
13
45
442
449
446
75
80
91
19
498
414
445
314
75
80
8
19
500
446
444
442
75
3
8
19
48
445
415
443
75
81
85
13
492
441
448
317
75
81
9
13
493
449
447
451
75
3
9
13
51
448
443
452
75
81
92
20
510
417
451
320
75
81
9
20
512
452
450
448
75
3
9
20
54
451
418
449
76
77
88
16
481
468
454
323
76
77
5
16
482
455
453
457
76
4
5
16
57
454
470
458
76
77
91
19
477
475
457
326
76
77
5
19
479
458
456
454
76
4
5
19
60
457
476
455
76
79
93
21
490
474
460
329
76
79
7
21
491
461
459
463
76
4
7
21
63
460
476
464
76
79
94
22
489
471
463
332
76
79
7
22
491
464
462
460
76
4
7
22
66
463
473
461
76
80
86
14
499
472
466
335
76
80
8
14
500
467
465
469
76
4
8
14
69
466
473
470
76
80
88
16
505
453
469
338
76
80
8
16
506
470
468
466
76
4
8
16
72
469
455
467
76
86
94
22
519
462
472
341
76
86
14
22
521
473
471
465
76
4
14
22
75
472
464
467
76
91
93
21
516
459
475
344
76
91
19
21
517
476
474
456
76
4
19
21
78
475
461
458
77
84
91
19
513
456
478
347
77
84
12
19
514
479
477
420
77
5
12
19
81
478
457
421
77
88
95
23
408
423
481
350
77
88
16
23
409
482
480
453
77
5
16
23
84
481
424
454
78
82
84
12
514
486
484
353
78
82
10
12
515
485
483
426
78
6
10
12
87
484
488
427
78
83
84
12
435
483
487
356
78
83
11
12
436
488
486
429
78
6
11
12
90
487
485
430
79
93
94
22
519
462
490
359
79
93
21
22
520
491
489
459
79
7
21
22
93
490
463
460
80
81
85
13
447
441
493
362
80
81
9
13
448
494
492
496
80
8
9
13
96
493
442
497
80
81
87
15
511
502
496
365
80
81
9
15
512
497
495
493
80
8
9
15
99
496
503
494
80
86
91
19
517
444
499
368
80
86
14
19
518
500
498
465
80
8
14
19
102
499
445
466
80
87
92
20
510
507
502
371
80
87
15
20
511
503
501
495
80
8
15
20
105
502
509
497
80
88
89
17
523
508
505
374
80
88
16
17
524
506
504
468
80
8
16
17
108
505
509
469
80
89
92
20
526
501
508
377
80
89
17
20
527
509
507
504
80
8
17
20
111
508
503
506
81
87
92
20
501
450
511
380
81
87
15
20
502
512
510
495
81
9
15
20
114
511
451
496
82
84
91
19
477
432
514
383
82
84
12
19
478
515
513
483
82
10
12
19
117
514
433
484
86
91
93
21
474
520
517
386
86
91
19
21
475
518
516
498
86
14
19
21
120
517
521
499
86
93
94
22
489
471
520
389
86
93
21
22
490
521
519
516
86
14
21
22
123
520
472
518
88
89
90
18
402
405
523
392
88
89
17
18
403
524
522
504
88
16
17
18
126
523
406
505
89
92
95
23
438
411
526
395
89
92
20
23
439
527
525
507
89
17
20
23
129
526
412
508
528
