1
192
0
0
0
0
0
0
0
0
0
0
0
0
0
0
0
0
0
0
0
0
0
0
0
0
0
0
0
0
0
0
0
0
0
0
0
0
0
0
0
0
0
0
0
0
0
0
0
0
1
1
1
1
1
1
1
1
1
1
1
1
1
1
1
1
1
1
1
1
1
1
1
1
1
1
1
1
1
1
1
1
1
1
1
1
1
1
1
1
1
1
1
1
1
1
1
1
2
2
2
2
2
2
2
2
2
2
2
2
2
2
2
2
2
2
2
2
2
2
2
2
2
2
2
2
2
2
2
2
2
2
2
2
2
2
2
2
2
2
2
2
2
2
2
2
3
3
3
3
3
3
3
3
3
3
3
3
3
3
3
3
3
3
3
3
3
3
3
3
3
3
3
3
3
3
3
3
3
3
3
3
3
3
3
3
3
3
3
3
3
3
3
3
192
1104
0
2
13
61
70
31
1
830
0
2
50
61
71
2
0
4
0
48
50
61
276
1
32
5
0
2
30
78
73
39
4
833
0
2
50
78
74
5
3
1
0
48
50
78
279
4
41
2
0
4
36
84
103
36
7
836
0
4
52
84
104
8
6
10
0
48
52
84
282
7
38
11
0
4
42
90
78
45
10
839
0
4
52
90
79
11
9
7
0
48
52
90
285
10
47
8
0
5
32
80
118
24
13
842
0
5
53
80
119
14
12
16
0
48
53
80
288
13
26
17
0
5
44
92
111
21
16
845
0
5
53
92
113
17
15
13
0
48
53
92
291
16
23
14
0
6
38
86
130
30
19
848
0
6
54
86
131
20
18
22
0
48
54
86
294
19
32
23
0
6
44
92
126
15
22
851
0
6
54
92
128
23
21
19
0
48
54
92
297
22
17
20
0
7
32
80
145
12
25
854
0
7
55
80
146
26
24
28
0
48
55
80
300
25
14
29
0
7
35
83
148
46
28
857
0
7
55
83
149
29
27
25
0
48
55
83
303
28
47
26
0
13
38
86
187
18
31
860
0
13
61
86
188
32
30
0
0
48
61
86
306
31
20
2
0
15
31
79
190
42
34
863
0
15
63
79
191
35
33
37
0
48
63
79
309
34
44
38
0
15
36
84
189
6
37
866
0
15
63
84
191
38
36
34
0
48
63
84
312
37
8
35
0
23
30
78
177
3
40
869
0
23
71
78
178
41
39
43
0
48
71
78
315
40
5
44
0
23
31
79
247
33
43
872
0
23
71
79
248
44
42
40
0
48
71
79
318
43
35
41
0
35
42
90
90
9
46
875
0
35
83
90
91
47
45
27
0
48
83
90
321
46
11
29
1
10
18
66
162
54
49
878
1
10
58
66
164
50
48
52
1
49
58
66
324
49
56
53
1
10
46
94
138
63
52
881
1
10
58
94
139
53
51
49
1
49
58
94
327
52
65
50
1
14
18
66
162
48
55
884
1
14
62
66
163
56
54
58
1
49
62
66
330
55
50
59
1
14
27
75
141
66
58
887
1
14
62
75
142
59
57
55
1
49
62
75
333
58
68
56
1
17
19
67
205
67
61
890
1
17
65
67
206
62
60
64
1
49
65
67
336
61
68
65
1
17
46
94
207
51
64
893
1
17
65
94
209
65
63
61
1
49
65
94
339
64
53
62
1
19
27
75
204
57
67
896
1
19
67
75
205
68
66
60
1
49
67
75
342
67
59
62
2
13
39
87
186
72
70
899
2
13
61
87
188
71
69
0
2
50
61
87
345
70
74
1
2
30
39
87
180
69
73
902
2
30
78
87
181
74
72
3
2
50
78
87
348
73
71
4
3
4
17
65
100
81
76
905
3
4
52
65
101
77
75
79
3
51
52
65
351
76
83
80
3
4
42
90
9
90
79
908
3
4
52
90
10
80
78
76
3
51
52
90
354
79
92
77
3
9
17
65
160
75
82
911
3
9
57
65
161
83
81
85
3
51
57
65
357
82
77
86
3
9
34
82
159
88
85
914
3
9
57
82
161
86
84
82
3
51
57
82
360
85
89
83
3
34
35
83
268
91
88
917
3
34
82
83
269
89
87
84
3
51
82
83
363
88
92
86
3
35
42
90
45
78
91
920
3
35
83
90
46
92
90
87
3
51
83
90
366
91
80
89
4
7
27
75
141
99
94
923
4
7
55
75
143
95
93
97
4
52
55
75
369
94
101
98
4
7
41
89
144
106
97
926
4
7
55
89
146
98
96
94
4
52
55
89
372
97
107
95
4
17
27
75
204
93
100
929
4
17
65
75
206
101
99
75
4
52
65
75
375
100
95
76
4
36
45
93
273
105
103
932
4
36
84
93
275
104
102
6
4
52
84
93
378
103
107
7
4
41
45
93
132
102
106
935
4
41
89
93
133
107
105
96
4
52
89
93
381
106
104
98
5
25
26
74
259
115
109
938
5
25
73
74
260
110
108
112
5
53
73
74
384
109
116
113
5
25
44
92
195
15
112
941
5
25
73
92
196
113
111
109
5
53
73
92
387
112
16
110
5
26
37
85
258
117
115
944
5
26
74
85
259
116
114
108
5
53
74
85
390
115
119
110
5
32
37
85
264
114
118
947
5
32
80
85
266
119
117
12
5
53
80
85
393
118
116
13
6
22
24
72
235
127
121
950
6
22
70
72
236
122
120
124
6
54
70
72
396
121
128
125
6
22
41
89
219
133
124
953
6
22
70
89
220
125
123
121
6
54
70
89
399
124
134
122
6
24
44
92
156
21
127
956
6
24
72
92
157
128
126
120
6
54
72
92
402
127
22
122
6
38
45
93
273
132
130
959
6
38
86
93
274
131
129
18
6
54
86
93
405
130
134
19
6
41
45
93
105
129
133
962
6
41
89
93
106
134
132
123
6
54
89
93
408
133
131
125
7
10
14
62
163
142
136
965
7
10
58
62
164
137
135
139
7
55
58
62
411
136
143
140
7
10
46
94
51
147
139
968
7
10
58
94
52
140
138
136
7
55
58
94
414
139
149
137
7
14
27
75
57
93
142
971
7
14
62
75
58
143
141
135
7
55
62
75
417
142
94
137
7
32
41
89
231
96
145
974
7
32
80
89
232
146
144
24
7
55
80
89
420
145
97
25
7
35
46
94
267
138
148
977
7
35
83
94
268
149
147
27
7
55
83
94
423
148
140
28
8
11
24
72
166
157
151
980
8
11
59
72
167
152
150
154
8
56
59
72
426
151
158
155
8
11
44
92
168
156
154
983
8
11
59
92
170
155
153
151
8
56
59
92
429
154
158
152
8
24
44
92
126
153
157
986
8
24
72
92
127
158
156
150
8
56
72
92
432
157
155
152
9
17
34
82
208
84
160
989
9
17
65
82
209
161
159
81
9
57
65
82
435
160
85
82
10
14
18
66
54
48
163
992
10
14
62
66
55
164
162
135
10
58
62
66
438
163
49
136
11
24
33
81
252
169
166
995
11
24
72
81
254
167
165
150
11
59
72
81
441
166
170
151
11
33
44
92
201
153
169
998
11
33
81
92
202
170
168
165
11
59
81
92
444
169
154
167
12
20
23
71
211
178
172
1001
12
20
68
71
212
173
171
175
12
60
68
71
447
172
179
176
12
20
38
86
217
184
175
1004
12
20
68
86
218
176
174
172
12
60
68
86
450
175
185
173
12
23
30
78
39
181
178
1007
12
23
71
78
40
179
177
171
12
60
71
78
453
178
182
173
12
30
39
87
72
183
181
1010
12
30
78
87
73
182
180
177
12
60
78
87
456
181
185
179
12
38
39
87
186
180
184
1013
12
38
86
87
187
185
183
174
12
60
86
87
459
184
182
176
13
38
39
87
183
69
187
1016
13
38
86
87
184
188
186
30
13
61
86
87
462
187
70
31
15
31
36
84
246
36
190
1019
15
31
79
84
247
191
189
33
15
63
79
84
465
190
37
34
16
25
37
85
258
198
193
1022
16
25
73
85
260
194
192
196
16
64
73
85
468
193
200
197
16
25
44
92
111
201
196
1025
16
25
73
92
112
197
195
193
16
64
73
92
471
196
203
194
16
33
37
85
264
192
199
1028
16
33
81
85
265
200
198
202
16
64
81
85
474
199
194
203
16
33
44
92
168
195
202
1031
16
33
81
92
169
203
201
199
16
64
81
92
477
202
197
200
17
19
27
75
66
99
205
1034
17
19
67
75
67
206
204
60
17
65
67
75
480
205
100
61
17
34
46
94
267
63
208
1037
17
34
82
94
269
209
207
159
17
65
82
94
483
208
64
160
20
23
29
77
244
214
211
1040
20
23
71
77
245
212
210
171
20
68
71
77
486
211
215
172
20
29
43
91
243
216
214
1043
20
29
77
91
244
215
213
210
20
68
77
91
489
214
218
212
20
38
43
91
270
213
217
1046
20
38
86
91
271
218
216
174
20
68
86
91
492
217
215
175
21
22
41
89
123
231
220
1049
21
22
70
89
124
221
219
223
21
69
70
89
495
220
233
224
21
22
47
95
240
228
223
1052
21
22
70
95
242
224
222
220
21
69
70
95
498
223
230
221
21
28
32
80
262
232
226
1055
21
28
76
80
263
227
225
229
21
69
76
80
501
226
233
230
21
28
47
95
261
222
229
1058
21
28
76
95
263
230
228
226
21
69
76
95
504
229
224
227
21
32
41
89
144
219
232
1061
21
32
80
89
145
233
231
225
21
69
80
89
507
232
221
227
22
24
40
88
255
237
235
1064
22
24
72
88
257
236
234
120
22
70
72
88
510
235
239
121
22
32
40
88
255
234
238
1067
22
32
80
88
256
239
237
241
22
70
80
88
513
238
236
242
22
32
47
95
261
222
241
1070
22
32
80
95
262
242
240
238
22
70
80
95
516
241
223
239
23
29
43
91
213
249
244
1073
23
29
77
91
214
245
243
210
23
71
77
91
519
244
251
211
23
31
36
84
189
250
247
1076
23
31
79
84
190
248
246
42
23
71
79
84
522
247
251
43
23
36
43
91
270
243
250
1079
23
36
84
91
272
251
249
246
23
71
84
91
525
250
245
248
24
32
33
81
265
165
253
1082
24
32
80
81
266
254
252
256
24
72
80
81
528
253
166
257
24
32
40
88
237
234
256
1085
24
32
80
88
238
257
255
253
24
72
80
88
531
256
235
254
25
26
37
85
114
192
259
1088
25
26
74
85
115
260
258
108
25
73
74
85
534
259
193
109
28
32
47
95
240
228
262
1091
28
32
80
95
241
263
261
225
28
76
80
95
537
262
229
226
32
33
37
85
198
117
265
1094
32
33
81
85
199
266
264
252
32
80
81
85
540
265
118
253
34
35
46
94
147
207
268
1097
34
35
83
94
148
269
267
87
34
82
83
94
543
268
208
88
36
38
43
91
216
249
271
1100
36
38
86
91
217
272
270
274
36
84
86
91
546
271
250
275
36
38
45
93
129
102
274
1103
36
38
86
93
130
275
273
271
36
84
86
93
549
274
103
272
48
50
61
109
346
307
277
2
48
50
98
109
347
278
276
280
48
96
98
109
552
277
308
281
48
50
78
126
349
315
280
5
48
50
98
126
350
281
279
277
48
96
98
126
555
280
317
278
48
52
84
132
379
312
283
8
48
52
100
132
380
284
282
286
48
96
100
132
558
283
314
287
48
52
90
138
354
321
286
11
48
52
100
138
355
287
285
283
48
96
100
138
561
286
323
284
48
53
80
128
394
300
289
14
48
53
101
128
395
290
288
292
48
96
101
128
564
289
302
293
48
53
92
140
387
297
292
17
48
53
101
140
389
293
291
289
48
96
101
140
567
292
299
290
48
54
86
134
406
306
295
20
48
54
102
134
407
296
294
298
48
96
102
134
570
295
308
299
48
54
92
140
402
291
298
23
48
54
102
140
404
299
297
295
48
96
102
140
573
298
293
296
48
55
80
128
421
288
301
26
48
55
103
128
422
302
300
304
48
96
103
128
576
301
290
305
48
55
83
131
424
322
304
29
48
55
103
131
425
305
303
301
48
96
103
131
579
304
323
302
48
61
86
134
463
294
307
32
48
61
109
134
464
308
306
276
48
96
109
134
582
307
296
278
48
63
79
127
466
318
310
35
48
63
111
127
467
311
309
313
48
96
111
127
585
310
320
314
48
63
84
132
465
282
313
38
48
63
111
132
467
314
312
310
48
96
111
132
588
313
284
311
48
71
78
126
453
279
316
41
48
71
119
126
454
317
315
319
48
96
119
126
591
316
281
320
48
71
79
127
523
309
319
44
48
71
119
127
524
320
318
316
48
96
119
127
594
319
311
317
48
83
90
138
366
285
322
47
48
83
131
138
367
323
321
303
48
96
131
138
597
322
287
305
49
58
66
114
438
330
325
50
49
58
106
114
440
326
324
328
49
97
106
114
600
325
332
329
49
58
94
142
414
339
328
53
49
58
106
142
415
329
327
325
49
97
106
142
603
328
341
326
49
62
66
114
438
324
331
56
49
62
110
114
439
332
330
334
49
97
110
114
606
331
326
335
49
62
75
123
417
342
334
59
49
62
110
123
418
335
333
331
49
97
110
123
609
334
344
332
49
65
67
115
481
343
337
62
49
65
113
115
482
338
336
340
49
97
113
115
612
337
344
341
49
65
94
142
483
327
340
65
49
65
113
142
485
341
339
337
49
97
113
142
615
340
329
338
49
67
75
123
480
333
343
68
49
67
115
123
481
344
342
336
49
97
115
123
618
343
335
338
50
61
87
135
462
348
346
71
50
61
109
135
464
347
345
276
50
98
109
135
621
346
350
277
50
78
87
135
456
345
349
74
50
78
126
135
457
350
348
279
50
98
126
135
624
349
347
280
51
52
65
113
376
357
352
77
51
52
100
113
377
353
351
355
51
99
100
113
627
352
359
356
51
52
90
138
285
366
355
80
51
52
100
138
286
356
354
352
51
99
100
138
630
355
368
353
51
57
65
113
436
351
358
83
51
57
105
113
437
359
357
361
51
99
105
113
633
358
353
362
51
57
82
130
435
364
361
86
51
57
105
130
437
362
360
358
51
99
105
130
636
361
365
359
51
82
83
131
544
367
364
89
51
82
130
131
545
365
363
360
51
99
130
131
639
364
368
362
51
83
90
138
321
354
367
92
51
83
131
138
322
368
366
363
51
99
131
138
642
367
356
365
52
55
75
123
417
375
370
95
52
55
103
123
419
371
369
373
52
100
103
123
645
370
377
374
52
55
89
137
420
382
373
98
52
55
103
137
422
374
372
370
52
100
103
137
648
373
383
371
52
65
75
123
480
369
376
101
52
65
113
123
482
377
375
351
52
100
113
123
651
376
371
352
52
84
93
141
549
381
379
104
52
84
132
141
551
380
378
282
52
100
132
141
654
379
383
283
52
89
93
141
408
378
382
107
52
89
137
141
409
383
381
372
52
100
137
141
657
382
380
374
53
73
74
122
535
391
385
110
53
73
121
122
536
386
384
388
53
101
121
122
660
385
392
389
53
73
92
140
471
291
388
113
53
73
121
140
472
389
387
385
53
101
121
140
663
388
292
386
53
74
85
133
534
393
391
116
53
74
122
133
535
392
390
384
53
101
122
133
666
391
395
386
53
80
85
133
540
390
394
119
53
80
128
133
542
395
393
288
53
101
128
133
669
394
392
289
54
70
72
120
511
403
397
122
54
70
118
120
512
398
396
400
54
102
118
120
672
397
404
401
54
70
89
137
495
409
400
125
54
70
118
137
496
401
399
397
54
102
118
137
675
400
410
398
54
72
92
140
432
297
403
128
54
72
120
140
433
404
402
396
54
102
120
140
678
403
298
398
54
86
93
141
549
408
406
131
54
86
134
141
550
407
405
294
54
102
134
141
681
406
410
295
54
89
93
141
381
405
409
134
54
89
137
141
382
410
408
399
54
102
137
141
684
409
407
401
55
58
62
110
439
418
412
137
55
58
106
110
440
413
411
415
55
103
106
110
687
412
419
416
55
58
94
142
327
423
415
140
55
58
106
142
328
416
414
412
55
103
106
142
690
415
425
413
55
62
75
123
333
369
418
143
55
62
110
123
334
419
417
411
55
103
110
123
693
418
370
413
55
80
89
137
507
372
421
146
55
80
128
137
508
422
420
300
55
103
128
137
696
421
373
301
55
83
94
142
543
414
424
149
55
83
131
142
544
425
423
303
55
103
131
142
699
424
416
304
56
59
72
120
442
433
427
152
56
59
107
120
443
428
426
430
56
104
107
120
702
427
434
431
56
59
92
140
444
432
430
155
56
59
107
140
446
431
429
427
56
104
107
140
705
430
434
428
56
72
92
140
402
429
433
158
56
72
120
140
403
434
432
426
56
104
120
140
708
433
431
428
57
65
82
130
484
360
436
161
57
65
113
130
485
437
435
357
57
105
113
130
711
436
361
358
58
62
66
114
330
324
439
164
58
62
110
114
331
440
438
411
58
106
110
114
714
439
325
412
59
72
81
129
528
445
442
167
59
72
120
129
530
443
441
426
59
107
120
129
717
442
446
427
59
81
92
140
477
429
445
170
59
81
129
140
478
446
444
441
59
107
129
140
720
445
430
443
60
68
71
119
487
454
448
173
60
68
116
119
488
449
447
451
60
108
116
119
723
448
455
452
60
68
86
134
493
460
451
176
60
68
116
134
494
452
450
448
60
108
116
134
726
451
461
449
60
71
78
126
315
457
454
179
60
71
119
126
316
455
453
447
60
108
119
126
729
454
458
449
60
78
87
135
348
459
457
182
60
78
126
135
349
458
456
453
60
108
126
135
732
457
461
455
60
86
87
135
462
456
460
185
60
86
134
135
463
461
459
450
60
108
134
135
735
460
458
452
61
86
87
135
459
345
463
188
61
86
134
135
460
464
462
306
61
109
134
135
738
463
346
307
63
79
84
132
522
312
466
191
63
79
127
132
523
467
465
309
63
111
127
132
741
466
313
310
64
73
85
133
534
474
469
194
64
73
121
133
536
470
468
472
64
112
121
133
744
469
476
473
64
73
92
140
387
477
472
197
64
73
121
140
388
473
471
469
64
112
121
140
747
472
479
470
64
81
85
133
540
468
475
200
64
81
129
133
541
476
474
478
64
112
129
133
750
475
470
479
64
81
92
140
444
471
478
203
64
81
129
140
445
479
477
475
64
112
129
140
753
478
473
476
65
67
75
123
342
375
481
206
65
67
115
123
343
482
480
336
65
113
115
123
756
481
376
337
65
82
94
142
543
339
484
209
65
82
130
142
545
485
483
435
65
113
130
142
759
484
340
436
68
71
77
125
520
490
487
212
68
71
119
125
521
488
486
447
68
116
119
125
762
487
491
448
68
77
91
139
519
492
490
215
68
77
125
139
520
491
489
486
68
116
125
139
765
490
494
488
68
86
91
139
546
489
493
218
68
86
134
139
547
494
492
450
68
116
134
139
768
493
491
451
69
70
89
137
399
507
496
221
69
70
118
137
400
497
495
499
69
117
118
137
771
496
509
500
69
70
95
143
516
504
499
224
69
70
118
143
518
500
498
496
69
117
118
143
774
499
506
497
69
76
80
128
538
508
502
227
69
76
124
128
539
503
501
505
69
117
124
128
777
502
509
506
69
76
95
143
537
498
505
230
69
76
124
143
539
506
504
502
69
117
124
143
780
505
500
503
69
80
89
137
420
495
508
233
69
80
128
137
421
509
507
501
69
117
128
137
783
508
497
503
70
72
88
136
531
513
511
236
70
72
120
136
533
512
510
396
70
118
120
136
786
511
515
397
70
80
88
136
531
510
514
239
70
80
128
136
532
515
513
517
70
118
128
136
789
514
512
518
70
80
95
143
537
498
517
242
70
80
128
143
538
518
516
514
70
118
128
143
792
517
499
515
71
77
91
139
489
525
520
245
71
77
125
139
490
521
519
486
71
119
125
139
795
520
527
487
71
79
84
132
465
526
523
248
71
79
127
132
466
524
522
318
71
119
127
132
798
523
527
319
71
84
91
139
546
519
526
251
71
84
132
139
548
527
525
522
71
119
132
139
801
526
521
524
72
80
81
129
541
441
529
254
72
80
128
129
542
530
528
532
72
120
128
129
804
529
442
533
72
80
88
136
513
510
532
257
72
80
128
136
514
533
531
529
72
120
128
136
807
532
511
530
73
74
85
133
390
468
535
260
73
74
122
133
391
536
534
384
73
121
122
133
810
535
469
385
76
80
95
143
516
504
538
263
76
80
128
143
517
539
537
501
76
124
128
143
813
538
505
502
80
81
85
133
474
393
541
266
80
81
129
133
475
542
540
528
80
128
129
133
816
541
394
529
82
83
94
142
423
483
544
269
82
83
131
142
424
545
543
363
82
130
131
142
819
544
484
364
84
86
91
139
492
525
547
272
84
86
134
139
493
548
546
550
84
132
134
139
822
547
526
551
84
86
93
141
405
378
550
275
84
86
134
141
406
551
549
547
84
132
134
141
825
550
379
548
96
98
109
157
622
583
553
278
96
98
146
157
623
554
552
556
96
144
146
157
828
553
584
557
96
98
126
174
625
591
556
281
96
98
146
174
626
557
555
553
96
144
146
174
831
556
593
554
96
100
132
180
655
588
559
284
96
100
148
180
656
560
558
562
96
144
148
180
834
559
590
563
96
100
138
186
630
597
562
287
96
100
148
186
631
563
561
559
96
144
148
186
837
562
599
560
96
101
128
176
670
576
565
290
96
101
149
176
671
566
564
568
96
144
149
176
840
565
578
569
96
101
140
188
663
573
568
293
96
101
149
188
665
569
567
565
96
144
149
188
843
568
575
566
96
102
134
182
682
582
571
296
96
102
150
182
683
572
570
574
96
144
150
182
846
571
584
575
96
102
140
188
678
567
574
299
96
102
150
188
680
575
573
571
96
144
150
188
849
574
569
572
96
103
128
176
697
564
577
302
96
103
151
176
698
578
576
580
96
144
151
176
852
577
566
581
96
103
131
179
700
598
580
305
96
103
151
179
701
581
579
577
96
144
151
179
855
580
599
578
96
109
134
182
739
570
583
308
96
109
157
182
740
584
582
552
96
144
157
182
858
583
572
554
96
111
127
175
742
594
586
311
96
111
159
175
743
587
585
589
96
144
159
175
861
586
596
590
96
111
132
180
741
558
589
314
96
111
159
180
743
590
588
586
96
144
159
180
864
589
560
587
96
119
126
174
729
555
592
317
96
119
167
174
730
593
591
595
96
144
167
174
867
592
557
596
96
119
127
175
799
585
595
320
96
119
167
175
800
596
594
592
96
144
167
175
870
595
587
593
96
131
138
186
642
561
598
323
96
131
179
186
643
599
597
579
96
144
179
186
873
598
563
581
97
106
114
162
714
606
601
326
97
106
154
162
716
602
600
604
97
145
154
162
876
601
608
605
97
106
142
190
690
615
604
329
97
106
154
190
691
605
603
601
97
145
154
190
879
604
617
602
97
110
114
162
714
600
607
332
97
110
158
162
715
608
606
610
97
145
158
162
882
607
602
611
97
110
123
171
693
618
610
335
97
110
158
171
694
611
609
607
97
145
158
171
885
610
620
608
97
113
115
163
757
619
613
338
97
113
161
163
758
614
612
616
97
145
161
163
888
613
620
617
97
113
142
190
759
603
616
341
97
113
161
190
761
617
615
613
97
145
161
190
891
616
605
614
97
115
123
171
756
609
619
344
97
115
163
171
757
620
618
612
97
145
163
171
894
619
611
614
98
109
135
183
738
624
622
347
98
109
157
183
740
623
621
552
98
146
157
183
897
622
626
553
98
126
135
183
732
621
625
350
98
126
174
183
733
626
624
555
98
146
174
183
900
625
623
556
99
100
113
161
652
633
628
353
99
100
148
161
653
629
627
631
99
147
148
161
903
628
635
632
99
100
138
186
561
642
631
356
99
100
148
186
562
632
630
628
99
147
148
186
906
631
644
629
99
105
113
161
712
627
634
359
99
105
153
161
713
635
633
637
99
147
153
161
909
634
629
638
99
105
130
178
711
640
637
362
99
105
153
178
713
638
636
634
99
147
153
178
912
637
641
635
99
130
131
179
820
643
640
365
99
130
178
179
821
641
639
636
99
147
178
179
915
640
644
638
99
131
138
186
597
630
643
368
99
131
179
186
598
644
642
639
99
147
179
186
918
643
632
641
100
103
123
171
693
651
646
371
100
103
151
171
695
647
645
649
100
148
151
171
921
646
653
650
100
103
137
185
696
658
649
374
100
103
151
185
698
650
648
646
100
148
151
185
924
649
659
647
100
113
123
171
756
645
652
377
100
113
161
171
758
653
651
627
100
148
161
171
927
652
647
628
100
132
141
189
825
657
655
380
100
132
180
189
827
656
654
558
100
148
180
189
930
655
659
559
100
137
141
189
684
654
658
383
100
137
185
189
685
659
657
648
100
148
185
189
933
658
656
650
101
121
122
170
811
667
661
386
101
121
169
170
812
662
660
664
101
149
169
170
936
661
668
665
101
121
140
188
747
567
664
389
101
121
169
188
748
665
663
661
101
149
169
188
939
664
568
662
101
122
133
181
810
669
667
392
101
122
170
181
811
668
666
660
101
149
170
181
942
667
671
662
101
128
133
181
816
666
670
395
101
128
176
181
818
671
669
564
101
149
176
181
945
670
668
565
102
118
120
168
787
679
673
398
102
118
166
168
788
674
672
676
102
150
166
168
948
673
680
677
102
118
137
185
771
685
676
401
102
118
166
185
772
677
675
673
102
150
166
185
951
676
686
674
102
120
140
188
708
573
679
404
102
120
168
188
709
680
678
672
102
150
168
188
954
679
574
674
102
134
141
189
825
684
682
407
102
134
182
189
826
683
681
570
102
150
182
189
957
682
686
571
102
137
141
189
657
681
685
410
102
137
185
189
658
686
684
675
102
150
185
189
960
685
683
677
103
106
110
158
715
694
688
413
103
106
154
158
716
689
687
691
103
151
154
158
963
688
695
692
103
106
142
190
603
699
691
416
103
106
154
190
604
692
690
688
103
151
154
190
966
691
701
689
103
110
123
171
609
645
694
419
103
110
158
171
610
695
693
687
103
151
158
171
969
694
646
689
103
128
137
185
783
648
697
422
103
128
176
185
784
698
696
576
103
151
176
185
972
697
649
577
103
131
142
190
819
690
700
425
103
131
179
190
820
701
699
579
103
151
179
190
975
700
692
580
104
107
120
168
718
709
703
428
104
107
155
168
719
704
702
706
104
152
155
168
978
703
710
707
104
107
140
188
720
708
706
431
104
107
155
188
722
707
705
703
104
152
155
188
981
706
710
704
104
120
140
188
678
705
709
434
104
120
168
188
679
710
708
702
104
152
168
188
984
709
707
704
105
113
130
178
760
636
712
437
105
113
161
178
761
713
711
633
105
153
161
178
987
712
637
634
106
110
114
162
606
600
715
440
106
110
158
162
607
716
714
687
106
154
158
162
990
715
601
688
107
120
129
177
804
721
718
443
107
120
168
177
806
719
717
702
107
155
168
177
993
718
722
703
107
129
140
188
753
705
721
446
107
129
177
188
754
722
720
717
107
155
177
188
996
721
706
719
108
116
119
167
763
730
724
449
108
116
164
167
764
725
723
727
108
156
164
167
999
724
731
728
108
116
134
182
769
736
727
452
108
116
164
182
770
728
726
724
108
156
164
182
1002
727
737
725
108
119
126
174
591
733
730
455
108
119
167
174
592
731
729
723
108
156
167
174
1005
730
734
725
108
126
135
183
624
735
733
458
108
126
174
183
625
734
732
729
108
156
174
183
1008
733
737
731
108
134
135
183
738
732
736
461
108
134
182
183
739
737
735
726
108
156
182
183
1011
736
734
728
109
134
135
183
735
621
739
464
109
134
182
183
736
740
738
582
109
157
182
183
1014
739
622
583
111
127
132
180
798
588
742
467
111
127
175
180
799
743
741
585
111
159
175
180
1017
742
589
586
112
121
133
181
810
750
745
470
112
121
169
181
812
746
744
748
112
160
169
181
1020
745
752
749
112
121
140
188
663
753
748
473
112
121
169
188
664
749
747
745
112
160
169
188
1023
748
755
746
112
129
133
181
816
744
751
476
112
129
177
181
817
752
750
754
112
160
177
181
1026
751
746
755
112
129
140
188
720
747
754
479
112
129
177
188
721
755
753
751
112
160
177
188
1029
754
749
752
113
115
123
171
618
651
757
482
113
115
163
171
619
758
756
612
113
161
163
171
1032
757
652
613
113
130
142
190
819
615
760
485
113
130
178
190
821
761
759
711
113
161
178
190
1035
760
616
712
116
119
125
173
796
766
763
488
116
119
167
173
797
764
762
723
116
164
167
173
1038
763
767
724
116
125
139
187
795
768
766
491
116
125
173
187
796
767
765
762
116
164
173
187
1041
766
770
764
116
134
139
187
822
765
769
494
116
134
182
187
823
770
768
726
116
164
182
187
1044
769
767
727
117
118
137
185
675
783
772
497
117
118
166
185
676
773
771
775
117
165
166
185
1047
772
785
776
117
118
143
191
792
780
775
500
117
118
166
191
794
776
774
772
117
165
166
191
1050
775
782
773
117
124
128
176
814
784
778
503
117
124
172
176
815
779
777
781
117
165
172
176
1053
778
785
782
117
124
143
191
813
774
781
506
117
124
172
191
815
782
780
778
117
165
172
191
1056
781
776
779
117
128
137
185
696
771
784
509
117
128
176
185
697
785
783
777
117
165
176
185
1059
784
773
779
118
120
136
184
807
789
787
512
118
120
168
184
809
788
786
672
118
166
168
184
1062
787
791
673
118
128
136
184
807
786
790
515
118
128
176
184
808
791
789
793
118
166
176
184
1065
790
788
794
118
128
143
191
813
774
793
518
118
128
176
191
814
794
792
790
118
166
176
191
1068
793
775
791
119
125
139
187
765
801
796
521
119
125
173
187
766
797
795
762
119
167
173
187
1071
796
803
763
119
127
132
180
741
802
799
524
119
127
175
180
742
800
798
594
119
167
175
180
1074
799
803
595
119
132
139
187
822
795
802
527
119
132
180
187
824
803
801
798
119
167
180
187
1077
802
797
800
120
128
129
177
817
717
805
530
120
128
176
177
818
806
804
808
120
168
176
177
1080
805
718
809
120
128
136
184
789
786
808
533
120
128
176
184
790
809
807
805
120
168
176
184
1083
808
787
806
121
122
133
181
666
744
811
536
121
122
170
181
667
812
810
660
121
169
170
181
1086
811
745
661
124
128
143
191
792
780
814
539
124
128
176
191
793
815
813
777
124
172
176
191
1089
814
781
778
128
129
133
181
750
669
817
542
128
129
177
181
751
818
816
804
128
176
177
181
1092
817
670
805
130
131
142
190
699
759
820
545
130
131
179
190
700
821
819
639
130
178
179
190
1095
820
760
640
132
134
139
187
768
801
823
548
132
134
182
187
769
824
822
826
132
180
182
187
1098
823
802
827
132
134
141
189
681
654
826
551
132
134
182
189
682
827
825
823
132
180
182
189
1101
826
655
824
144
146
157
13
898
859
829
554
144
146
2
13
899
830
828
832
144
0
2
13
0
829
860
833
144
146
174
30
901
867
832
557
144
146
2
30
902
833
831
829
144
0
2
30
3
832
869
830
144
148
180
36
931
864
835
560
144
148
4
36
932
836
834
838
144
0
4
36
6
835
866
839
144
148
186
42
906
873
838
563
144
148
4
42
907
839
837
835
144
0
4
42
9
838
875
836
144
149
176
32
946
852
841
566
144
149
5
32
947
842
840
844
144
0
5
32
12
841
854
845
144
149
188
44
939
849
844
569
144
149
5
44
941
845
843
841
144
0
5
44
15
844
851
842
144
150
182
38
958
858
847
572
144
150
6
38
959
848
846
850
144
0
6
38
18
847
860
851
144
150
188
44
954
843
850
575
144
150
6
44
956
851
849
847
144
0
6
44
21
850
845
848
144
151
176
32
973
840
853
578
144
151
7
32
974
854
852
856
144
0
7
32
24
853
842
857
144
151
179
35
976
874
856
581
144
151
7
35
977
857
855
853
144
0
7
35
27
856
875
854
144
157
182
38
1015
846
859
584
144
157
13
38
1016
860
858
828
144
0
13
38
30
859
848
830
144
159
175
31
1018
870
862
587
144
159
15
31
1019
863
861
865
144
0
15
31
33
862
872
866
144
159
180
36
1017
834
865
590
144
159
15
36
1019
866
864
862
144
0
15
36
36
865
836
863
144
167
174
30
1005
831
868
593
144
167
23
30
1006
869
867
871
144
0
23
30
39
868
833
872
144
167
175
31
1075
861
871
596
144
167
23
31
1076
872
870
868
144
0
23
31
42
871
863
869
144
179
186
42
918
837
874
599
144
179
35
42
919
875
873
855
144
0
35
42
45
874
839
857
145
154
162
18
990
882
877
602
145
154
10
18
992
878
876
880
145
1
10
18
48
877
884
881
145
154
190
46
966
891
880
605
145
154
10
46
967
881
879
877
145
1
10
46
51
880
893
878
145
158
162
18
990
876
883
608
145
158
14
18
991
884
882
886
145
1
14
18
54
883
878
887
145
158
171
27
969
894
886
611
145
158
14
27
970
887
885
883
145
1
14
27
57
886
896
884
145
161
163
19
1033
895
889
614
145
161
17
19
1034
890
888
892
145
1
17
19
60
889
896
893
145
161
190
46
1035
879
892
617
145
161
17
46
1037
893
891
889
145
1
17
46
63
892
881
890
145
163
171
27
1032
885
895
620
145
163
19
27
1033
896
894
888
145
1
19
27
66
895
887
890
146
157
183
39
1014
900
898
623
146
157
13
39
1016
899
897
828
146
2
13
39
69
898
902
829
146
174
183
39
1008
897
901
626
146
174
30
39
1009
902
900
831
146
2
30
39
72
901
899
832
147
148
161
17
928
909
904
629
147
148
4
17
929
905
903
907
147
3
4
17
75
904
911
908
147
148
186
42
837
918
907
632
147
148
4
42
838
908
906
904
147
3
4
42
78
907
920
905
147
153
161
17
988
903
910
635
147
153
9
17
989
911
909
913
147
3
9
17
81
910
905
914
147
153
178
34
987
916
913
638
147
153
9
34
989
914
912
910
147
3
9
34
84
913
917
911
147
178
179
35
1096
919
916
641
147
178
34
35
1097
917
915
912
147
3
34
35
87
916
920
914
147
179
186
42
873
906
919
644
147
179
35
42
874
920
918
915
147
3
35
42
90
919
908
917
148
151
171
27
969
927
922
647
148
151
7
27
971
923
921
925
148
4
7
27
93
922
929
926
148
151
185
41
972
934
925
650
148
151
7
41
974
926
924
922
148
4
7
41
96
925
935
923
148
161
171
27
1032
921
928
653
148
161
17
27
1034
929
927
903
148
4
17
27
99
928
923
904
148
180
189
45
1101
933
931
656
148
180
36
45
1103
932
930
834
148
4
36
45
102
931
935
835
148
185
189
45
960
930
934
659
148
185
41
45
961
935
933
924
148
4
41
45
105
934
932
926
149
169
170
26
1087
943
937
662
149
169
25
26
1088
938
936
940
149
5
25
26
108
937
944
941
149
169
188
44
1023
843
940
665
149
169
25
44
1024
941
939
937
149
5
25
44
111
940
844
938
149
170
181
37
1086
945
943
668
149
170
26
37
1087
944
942
936
149
5
26
37
114
943
947
938
149
176
181
37
1092
942
946
671
149
176
32
37
1094
947
945
840
149
5
32
37
117
946
944
841
150
166
168
24
1063
955
949
674
150
166
22
24
1064
950
948
952
150
6
22
24
120
949
956
953
150
166
185
41
1047
961
952
677
150
166
22
41
1048
953
951
949
150
6
22
41
123
952
962
950
150
168
188
44
984
849
955
680
150
168
24
44
985
956
954
948
150
6
24
44
126
955
850
950
150
182
189
45
1101
960
958
683
150
182
38
45
1102
959
957
846
150
6
38
45
129
958
962
847
150
185
189
45
933
957
961
686
150
185
41
45
934
962
960
951
150
6
41
45
132
961
959
953
151
154
158
14
991
970
964
689
151
154
10
14
992
965
963
967
151
7
10
14
135
964
971
968
151
154
190
46
879
975
967
692
151
154
10
46
880
968
966
964
151
7
10
46
138
967
977
965
151
158
171
27
885
921
970
695
151
158
14
27
886
971
969
963
151
7
14
27
141
970
922
965
151
176
185
41
1059
924
973
698
151
176
32
41
1060
974
972
852
151
7
32
41
144
973
925
853
151
179
190
46
1095
966
976
701
151
179
35
46
1096
977
975
855
151
7
35
46
147
976
968
856
152
155
168
24
994
985
979
704
152
155
11
24
995
980
978
982
152
8
11
24
150
979
986
983
152
155
188
44
996
984
982
707
152
155
11
44
998
983
981
979
152
8
11
44
153
982
986
980
152
168
188
44
954
981
985
710
152
168
24
44
955
986
984
978
152
8
24
44
156
985
983
980
153
161
178
34
1036
912
988
713
153
161
17
34
1037
989
987
909
153
9
17
34
159
988
913
910
154
158
162
18
882
876
991
716
154
158
14
18
883
992
990
963
154
10
14
18
162
991
877
964
155
168
177
33
1080
997
994
719
155
168
24
33
1082
995
993
978
155
11
24
33
165
994
998
979
155
177
188
44
1029
981
997
722
155
177
33
44
1030
998
996
993
155
11
33
44
168
997
982
995
156
164
167
23
1039
1006
1000
725
156
164
20
23
1040
1001
999
1003
156
12
20
23
171
1000
1007
1004
156
164
182
38
1045
1012
1003
728
156
164
20
38
1046
1004
1002
1000
156
12
20
38
174
1003
1013
1001
156
167
174
30
867
1009
1006
731
156
167
23
30
868
1007
1005
999
156
12
23
30
177
1006
1010
1001
156
174
183
39
900
1011
1009
734
156
174
30
39
901
1010
1008
1005
156
12
30
39
180
1009
1013
1007
156
182
183
39
1014
1008
1012
737
156
182
38
39
1015
1013
1011
1002
156
12
38
39
183
1012
1010
1004
157
182
183
39
1011
897
1015
740
157
182
38
39
1012
1016
1014
858
157
13
38
39
186
1015
898
859
159
175
180
36
1074
864
1018
743
159
175
31
36
1075
1019
1017
861
159
15
31
36
189
1018
865
862
160
169
181
37
1086
1026
1021
746
160
169
25
37
1088
1022
1020
1024
160
16
25
37
192
1021
1028
1025
160
169
188
44
939
1029
1024
749
160
169
25
44
940
1025
1023
1021
160
16
25
44
195
1024
1031
1022
160
177
181
37
1092
1020
1027
752
160
177
33
37
1093
1028
1026
1030
160
16
33
37
198
1027
1022
1031
160
177
188
44
996
1023
1030
755
160
177
33
44
997
1031
1029
1027
160
16
33
44
201
1030
1025
1028
161
163
171
27
894
927
1033
758
161
163
19
27
895
1034
1032
888
161
17
19
27
204
1033
928
889
161
178
190
46
1095
891
1036
761
161
178
34
46
1097
1037
1035
987
161
17
34
46
207
1036
892
988
164
167
173
29
1072
1042
1039
764
164
167
23
29
1073
1040
1038
999
164
20
23
29
210
1039
1043
1000
164
173
187
43
1071
1044
1042
767
164
173
29
43
1072
1043
1041
1038
164
20
29
43
213
1042
1046
1040
164
182
187
43
1098
1041
1045
770
164
182
38
43
1099
1046
1044
1002
164
20
38
43
216
1045
1043
1003
165
166
185
41
951
1059
1048
773
165
166
22
41
952
1049
1047
1051
165
21
22
41
219
1048
1061
1052
165
166
191
47
1068
1056
1051
776
165
166
22
47
1070
1052
1050
1048
165
21
22
47
222
1051
1058
1049
165
172
176
32
1090
1060
1054
779
165
172
28
32
1091
1055
1053
1057
165
21
28
32
225
1054
1061
1058
165
172
191
47
1089
1050
1057
782
165
172
28
47
1091
1058
1056
1054
165
21
28
47
228
1057
1052
1055
165
176
185
41
972
1047
1060
785
165
176
32
41
973
1061
1059
1053
165
21
32
41
231
1060
1049
1055
166
168
184
40
1083
1065
1063
788
166
168
24
40
1085
1064
1062
948
166
22
24
40
234
1063
1067
949
166
176
184
40
1083
1062
1066
791
166
176
32
40
1084
1067
1065
1069
166
22
32
40
237
1066
1064
1070
166
176
191
47
1089
1050
1069
794
166
176
32
47
1090
1070
1068
1066
166
22
32
47
240
1069
1051
1067
167
173
187
43
1041
1077
1072
797
167
173
29
43
1042
1073
1071
1038
167
23
29
43
243
1072
1079
1039
167
175
180
36
1017
1078
1075
800
167
175
31
36
1018
1076
1074
870
167
23
31
36
246
1075
1079
871
167
180
187
43
1098
1071
1078
803
167
180
36
43
1100
1079
1077
1074
167
23
36
43
249
1078
1073
1076
168
176
177
33
1093
993
1081
806
168
176
32
33
1094
1082
1080
1084
168
24
32
33
252
1081
994
1085
168
176
184
40
1065
1062
1084
809
168
176
32
40
1066
1085
1083
1081
168
24
32
40
255
1084
1063
1082
169
170
181
37
942
1020
1087
812
169
170
26
37
943
1088
1086
936
169
25
26
37
258
1087
1021
937
172
176
191
47
1068
1056
1090
815
172
176
32
47
1069
1091
1089
1053
172
28
32
47
261
1090
1057
1054
176
177
181
37
1026
945
1093
818
176
177
33
37
1027
1094
1092
1080
176
32
33
37
264
1093
946
1081
178
179
190
46
975
1035
1096
821
178
179
35
46
976
1097
1095
915
178
34
35
46
267
1096
1036
916
180
182
187
43
1044
1077
1099
824
180
182
38
43
1045
1100
1098
1102
180
36
38
43
270
1099
1078
1103
180
182
189
45
957
930
1102
827
180
182
38
45
958
1103
1101
1099
180
36
38
45
273
1102
931
1100
1104
