1
96
0
0
0
0
0
0
0
0
0
0
0
0
0
0
0
0
0
0
0
0
0
0
0
0
1
1
1
1
1
1
1
1
1
1
1
1
1
1
1
1
1
1
1
1
1
1
1
1
2
2
2
2
2
2
2
2
2
2
2
2
2
2
2
2
2
2
2
2
2
2
2
2
3
3
3
3
3
3
3
3
3
3
3
3
3
3
3
3
3
3
3
3
3
3
3
3
96
528
0
8
12
36
94
7
1
398
0
8
32
36
95
2
0
4
0
24
32
36
132
1
8
5
0
8
22
46
81
6
4
401
0
8
32
46
82
5
3
1
0
24
32
46
135
4
8
2
0
12
22
46
87
3
7
404
0
12
36
46
88
8
6
0
0
24
36
46
138
7
5
2
1
2
4
28
37
16
10
407
1
2
26
28
38
11
9
13
1
25
26
28
141
10
17
14
1
2
17
41
33
25
13
410
1
2
26
41
35
14
12
10
1
25
26
41
144
13
26
11
1
4
16
40
36
18
16
413
1
4
28
40
37
17
15
9
1
25
28
40
147
16
20
11
1
15
16
40
108
15
19
416
1
15
39
40
109
20
18
22
1
25
39
40
150
19
17
23
1
15
18
42
120
28
22
419
1
15
39
42
121
23
21
19
1
25
39
42
153
22
29
20
1
17
21
45
126
27
25
422
1
17
41
45
127
26
24
12
1
25
41
45
156
25
29
14
1
18
21
45
129
24
28
425
1
18
42
45
130
29
27
21
1
25
42
45
159
28
26
23
2
3
6
30
61
46
31
428
2
3
27
30
62
32
30
34
2
26
27
30
162
31
47
35
2
3
17
41
60
12
34
431
2
3
27
41
62
35
33
31
2
26
27
41
165
34
13
32
2
4
16
40
15
51
37
434
2
4
28
40
16
38
36
9
2
26
28
40
168
37
53
10
2
5
10
34
64
48
40
437
2
5
29
34
65
41
39
43
2
26
29
34
171
40
50
44
2
5
14
38
70
58
43
440
2
5
29
38
71
44
42
40
2
26
29
38
174
43
59
41
2
6
13
37
73
55
46
443
2
6
30
37
74
47
45
30
2
26
30
37
177
46
56
32
2
9
10
34
103
39
49
446
2
9
33
34
104
50
48
52
2
26
33
34
180
49
41
53
2
9
16
40
108
36
52
449
2
9
33
40
110
53
51
49
2
26
33
40
183
52
38
50
2
13
19
43
66
57
55
452
2
13
37
43
67
56
54
45
2
26
37
43
186
55
59
47
2
14
19
43
69
54
58
455
2
14
38
43
70
59
57
42
2
26
38
43
189
58
56
44
3
6
17
41
75
33
61
458
3
6
30
41
77
62
60
30
3
27
30
41
192
61
34
31
5
10
13
37
114
67
64
461
5
10
34
37
116
65
63
39
5
29
34
37
195
64
68
40
5
13
19
43
54
69
67
464
5
13
37
43
55
68
66
63
5
29
37
43
198
67
71
65
5
14
19
43
57
66
70
467
5
14
38
43
58
71
69
42
5
29
38
43
201
70
68
43
6
13
20
44
117
78
73
470
6
13
37
44
118
74
72
45
6
30
37
44
204
73
80
46
6
15
17
41
96
60
76
473
6
15
39
41
97
77
75
79
6
30
39
41
207
76
61
80
6
15
20
44
111
72
79
476
6
15
39
44
112
80
78
76
6
30
39
44
210
79
74
77
7
8
22
46
3
87
82
479
7
8
32
46
4
83
81
85
7
31
32
46
213
82
89
86
7
8
23
47
99
90
85
482
7
8
32
47
101
86
84
82
7
31
32
47
216
85
92
83
7
12
22
46
6
81
88
485
7
12
36
46
7
89
87
91
7
31
36
46
219
88
83
92
7
12
23
47
123
84
91
488
7
12
36
47
125
92
90
88
7
31
36
47
222
91
86
89
8
12
17
41
127
96
94
491
8
12
36
41
128
95
93
0
8
32
36
41
225
94
98
1
8
15
17
41
75
93
97
494
8
15
39
41
76
98
96
100
8
32
39
41
228
97
95
101
8
15
23
47
123
84
100
497
8
15
39
47
124
101
99
97
8
32
39
47
231
100
85
98
9
10
11
35
115
106
103
500
9
10
34
35
116
104
102
48
9
33
34
35
234
103
107
49
9
11
20
44
117
111
106
503
9
11
35
44
119
107
105
102
9
33
35
44
237
106
113
104
9
15
16
40
18
51
109
506
9
15
39
40
19
110
108
112
9
33
39
40
240
109
52
113
9
15
20
44
78
105
112
509
9
15
39
44
79
113
111
109
9
33
39
44
243
112
107
110
10
11
13
37
118
63
115
512
10
11
35
37
119
116
114
102
10
34
35
37
246
115
64
103
11
13
20
44
72
105
118
515
11
13
37
44
73
119
117
114
11
35
37
44
249
118
106
115
12
15
18
42
21
130
121
518
12
15
39
42
22
122
120
124
12
36
39
42
252
121
131
125
12
15
23
47
99
90
124
521
12
15
39
47
100
125
123
121
12
36
39
47
255
124
91
122
12
17
21
45
24
129
127
524
12
17
41
45
25
128
126
93
12
36
41
45
258
127
131
94
12
18
21
45
27
126
130
527
12
18
42
45
28
131
129
120
12
36
42
45
261
130
128
122
24
32
36
60
226
139
133
2
24
32
56
60
227
134
132
136
24
48
56
60
264
133
140
137
24
32
46
70
213
138
136
5
24
32
56
70
214
137
135
133
24
48
56
70
267
136
140
134
24
36
46
70
219
135
139
8
24
36
60
70
220
140
138
132
24
48
60
70
270
139
137
134
25
26
28
52
169
148
142
11
25
26
50
52
170
143
141
145
25
49
50
52
273
142
149
146
25
26
41
65
165
157
145
14
25
26
50
65
167
146
144
142
25
49
50
65
276
145
158
143
25
28
40
64
168
150
148
17
25
28
52
64
169
149
147
141
25
49
52
64
279
148
152
143
25
39
40
64
240
147
151
20
25
39
63
64
241
152
150
154
25
49
63
64
282
151
149
155
25
39
42
66
252
160
154
23
25
39
63
66
253
155
153
151
25
49
63
66
285
154
161
152
25
41
45
69
258
159
157
26
25
41
65
69
259
158
156
144
25
49
65
69
288
157
161
146
25
42
45
69
261
156
160
29
25
42
66
69
262
161
159
153
25
49
66
69
291
160
158
155
26
27
30
54
193
178
163
32
26
27
51
54
194
164
162
166
26
50
51
54
294
163
179
167
26
27
41
65
192
144
166
35
26
27
51
65
194
167
165
163
26
50
51
65
297
166
145
164
26
28
40
64
147
183
169
38
26
28
52
64
148
170
168
141
26
50
52
64
300
169
185
142
26
29
34
58
196
180
172
41
26
29
53
58
197
173
171
175
26
50
53
58
303
172
182
176
26
29
38
62
202
190
175
44
26
29
53
62
203
176
174
172
26
50
53
62
306
175
191
173
26
30
37
61
205
187
178
47
26
30
54
61
206
179
177
162
26
50
54
61
309
178
188
164
26
33
34
58
235
171
181
50
26
33
57
58
236
182
180
184
26
50
57
58
312
181
173
185
26
33
40
64
240
168
184
53
26
33
57
64
242
185
183
181
26
50
57
64
315
184
170
182
26
37
43
67
198
189
187
56
26
37
61
67
199
188
186
177
26
50
61
67
318
187
191
179
26
38
43
67
201
186
190
59
26
38
62
67
202
191
189
174
26
50
62
67
321
190
188
176
27
30
41
65
207
165
193
62
27
30
54
65
209
194
192
162
27
51
54
65
324
193
166
163
29
34
37
61
246
199
196
65
29
34
58
61
248
197
195
171
29
53
58
61
327
196
200
172
29
37
43
67
186
201
199
68
29
37
61
67
187
200
198
195
29
53
61
67
330
199
203
197
29
38
43
67
189
198
202
71
29
38
62
67
190
203
201
174
29
53
62
67
333
202
200
175
30
37
44
68
249
210
205
74
30
37
61
68
250
206
204
177
30
54
61
68
336
205
212
178
30
39
41
65
228
192
208
77
30
39
63
65
229
209
207
211
30
54
63
65
339
208
193
212
30
39
44
68
243
204
211
80
30
39
63
68
244
212
210
208
30
54
63
68
342
211
206
209
31
32
46
70
135
219
214
83
31
32
56
70
136
215
213
217
31
55
56
70
345
214
221
218
31
32
47
71
231
222
217
86
31
32
56
71
233
218
216
214
31
55
56
71
348
217
224
215
31
36
46
70
138
213
220
89
31
36
60
70
139
221
219
223
31
55
60
70
351
220
215
224
31
36
47
71
255
216
223
92
31
36
60
71
257
224
222
220
31
55
60
71
354
223
218
221
32
36
41
65
259
228
226
95
32
36
60
65
260
227
225
132
32
56
60
65
357
226
230
133
32
39
41
65
207
225
229
98
32
39
63
65
208
230
228
232
32
56
63
65
360
229
227
233
32
39
47
71
255
216
232
101
32
39
63
71
256
233
231
229
32
56
63
71
363
232
217
230
33
34
35
59
247
238
235
104
33
34
58
59
248
236
234
180
33
57
58
59
366
235
239
181
33
35
44
68
249
243
238
107
33
35
59
68
251
239
237
234
33
57
59
68
369
238
245
236
33
39
40
64
150
183
241
110
33
39
63
64
151
242
240
244
33
57
63
64
372
241
184
245
33
39
44
68
210
237
244
113
33
39
63
68
211
245
243
241
33
57
63
68
375
244
239
242
34
35
37
61
250
195
247
116
34
35
59
61
251
248
246
234
34
58
59
61
378
247
196
235
35
37
44
68
204
237
250
119
35
37
61
68
205
251
249
246
35
59
61
68
381
250
238
247
36
39
42
66
153
262
253
122
36
39
63
66
154
254
252
256
36
60
63
66
384
253
263
257
36
39
47
71
231
222
256
125
36
39
63
71
232
257
255
253
36
60
63
71
387
256
223
254
36
41
45
69
156
261
259
128
36
41
65
69
157
260
258
225
36
60
65
69
390
259
263
226
36
42
45
69
159
258
262
131
36
42
66
69
160
263
261
252
36
60
66
69
393
262
260
254
48
56
60
84
358
271
265
134
48
56
80
84
359
266
264
268
48
72
80
84
396
265
272
269
48
56
70
94
345
270
268
137
48
56
80
94
346
269
267
265
48
72
80
94
399
268
272
266
48
60
70
94
351
267
271
140
48
60
84
94
352
272
270
264
48
72
84
94
402
271
269
266
49
50
52
76
301
280
274
143
49
50
74
76
302
275
273
277
49
73
74
76
405
274
281
278
49
50
65
89
297
289
277
146
49
50
74
89
299
278
276
274
49
73
74
89
408
277
290
275
49
52
64
88
300
282
280
149
49
52
76
88
301
281
279
273
49
73
76
88
411
280
284
275
49
63
64
88
372
279
283
152
49
63
87
88
373
284
282
286
49
73
87
88
414
283
281
287
49
63
66
90
384
292
286
155
49
63
87
90
385
287
285
283
49
73
87
90
417
286
293
284
49
65
69
93
390
291
289
158
49
65
89
93
391
290
288
276
49
73
89
93
420
289
293
278
49
66
69
93
393
288
292
161
49
66
90
93
394
293
291
285
49
73
90
93
423
292
290
287
50
51
54
78
325
310
295
164
50
51
75
78
326
296
294
298
50
74
75
78
426
295
311
299
50
51
65
89
324
276
298
167
50
51
75
89
326
299
297
295
50
74
75
89
429
298
277
296
50
52
64
88
279
315
301
170
50
52
76
88
280
302
300
273
50
74
76
88
432
301
317
274
50
53
58
82
328
312
304
173
50
53
77
82
329
305
303
307
50
74
77
82
435
304
314
308
50
53
62
86
334
322
307
176
50
53
77
86
335
308
306
304
50
74
77
86
438
307
323
305
50
54
61
85
337
319
310
179
50
54
78
85
338
311
309
294
50
74
78
85
441
310
320
296
50
57
58
82
367
303
313
182
50
57
81
82
368
314
312
316
50
74
81
82
444
313
305
317
50
57
64
88
372
300
316
185
50
57
81
88
374
317
315
313
50
74
81
88
447
316
302
314
50
61
67
91
330
321
319
188
50
61
85
91
331
320
318
309
50
74
85
91
450
319
323
311
50
62
67
91
333
318
322
191
50
62
86
91
334
323
321
306
50
74
86
91
453
322
320
308
51
54
65
89
339
297
325
194
51
54
78
89
341
326
324
294
51
75
78
89
456
325
298
295
53
58
61
85
378
331
328
197
53
58
82
85
380
329
327
303
53
77
82
85
459
328
332
304
53
61
67
91
318
333
331
200
53
61
85
91
319
332
330
327
53
77
85
91
462
331
335
329
53
62
67
91
321
330
334
203
53
62
86
91
322
335
333
306
53
77
86
91
465
334
332
307
54
61
68
92
381
342
337
206
54
61
85
92
382
338
336
309
54
78
85
92
468
337
344
310
54
63
65
89
360
324
340
209
54
63
87
89
361
341
339
343
54
78
87
89
471
340
325
344
54
63
68
92
375
336
343
212
54
63
87
92
376
344
342
340
54
78
87
92
474
343
338
341
55
56
70
94
267
351
346
215
55
56
80
94
268
347
345
349
55
79
80
94
477
346
353
350
55
56
71
95
363
354
349
218
55
56
80
95
365
350
348
346
55
79
80
95
480
349
356
347
55
60
70
94
270
345
352
221
55
60
84
94
271
353
351
355
55
79
84
94
483
352
347
356
55
60
71
95
387
348
355
224
55
60
84
95
389
356
354
352
55
79
84
95
486
355
350
353
56
60
65
89
391
360
358
227
56
60
84
89
392
359
357
264
56
80
84
89
489
358
362
265
56
63
65
89
339
357
361
230
56
63
87
89
340
362
360
364
56
80
87
89
492
361
359
365
56
63
71
95
387
348
364
233
56
63
87
95
388
365
363
361
56
80
87
95
495
364
349
362
57
58
59
83
379
370
367
236
57
58
82
83
380
368
366
312
57
81
82
83
498
367
371
313
57
59
68
92
381
375
370
239
57
59
83
92
383
371
369
366
57
81
83
92
501
370
377
368
57
63
64
88
282
315
373
242
57
63
87
88
283
374
372
376
57
81
87
88
504
373
316
377
57
63
68
92
342
369
376
245
57
63
87
92
343
377
375
373
57
81
87
92
507
376
371
374
58
59
61
85
382
327
379
248
58
59
83
85
383
380
378
366
58
82
83
85
510
379
328
367
59
61
68
92
336
369
382
251
59
61
85
92
337
383
381
378
59
83
85
92
513
382
370
379
60
63
66
90
285
394
385
254
60
63
87
90
286
386
384
388
60
84
87
90
516
385
395
389
60
63
71
95
363
354
388
257
60
63
87
95
364
389
387
385
60
84
87
95
519
388
355
386
60
65
69
93
288
393
391
260
60
65
89
93
289
392
390
357
60
84
89
93
522
391
395
358
60
66
69
93
291
390
394
263
60
66
90
93
292
395
393
384
60
84
90
93
525
394
392
386
72
80
84
12
490
403
397
266
72
80
8
12
491
398
396
400
72
0
8
12
0
397
404
401
72
80
94
22
477
402
400
269
72
80
8
22
478
401
399
397
72
0
8
22
3
400
404
398
72
84
94
22
483
399
403
272
72
84
12
22
484
404
402
396
72
0
12
22
6
403
401
398
73
74
76
4
433
412
406
275
73
74
2
4
434
407
405
409
73
1
2
4
9
406
413
410
73
74
89
17
429
421
409
278
73
74
2
17
431
410
408
406
73
1
2
17
12
409
422
407
73
76
88
16
432
414
412
281
73
76
4
16
433
413
411
405
73
1
4
16
15
412
416
407
73
87
88
16
504
411
415
284
73
87
15
16
505
416
414
418
73
1
15
16
18
415
413
419
73
87
90
18
516
424
418
287
73
87
15
18
517
419
417
415
73
1
15
18
21
418
425
416
73
89
93
21
522
423
421
290
73
89
17
21
523
422
420
408
73
1
17
21
24
421
425
410
73
90
93
21
525
420
424
293
73
90
18
21
526
425
423
417
73
1
18
21
27
424
422
419
74
75
78
6
457
442
427
296
74
75
3
6
458
428
426
430
74
2
3
6
30
427
443
431
74
75
89
17
456
408
430
299
74
75
3
17
458
431
429
427
74
2
3
17
33
430
409
428
74
76
88
16
411
447
433
302
74
76
4
16
412
434
432
405
74
2
4
16
36
433
449
406
74
77
82
10
460
444
436
305
74
77
5
10
461
437
435
439
74
2
5
10
39
436
446
440
74
77
86
14
466
454
439
308
74
77
5
14
467
440
438
436
74
2
5
14
42
439
455
437
74
78
85
13
469
451
442
311
74
78
6
13
470
443
441
426
74
2
6
13
45
442
452
428
74
81
82
10
499
435
445
314
74
81
9
10
500
446
444
448
74
2
9
10
48
445
437
449
74
81
88
16
504
432
448
317
74
81
9
16
506
449
447
445
74
2
9
16
51
448
434
446
74
85
91
19
462
453
451
320
74
85
13
19
463
452
450
441
74
2
13
19
54
451
455
443
74
86
91
19
465
450
454
323
74
86
14
19
466
455
453
438
74
2
14
19
57
454
452
440
75
78
89
17
471
429
457
326
75
78
6
17
473
458
456
426
75
3
6
17
60
457
430
427
77
82
85
13
510
463
460
329
77
82
10
13
512
461
459
435
77
5
10
13
63
460
464
436
77
85
91
19
450
465
463
332
77
85
13
19
451
464
462
459
77
5
13
19
66
463
467
461
77
86
91
19
453
462
466
335
77
86
14
19
454
467
465
438
77
5
14
19
69
466
464
439
78
85
92
20
513
474
469
338
78
85
13
20
514
470
468
441
78
6
13
20
72
469
476
442
78
87
89
17
492
456
472
341
78
87
15
17
493
473
471
475
78
6
15
17
75
472
457
476
78
87
92
20
507
468
475
344
78
87
15
20
508
476
474
472
78
6
15
20
78
475
470
473
79
80
94
22
399
483
478
347
79
80
8
22
400
479
477
481
79
7
8
22
81
478
485
482
79
80
95
23
495
486
481
350
79
80
8
23
497
482
480
478
79
7
8
23
84
481
488
479
79
84
94
22
402
477
484
353
79
84
12
22
403
485
483
487
79
7
12
22
87
484
479
488
79
84
95
23
519
480
487
356
79
84
12
23
521
488
486
484
79
7
12
23
90
487
482
485
80
84
89
17
523
492
490
359
80
84
12
17
524
491
489
396
80
8
12
17
93
490
494
397
80
87
89
17
471
489
493
362
80
87
15
17
472
494
492
496
80
8
15
17
96
493
491
497
80
87
95
23
519
480
496
365
80
87
15
23
520
497
495
493
80
8
15
23
99
496
481
494
81
82
83
11
511
502
499
368
81
82
10
11
512
500
498
444
81
9
10
11
102
499
503
445
81
83
92
20
513
507
502
371
81
83
11
20
515
503
501
498
81
9
11
20
105
502
509
500
81
87
88
16
414
447
505
374
81
87
15
16
415
506
504
508
81
9
15
16
108
505
448
509
81
87
92
20
474
501
508
377
81
87
15
20
475
509
507
505
81
9
15
20
111
508
503
506
82
83
85
13
514
459
511
380
82
83
11
13
515
512
510
498
82
10
11
13
114
511
460
499
83
85
92
20
468
501
514
383
83
85
13
20
469
515
513
510
83
11
13
20
117
514
502
511
84
87
90
18
417
526
517
386
84
87
15
18
418
518
516
520
84
12
15
18
120
517
527
521
84
87
95
23
495
486
520
389
84
87
15
23
496
521
519
517
84
12
15
23
123
520
487
518
84
89
93
21
420
525
523
392
84
89
17
21
421
524
522
489
84
12
17
21
126
523
527
490
84
90
93
21
423
522
526
395
84
90
18
21
424
527
525
516
84
12
18
21
129
526
524
518
528
