1
96
0
0
0
0
0
0
0
0
0
0
0
0
0
0
0
0
0
0
0
0
0
0
0
0
1
1
1
1
1
1
1
1
1
1
1
1
1
1
1
1
1
1
1
1
1
1
1
1
2
2
2
2
2
2
2
2
2
2
2
2
2
2
2
2
2
2
2
2
2
2
2
2
3
3
3
3
3
3
3
3
3
3
3
3
3
3
3
3
3
3
3
3
3
3
3
3
96
528
0
1
6
30
19
7
1
398
0
1
25
30
20
2
0
4
0
24
25
30
132
1
8
5
0
1
21
45
30
9
4
401
0
1
25
45
32
5
3
1
0
24
25
45
135
4
11
2
0
6
8
32
18
10
7
404
0
6
30
32
19
8
6
0
0
24
30
32
138
7
11
2
0
8
21
45
84
3
10
407
0
8
32
45
86
11
9
6
0
24
32
45
141
10
5
8
1
5
7
31
67
22
13
410
1
5
29
31
68
14
12
16
1
25
29
31
144
13
23
17
1
5
8
32
70
18
16
413
1
5
29
32
71
17
15
13
1
25
29
32
147
16
20
14
1
6
8
32
6
15
19
416
1
6
30
32
7
20
18
0
1
25
30
32
150
19
17
1
1
7
16
40
66
25
22
419
1
7
31
40
67
23
21
12
1
25
31
40
153
22
26
14
1
16
18
42
72
34
25
422
1
16
40
42
73
26
24
21
1
25
40
42
156
25
35
23
1
17
20
44
124
33
28
425
1
17
41
44
125
29
27
31
1
25
41
44
159
28
35
32
1
17
21
45
123
3
31
428
1
17
41
45
125
32
30
28
1
25
41
45
162
31
4
29
1
18
20
44
127
27
34
431
1
18
42
44
128
35
33
24
1
25
42
44
165
34
29
26
2
3
9
33
58
49
37
434
2
3
27
33
59
38
36
40
2
26
27
33
168
37
50
41
2
3
20
44
51
45
40
437
2
3
27
44
53
41
39
37
2
26
27
44
171
40
47
38
2
4
13
37
64
48
43
440
2
4
28
37
65
44
42
46
2
26
28
37
174
43
50
47
2
4
20
44
63
39
46
443
2
4
28
44
65
47
45
43
2
26
28
44
177
46
41
44
2
9
13
37
106
42
49
446
2
9
33
37
107
50
48
36
2
26
33
37
180
49
44
38
3
8
20
44
90
39
52
449
3
8
32
44
92
53
51
55
3
27
32
44
183
52
40
56
3
8
23
47
78
60
55
452
3
8
32
47
80
56
54
52
3
27
32
47
186
55
62
53
3
9
12
36
103
61
58
455
3
9
33
36
104
59
57
36
3
27
33
36
189
58
62
37
3
12
23
47
102
54
61
458
3
12
36
47
103
62
60
57
3
27
36
47
192
61
56
59
4
13
20
44
105
45
64
461
4
13
37
44
106
65
63
42
4
28
37
44
195
64
46
43
5
7
16
40
21
73
67
464
5
7
31
40
22
68
66
12
5
29
31
40
198
67
74
13
5
8
18
42
88
72
70
467
5
8
32
42
89
71
69
15
5
29
32
42
201
70
74
16
5
16
18
42
24
69
73
470
5
16
40
42
25
74
72
66
5
29
40
42
204
73
71
68
8
9
14
38
96
82
76
473
8
9
33
38
98
77
75
79
8
32
33
38
207
76
83
80
8
9
23
47
102
54
79
476
8
9
33
47
104
80
78
76
8
32
33
47
210
79
55
77
8
14
15
39
117
85
82
479
8
14
38
39
118
83
81
75
8
32
38
39
213
82
86
77
8
15
21
45
120
9
85
482
8
15
39
45
121
86
84
81
8
32
39
45
216
85
10
83
8
18
22
46
126
93
88
485
8
18
42
46
128
89
87
69
8
32
42
46
219
88
95
70
8
19
20
44
130
51
91
488
8
19
43
44
131
92
90
94
8
32
43
44
222
91
52
95
8
19
22
46
129
87
94
491
8
19
43
46
131
95
93
91
8
32
43
46
225
94
89
92
9
11
14
38
111
75
97
494
9
11
35
38
112
98
96
100
9
33
35
38
228
97
76
101
9
11
21
45
120
108
100
497
9
11
35
45
122
101
99
97
9
33
35
45
231
100
110
98
9
12
23
47
60
78
103
500
9
12
36
47
61
104
102
57
9
33
36
47
234
103
79
58
9
13
20
44
63
109
106
503
9
13
37
44
64
107
105
48
9
33
37
44
237
106
110
49
9
20
21
45
123
99
109
506
9
20
44
45
124
110
108
105
9
33
44
45
240
109
101
107
10
11
14
38
96
118
112
509
10
11
35
38
97
113
111
115
10
34
35
38
243
112
119
116
10
11
15
39
121
117
115
512
10
11
35
39
122
116
114
112
10
34
35
39
246
115
119
113
10
14
15
39
81
114
118
515
10
14
38
39
82
119
117
111
10
34
38
39
249
118
116
113
11
15
21
45
84
99
121
518
11
15
39
45
85
122
120
114
11
35
39
45
252
121
100
115
17
20
21
45
108
30
124
521
17
20
44
45
109
125
123
27
17
41
44
45
255
124
31
28
18
20
22
46
129
87
127
524
18
20
44
46
130
128
126
33
18
42
44
46
258
127
88
34
19
20
22
46
126
93
130
527
19
20
44
46
127
131
129
90
19
43
44
46
261
130
94
91
24
25
30
54
151
139
133
2
24
25
49
54
152
134
132
136
24
48
49
54
264
133
140
137
24
25
45
69
162
141
136
5
24
25
49
69
164
137
135
133
24
48
49
69
267
136
143
134
24
30
32
56
150
142
139
8
24
30
54
56
151
140
138
132
24
48
54
56
270
139
143
134
24
32
45
69
216
135
142
11
24
32
56
69
218
143
141
138
24
48
56
69
273
142
137
140
25
29
31
55
199
154
145
14
25
29
53
55
200
146
144
148
25
49
53
55
276
145
155
149
25
29
32
56
202
150
148
17
25
29
53
56
203
149
147
145
25
49
53
56
279
148
152
146
25
30
32
56
138
147
151
20
25
30
54
56
139
152
150
132
25
49
54
56
282
151
149
133
25
31
40
64
198
157
154
23
25
31
55
64
199
155
153
144
25
49
55
64
285
154
158
146
25
40
42
66
204
166
157
26
25
40
64
66
205
158
156
153
25
49
64
66
288
157
167
155
25
41
44
68
256
165
160
29
25
41
65
68
257
161
159
163
25
49
65
68
291
160
167
164
25
41
45
69
255
135
163
32
25
41
65
69
257
164
162
160
25
49
65
69
294
163
136
161
25
42
44
68
259
159
166
35
25
42
66
68
260
167
165
156
25
49
66
68
297
166
161
158
26
27
33
57
190
181
169
38
26
27
51
57
191
170
168
172
26
50
51
57
300
169
182
173
26
27
44
68
183
177
172
41
26
27
51
68
185
173
171
169
26
50
51
68
303
172
179
170
26
28
37
61
196
180
175
44
26
28
52
61
197
176
174
178
26
50
52
61
306
175
182
179
26
28
44
68
195
171
178
47
26
28
52
68
197
179
177
175
26
50
52
68
309
178
173
176
26
33
37
61
238
174
181
50
26
33
57
61
239
182
180
168
26
50
57
61
312
181
176
170
27
32
44
68
222
171
184
53
27
32
56
68
224
185
183
187
27
51
56
68
315
184
172
188
27
32
47
71
210
192
187
56
27
32
56
71
212
188
186
184
27
51
56
71
318
187
194
185
27
33
36
60
235
193
190
59
27
33
57
60
236
191
189
168
27
51
57
60
321
190
194
169
27
36
47
71
234
186
193
62
27
36
60
71
235
194
192
189
27
51
60
71
324
193
188
191
28
37
44
68
237
177
196
65
28
37
61
68
238
197
195
174
28
52
61
68
327
196
178
175
29
31
40
64
153
205
199
68
29
31
55
64
154
200
198
144
29
53
55
64
330
199
206
145
29
32
42
66
220
204
202
71
29
32
56
66
221
203
201
147
29
53
56
66
333
202
206
148
29
40
42
66
156
201
205
74
29
40
64
66
157
206
204
198
29
53
64
66
336
205
203
200
32
33
38
62
228
214
208
77
32
33
57
62
230
209
207
211
32
56
57
62
339
208
215
212
32
33
47
71
234
186
211
80
32
33
57
71
236
212
210
208
32
56
57
71
342
211
187
209
32
38
39
63
249
217
214
83
32
38
62
63
250
215
213
207
32
56
62
63
345
214
218
209
32
39
45
69
252
141
217
86
32
39
63
69
253
218
216
213
32
56
63
69
348
217
142
215
32
42
46
70
258
225
220
89
32
42
66
70
260
221
219
201
32
56
66
70
351
220
227
202
32
43
44
68
262
183
223
92
32
43
67
68
263
224
222
226
32
56
67
68
354
223
184
227
32
43
46
70
261
219
226
95
32
43
67
70
263
227
225
223
32
56
67
70
357
226
221
224
33
35
38
62
243
207
229
98
33
35
59
62
244
230
228
232
33
57
59
62
360
229
208
233
33
35
45
69
252
240
232
101
33
35
59
69
254
233
231
229
33
57
59
69
363
232
242
230
33
36
47
71
192
210
235
104
33
36
60
71
193
236
234
189
33
57
60
71
366
235
211
190
33
37
44
68
195
241
238
107
33
37
61
68
196
239
237
180
33
57
61
68
369
238
242
181
33
44
45
69
255
231
241
110
33
44
68
69
256
242
240
237
33
57
68
69
372
241
233
239
34
35
38
62
228
250
244
113
34
35
59
62
229
245
243
247
34
58
59
62
375
244
251
248
34
35
39
63
253
249
247
116
34
35
59
63
254
248
246
244
34
58
59
63
378
247
251
245
34
38
39
63
213
246
250
119
34
38
62
63
214
251
249
243
34
58
62
63
381
250
248
245
35
39
45
69
216
231
253
122
35
39
63
69
217
254
252
246
35
59
63
69
384
253
232
247
41
44
45
69
240
162
256
125
41
44
68
69
241
257
255
159
41
65
68
69
387
256
163
160
42
44
46
70
261
219
259
128
42
44
68
70
262
260
258
165
42
66
68
70
390
259
220
166
43
44
46
70
258
225
262
131
43
44
68
70
259
263
261
222
43
67
68
70
393
262
226
223
48
49
54
78
283
271
265
134
48
49
73
78
284
266
264
268
48
72
73
78
396
265
272
269
48
49
69
93
294
273
268
137
48
49
73
93
296
269
267
265
48
72
73
93
399
268
275
266
48
54
56
80
282
274
271
140
48
54
78
80
283
272
270
264
48
72
78
80
402
271
275
266
48
56
69
93
348
267
274
143
48
56
80
93
350
275
273
270
48
72
80
93
405
274
269
272
49
53
55
79
331
286
277
146
49
53
77
79
332
278
276
280
49
73
77
79
408
277
287
281
49
53
56
80
334
282
280
149
49
53
77
80
335
281
279
277
49
73
77
80
411
280
284
278
49
54
56
80
270
279
283
152
49
54
78
80
271
284
282
264
49
73
78
80
414
283
281
265
49
55
64
88
330
289
286
155
49
55
79
88
331
287
285
276
49
73
79
88
417
286
290
278
49
64
66
90
336
298
289
158
49
64
88
90
337
290
288
285
49
73
88
90
420
289
299
287
49
65
68
92
388
297
292
161
49
65
89
92
389
293
291
295
49
73
89
92
423
292
299
296
49
65
69
93
387
267
295
164
49
65
89
93
389
296
294
292
49
73
89
93
426
295
268
293
49
66
68
92
391
291
298
167
49
66
90
92
392
299
297
288
49
73
90
92
429
298
293
290
50
51
57
81
322
313
301
170
50
51
75
81
323
302
300
304
50
74
75
81
432
301
314
305
50
51
68
92
315
309
304
173
50
51
75
92
317
305
303
301
50
74
75
92
435
304
311
302
50
52
61
85
328
312
307
176
50
52
76
85
329
308
306
310
50
74
76
85
438
307
314
311
50
52
68
92
327
303
310
179
50
52
76
92
329
311
309
307
50
74
76
92
441
310
305
308
50
57
61
85
370
306
313
182
50
57
81
85
371
314
312
300
50
74
81
85
444
313
308
302
51
56
68
92
354
303
316
185
51
56
80
92
356
317
315
319
51
75
80
92
447
316
304
320
51
56
71
95
342
324
319
188
51
56
80
95
344
320
318
316
51
75
80
95
450
319
326
317
51
57
60
84
367
325
322
191
51
57
81
84
368
323
321
300
51
75
81
84
453
322
326
301
51
60
71
95
366
318
325
194
51
60
84
95
367
326
324
321
51
75
84
95
456
325
320
323
52
61
68
92
369
309
328
197
52
61
85
92
370
329
327
306
52
76
85
92
459
328
310
307
53
55
64
88
285
337
331
200
53
55
79
88
286
332
330
276
53
77
79
88
462
331
338
277
53
56
66
90
352
336
334
203
53
56
80
90
353
335
333
279
53
77
80
90
465
334
338
280
53
64
66
90
288
333
337
206
53
64
88
90
289
338
336
330
53
77
88
90
468
337
335
332
56
57
62
86
360
346
340
209
56
57
81
86
362
341
339
343
56
80
81
86
471
340
347
344
56
57
71
95
366
318
343
212
56
57
81
95
368
344
342
340
56
80
81
95
474
343
319
341
56
62
63
87
381
349
346
215
56
62
86
87
382
347
345
339
56
80
86
87
477
346
350
341
56
63
69
93
384
273
349
218
56
63
87
93
385
350
348
345
56
80
87
93
480
349
274
347
56
66
70
94
390
357
352
221
56
66
90
94
392
353
351
333
56
80
90
94
483
352
359
334
56
67
68
92
394
315
355
224
56
67
91
92
395
356
354
358
56
80
91
92
486
355
316
359
56
67
70
94
393
351
358
227
56
67
91
94
395
359
357
355
56
80
91
94
489
358
353
356
57
59
62
86
375
339
361
230
57
59
83
86
376
362
360
364
57
81
83
86
492
361
340
365
57
59
69
93
384
372
364
233
57
59
83
93
386
365
363
361
57
81
83
93
495
364
374
362
57
60
71
95
324
342
367
236
57
60
84
95
325
368
366
321
57
81
84
95
498
367
343
322
57
61
68
92
327
373
370
239
57
61
85
92
328
371
369
312
57
81
85
92
501
370
374
313
57
68
69
93
387
363
373
242
57
68
92
93
388
374
372
369
57
81
92
93
504
373
365
371
58
59
62
86
360
382
376
245
58
59
83
86
361
377
375
379
58
82
83
86
507
376
383
380
58
59
63
87
385
381
379
248
58
59
83
87
386
380
378
376
58
82
83
87
510
379
383
377
58
62
63
87
345
378
382
251
58
62
86
87
346
383
381
375
58
82
86
87
513
382
380
377
59
63
69
93
348
363
385
254
59
63
87
93
349
386
384
378
59
83
87
93
516
385
364
379
65
68
69
93
372
294
388
257
65
68
92
93
373
389
387
291
65
89
92
93
519
388
295
292
66
68
70
94
393
351
391
260
66
68
92
94
394
392
390
297
66
90
92
94
522
391
352
298
67
68
70
94
390
357
394
263
67
68
92
94
391
395
393
354
67
91
92
94
525
394
358
355
72
73
78
6
415
403
397
266
72
73
1
6
416
398
396
400
72
0
1
6
0
397
404
401
72
73
93
21
426
405
400
269
72
73
1
21
428
401
399
397
72
0
1
21
3
400
407
398
72
78
80
8
414
406
403
272
72
78
6
8
415
404
402
396
72
0
6
8
6
403
407
398
72
80
93
21
480
399
406
275
72
80
8
21
482
407
405
402
72
0
8
21
9
406
401
404
73
77
79
7
463
418
409
278
73
77
5
7
464
410
408
412
73
1
5
7
12
409
419
413
73
77
80
8
466
414
412
281
73
77
5
8
467
413
411
409
73
1
5
8
15
412
416
410
73
78
80
8
402
411
415
284
73
78
6
8
403
416
414
396
73
1
6
8
18
415
413
397
73
79
88
16
462
421
418
287
73
79
7
16
463
419
417
408
73
1
7
16
21
418
422
410
73
88
90
18
468
430
421
290
73
88
16
18
469
422
420
417
73
1
16
18
24
421
431
419
73
89
92
20
520
429
424
293
73
89
17
20
521
425
423
427
73
1
17
20
27
424
431
428
73
89
93
21
519
399
427
296
73
89
17
21
521
428
426
424
73
1
17
21
30
427
400
425
73
90
92
20
523
423
430
299
73
90
18
20
524
431
429
420
73
1
18
20
33
430
425
422
74
75
81
9
454
445
433
302
74
75
3
9
455
434
432
436
74
2
3
9
36
433
446
437
74
75
92
20
447
441
436
305
74
75
3
20
449
437
435
433
74
2
3
20
39
436
443
434
74
76
85
13
460
444
439
308
74
76
4
13
461
440
438
442
74
2
4
13
42
439
446
443
74
76
92
20
459
435
442
311
74
76
4
20
461
443
441
439
74
2
4
20
45
442
437
440
74
81
85
13
502
438
445
314
74
81
9
13
503
446
444
432
74
2
9
13
48
445
440
434
75
80
92
20
486
435
448
317
75
80
8
20
488
449
447
451
75
3
8
20
51
448
436
452
75
80
95
23
474
456
451
320
75
80
8
23
476
452
450
448
75
3
8
23
54
451
458
449
75
81
84
12
499
457
454
323
75
81
9
12
500
455
453
432
75
3
9
12
57
454
458
433
75
84
95
23
498
450
457
326
75
84
12
23
499
458
456
453
75
3
12
23
60
457
452
455
76
85
92
20
501
441
460
329
76
85
13
20
502
461
459
438
76
4
13
20
63
460
442
439
77
79
88
16
417
469
463
332
77
79
7
16
418
464
462
408
77
5
7
16
66
463
470
409
77
80
90
18
484
468
466
335
77
80
8
18
485
467
465
411
77
5
8
18
69
466
470
412
77
88
90
18
420
465
469
338
77
88
16
18
421
470
468
462
77
5
16
18
72
469
467
464
80
81
86
14
492
478
472
341
80
81
9
14
494
473
471
475
80
8
9
14
75
472
479
476
80
81
95
23
498
450
475
344
80
81
9
23
500
476
474
472
80
8
9
23
78
475
451
473
80
86
87
15
513
481
478
347
80
86
14
15
514
479
477
471
80
8
14
15
81
478
482
473
80
87
93
21
516
405
481
350
80
87
15
21
517
482
480
477
80
8
15
21
84
481
406
479
80
90
94
22
522
489
484
353
80
90
18
22
524
485
483
465
80
8
18
22
87
484
491
466
80
91
92
20
526
447
487
356
80
91
19
20
527
488
486
490
80
8
19
20
90
487
448
491
80
91
94
22
525
483
490
359
80
91
19
22
527
491
489
487
80
8
19
22
93
490
485
488
81
83
86
14
507
471
493
362
81
83
11
14
508
494
492
496
81
9
11
14
96
493
472
497
81
83
93
21
516
504
496
365
81
83
11
21
518
497
495
493
81
9
11
21
99
496
506
494
81
84
95
23
456
474
499
368
81
84
12
23
457
500
498
453
81
9
12
23
102
499
475
454
81
85
92
20
459
505
502
371
81
85
13
20
460
503
501
444
81
9
13
20
105
502
506
445
81
92
93
21
519
495
505
374
81
92
20
21
520
506
504
501
81
9
20
21
108
505
497
503
82
83
86
14
492
514
508
377
82
83
11
14
493
509
507
511
82
10
11
14
111
508
515
512
82
83
87
15
517
513
511
380
82
83
11
15
518
512
510
508
82
10
11
15
114
511
515
509
82
86
87
15
477
510
514
383
82
86
14
15
478
515
513
507
82
10
14
15
117
514
512
509
83
87
93
21
480
495
517
386
83
87
15
21
481
518
516
510
83
11
15
21
120
517
496
511
89
92
93
21
504
426
520
389
89
92
20
21
505
521
519
423
89
17
20
21
123
520
427
424
90
92
94
22
525
483
523
392
90
92
20
22
526
524
522
429
90
18
20
22
126
523
484
430
91
92
94
22
522
489
526
395
91
92
20
22
523
527
525
486
91
19
20
22
129
526
490
487
528
