1
96
0
0
0
0
0
0
0
0
0
0
0
0
0
0
0
0
0
0
0
0
0
0
0
0
1
1
1
1
1
1
1
1
1
1
1
1
1
1
1
1
1
1
1
1
1
1
1
1
2
2
2
2
2
2
2
2
2
2
2
2
2
2
2
2
2
2
2
2
2
2
2
2
3
3
3
3
3
3
3
3
3
3
3
3
3
3
3
3
3
3
3
3
3
3
3
3
96
528
0
16
19
43
102
7
1
398
0
16
40
43
103
2
0
4
0
24
40
43
132
1
8
5
0
16
22
46
117
6
4
401
0
16
40
46
119
5
3
1
0
24
40
46
135
4
8
2
0
19
22
46
111
3
7
404
0
19
43
46
112
8
6
0
0
24
43
46
138
7
5
2
1
8
13
37
94
15
10
407
1
8
32
37
95
11
9
13
1
25
32
37
141
10
17
14
1
8
21
45
72
18
13
410
1
8
32
45
73
14
12
10
1
25
32
45
144
13
20
11
1
12
13
37
39
9
16
413
1
12
36
37
40
17
15
19
1
25
36
37
147
16
11
20
1
12
21
45
42
12
19
416
1
12
36
45
43
20
18
16
1
25
36
45
150
19
14
17
2
6
14
38
85
28
22
419
2
6
30
38
86
23
21
25
2
26
30
38
153
22
29
26
2
6
15
39
66
27
25
422
2
6
30
39
67
26
24
22
2
26
30
39
156
25
29
23
2
14
15
39
106
24
28
425
2
14
38
39
107
29
27
21
2
26
38
39
159
28
26
23
3
7
10
34
88
37
31
428
3
7
31
34
89
32
30
34
3
27
31
34
162
31
38
35
3
7
21
45
51
42
34
431
3
7
31
45
52
35
33
31
3
27
31
45
165
34
44
32
3
10
18
42
87
48
37
434
3
10
34
42
88
38
36
30
3
27
34
42
168
37
50
32
3
12
13
37
15
46
40
437
3
12
36
37
16
41
39
43
3
27
36
37
171
40
47
44
3
12
21
45
18
33
43
440
3
12
36
45
19
44
42
40
3
27
36
45
174
43
35
41
3
13
15
39
93
49
46
443
3
13
37
39
94
47
45
39
3
27
37
39
177
46
50
41
3
15
18
42
105
36
49
446
3
15
39
42
106
50
48
45
3
27
39
42
180
49
38
47
4
7
21
45
33
57
52
449
4
7
31
45
34
53
51
55
4
28
31
45
183
52
59
56
4
7
23
47
90
60
55
452
4
7
31
47
92
56
54
52
4
28
31
47
186
55
62
53
4
20
21
45
126
51
58
455
4
20
44
45
127
59
57
61
4
28
44
45
189
58
53
62
4
20
23
47
129
54
61
458
4
20
44
47
130
62
60
58
4
28
44
47
192
61
56
59
5
6
11
35
82
75
64
461
5
6
30
35
83
65
63
67
5
29
30
35
195
64
77
68
5
6
15
39
24
69
67
464
5
6
30
39
25
68
66
64
5
29
30
39
198
67
71
65
5
8
15
39
93
66
70
467
5
8
32
39
95
71
69
73
5
29
32
39
201
70
68
74
5
8
21
45
12
78
73
470
5
8
32
45
13
74
72
70
5
29
32
45
204
73
80
71
5
9
11
35
97
63
76
473
5
9
33
35
98
77
75
79
5
29
33
35
207
76
65
80
5
9
21
45
99
72
79
476
5
9
33
45
101
80
78
76
5
29
33
45
210
79
74
77
6
11
19
43
102
84
82
479
6
11
35
43
104
83
81
63
6
30
35
43
213
82
86
64
6
14
19
43
112
81
85
482
6
14
38
43
113
86
84
21
6
30
38
43
216
85
83
22
7
10
18
42
36
91
88
485
7
10
34
42
37
89
87
30
7
31
34
42
219
88
92
31
7
18
23
47
129
54
91
488
7
18
42
47
131
92
90
87
7
31
42
47
222
91
55
89
8
13
15
39
45
69
94
491
8
13
37
39
46
95
93
9
8
32
37
39
225
94
70
10
9
11
16
40
103
100
97
494
9
11
35
40
104
98
96
75
9
33
35
40
228
97
101
76
9
16
21
45
114
78
100
497
9
16
40
45
116
101
99
96
9
33
40
45
231
100
79
98
11
16
19
43
0
81
103
500
11
16
40
43
1
104
102
96
11
35
40
43
234
103
82
97
14
15
18
42
48
109
106
503
14
15
39
42
49
107
105
27
14
38
39
42
237
106
110
28
14
18
22
46
123
111
109
506
14
18
42
46
124
110
108
105
14
38
42
46
240
109
113
107
14
19
22
46
6
108
112
509
14
19
43
46
7
113
111
84
14
38
43
46
243
112
110
85
16
17
21
45
120
99
115
512
16
17
41
45
122
116
114
118
16
40
41
45
246
115
100
119
16
17
22
46
123
3
118
515
16
17
41
46
125
119
117
115
16
40
41
46
249
118
4
116
17
18
21
45
126
114
121
518
17
18
42
45
128
122
120
124
17
41
42
45
252
121
115
125
17
18
22
46
108
117
124
521
17
18
42
46
109
125
123
121
17
41
42
46
255
124
118
122
18
20
21
45
57
120
127
524
18
20
44
45
58
128
126
130
18
42
44
45
258
127
121
131
18
20
23
47
60
90
130
527
18
20
44
47
61
131
129
127
18
42
44
47
261
130
91
128
24
40
43
67
234
139
133
2
24
40
64
67
235
134
132
136
24
48
64
67
264
133
140
137
24
40
46
70
249
138
136
5
24
40
64
70
251
137
135
133
24
48
64
70
267
136
140
134
24
43
46
70
243
135
139
8
24
43
67
70
244
140
138
132
24
48
67
70
270
139
137
134
25
32
37
61
226
147
142
11
25
32
56
61
227
143
141
145
25
49
56
61
273
142
149
146
25
32
45
69
204
150
145
14
25
32
56
69
205
146
144
142
25
49
56
69
276
145
152
143
25
36
37
61
171
141
148
17
25
36
60
61
172
149
147
151
25
49
60
61
279
148
143
152
25
36
45
69
174
144
151
20
25
36
60
69
175
152
150
148
25
49
60
69
282
151
146
149
26
30
38
62
217
160
154
23
26
30
54
62
218
155
153
157
26
50
54
62
285
154
161
158
26
30
39
63
198
159
157
26
26
30
54
63
199
158
156
154
26
50
54
63
288
157
161
155
26
38
39
63
238
156
160
29
26
38
62
63
239
161
159
153
26
50
62
63
291
160
158
155
27
31
34
58
220
169
163
32
27
31
55
58
221
164
162
166
27
51
55
58
294
163
170
167
27
31
45
69
183
174
166
35
27
31
55
69
184
167
165
163
27
51
55
69
297
166
176
164
27
34
42
66
219
180
169
38
27
34
58
66
220
170
168
162
27
51
58
66
300
169
182
164
27
36
37
61
147
178
172
41
27
36
60
61
148
173
171
175
27
51
60
61
303
172
179
176
27
36
45
69
150
165
175
44
27
36
60
69
151
176
174
172
27
51
60
69
306
175
167
173
27
37
39
63
225
181
178
47
27
37
61
63
226
179
177
171
27
51
61
63
309
178
182
173
27
39
42
66
237
168
181
50
27
39
63
66
238
182
180
177
27
51
63
66
312
181
170
179
28
31
45
69
165
189
184
53
28
31
55
69
166
185
183
187
28
52
55
69
315
184
191
188
28
31
47
71
222
192
187
56
28
31
55
71
224
188
186
184
28
52
55
71
318
187
194
185
28
44
45
69
258
183
190
59
28
44
68
69
259
191
189
193
28
52
68
69
321
190
185
194
28
44
47
71
261
186
193
62
28
44
68
71
262
194
192
190
28
52
68
71
324
193
188
191
29
30
35
59
214
207
196
65
29
30
54
59
215
197
195
199
29
53
54
59
327
196
209
200
29
30
39
63
156
201
199
68
29
30
54
63
157
200
198
196
29
53
54
63
330
199
203
197
29
32
39
63
225
198
202
71
29
32
56
63
227
203
201
205
29
53
56
63
333
202
200
206
29
32
45
69
144
210
205
74
29
32
56
69
145
206
204
202
29
53
56
69
336
205
212
203
29
33
35
59
229
195
208
77
29
33
57
59
230
209
207
211
29
53
57
59
339
208
197
212
29
33
45
69
231
204
211
80
29
33
57
69
233
212
210
208
29
53
57
69
342
211
206
209
30
35
43
67
234
216
214
83
30
35
59
67
236
215
213
195
30
54
59
67
345
214
218
196
30
38
43
67
244
213
217
86
30
38
62
67
245
218
216
153
30
54
62
67
348
217
215
154
31
34
42
66
168
223
220
89
31
34
58
66
169
221
219
162
31
55
58
66
351
220
224
163
31
42
47
71
261
186
223
92
31
42
66
71
263
224
222
219
31
55
66
71
354
223
187
221
32
37
39
63
177
201
226
95
32
37
61
63
178
227
225
141
32
56
61
63
357
226
202
142
33
35
40
64
235
232
229
98
33
35
59
64
236
230
228
207
33
57
59
64
360
229
233
208
33
40
45
69
246
210
232
101
33
40
64
69
248
233
231
228
33
57
64
69
363
232
211
230
35
40
43
67
132
213
235
104
35
40
64
67
133
236
234
228
35
59
64
67
366
235
214
229
38
39
42
66
180
241
238
107
38
39
63
66
181
239
237
159
38
62
63
66
369
238
242
160
38
42
46
70
255
243
241
110
38
42
66
70
256
242
240
237
38
62
66
70
372
241
245
239
38
43
46
70
138
240
244
113
38
43
67
70
139
245
243
216
38
62
67
70
375
244
242
217
40
41
45
69
252
231
247
116
40
41
65
69
254
248
246
250
40
64
65
69
378
247
232
251
40
41
46
70
255
135
250
119
40
41
65
70
257
251
249
247
40
64
65
70
381
250
136
248
41
42
45
69
258
246
253
122
41
42
66
69
260
254
252
256
41
65
66
69
384
253
247
257
41
42
46
70
240
249
256
125
41
42
66
70
241
257
255
253
41
65
66
70
387
256
250
254
42
44
45
69
189
252
259
128
42
44
68
69
190
260
258
262
42
66
68
69
390
259
253
263
42
44
47
71
192
222
262
131
42
44
68
71
193
263
261
259
42
66
68
71
393
262
223
260
48
64
67
91
366
271
265
134
48
64
88
91
367
266
264
268
48
72
88
91
396
265
272
269
48
64
70
94
381
270
268
137
48
64
88
94
383
269
267
265
48
72
88
94
399
268
272
266
48
67
70
94
375
267
271
140
48
67
91
94
376
272
270
264
48
72
91
94
402
271
269
266
49
56
61
85
358
279
274
143
49
56
80
85
359
275
273
277
49
73
80
85
405
274
281
278
49
56
69
93
336
282
277
146
49
56
80
93
337
278
276
274
49
73
80
93
408
277
284
275
49
60
61
85
303
273
280
149
49
60
84
85
304
281
279
283
49
73
84
85
411
280
275
284
49
60
69
93
306
276
283
152
49
60
84
93
307
284
282
280
49
73
84
93
414
283
278
281
50
54
62
86
349
292
286
155
50
54
78
86
350
287
285
289
50
74
78
86
417
286
293
290
50
54
63
87
330
291
289
158
50
54
78
87
331
290
288
286
50
74
78
87
420
289
293
287
50
62
63
87
370
288
292
161
50
62
86
87
371
293
291
285
50
74
86
87
423
292
290
287
51
55
58
82
352
301
295
164
51
55
79
82
353
296
294
298
51
75
79
82
426
295
302
299
51
55
69
93
315
306
298
167
51
55
79
93
316
299
297
295
51
75
79
93
429
298
308
296
51
58
66
90
351
312
301
170
51
58
82
90
352
302
300
294
51
75
82
90
432
301
314
296
51
60
61
85
279
310
304
173
51
60
84
85
280
305
303
307
51
75
84
85
435
304
311
308
51
60
69
93
282
297
307
176
51
60
84
93
283
308
306
304
51
75
84
93
438
307
299
305
51
61
63
87
357
313
310
179
51
61
85
87
358
311
309
303
51
75
85
87
441
310
314
305
51
63
66
90
369
300
313
182
51
63
87
90
370
314
312
309
51
75
87
90
444
313
302
311
52
55
69
93
297
321
316
185
52
55
79
93
298
317
315
319
52
76
79
93
447
316
323
320
52
55
71
95
354
324
319
188
52
55
79
95
356
320
318
316
52
76
79
95
450
319
326
317
52
68
69
93
390
315
322
191
52
68
92
93
391
323
321
325
52
76
92
93
453
322
317
326
52
68
71
95
393
318
325
194
52
68
92
95
394
326
324
322
52
76
92
95
456
325
320
323
53
54
59
83
346
339
328
197
53
54
78
83
347
329
327
331
53
77
78
83
459
328
341
332
53
54
63
87
288
333
331
200
53
54
78
87
289
332
330
328
53
77
78
87
462
331
335
329
53
56
63
87
357
330
334
203
53
56
80
87
359
335
333
337
53
77
80
87
465
334
332
338
53
56
69
93
276
342
337
206
53
56
80
93
277
338
336
334
53
77
80
93
468
337
344
335
53
57
59
83
361
327
340
209
53
57
81
83
362
341
339
343
53
77
81
83
471
340
329
344
53
57
69
93
363
336
343
212
53
57
81
93
365
344
342
340
53
77
81
93
474
343
338
341
54
59
67
91
366
348
346
215
54
59
83
91
368
347
345
327
54
78
83
91
477
346
350
328
54
62
67
91
376
345
349
218
54
62
86
91
377
350
348
285
54
78
86
91
480
349
347
286
55
58
66
90
300
355
352
221
55
58
82
90
301
353
351
294
55
79
82
90
483
352
356
295
55
66
71
95
393
318
355
224
55
66
90
95
395
356
354
351
55
79
90
95
486
355
319
353
56
61
63
87
309
333
358
227
56
61
85
87
310
359
357
273
56
80
85
87
489
358
334
274
57
59
64
88
367
364
361
230
57
59
83
88
368
362
360
339
57
81
83
88
492
361
365
340
57
64
69
93
378
342
364
233
57
64
88
93
380
365
363
360
57
81
88
93
495
364
343
362
59
64
67
91
264
345
367
236
59
64
88
91
265
368
366
360
59
83
88
91
498
367
346
361
62
63
66
90
312
373
370
239
62
63
87
90
313
371
369
291
62
86
87
90
501
370
374
292
62
66
70
94
387
375
373
242
62
66
90
94
388
374
372
369
62
86
90
94
504
373
377
371
62
67
70
94
270
372
376
245
62
67
91
94
271
377
375
348
62
86
91
94
507
376
374
349
64
65
69
93
384
363
379
248
64
65
89
93
386
380
378
382
64
88
89
93
510
379
364
383
64
65
70
94
387
267
382
251
64
65
89
94
389
383
381
379
64
88
89
94
513
382
268
380
65
66
69
93
390
378
385
254
65
66
90
93
392
386
384
388
65
89
90
93
516
385
379
389
65
66
70
94
372
381
388
257
65
66
90
94
373
389
387
385
65
89
90
94
519
388
382
386
66
68
69
93
321
384
391
260
66
68
92
93
322
392
390
394
66
90
92
93
522
391
385
395
66
68
71
95
324
354
394
263
66
68
92
95
325
395
393
391
66
90
92
95
525
394
355
392
72
88
91
19
498
403
397
266
72
88
16
19
499
398
396
400
72
0
16
19
0
397
404
401
72
88
94
22
513
402
400
269
72
88
16
22
515
401
399
397
72
0
16
22
3
400
404
398
72
91
94
22
507
399
403
272
72
91
19
22
508
404
402
396
72
0
19
22
6
403
401
398
73
80
85
13
490
411
406
275
73
80
8
13
491
407
405
409
73
1
8
13
9
406
413
410
73
80
93
21
468
414
409
278
73
80
8
21
469
410
408
406
73
1
8
21
12
409
416
407
73
84
85
13
435
405
412
281
73
84
12
13
436
413
411
415
73
1
12
13
15
412
407
416
73
84
93
21
438
408
415
284
73
84
12
21
439
416
414
412
73
1
12
21
18
415
410
413
74
78
86
14
481
424
418
287
74
78
6
14
482
419
417
421
74
2
6
14
21
418
425
422
74
78
87
15
462
423
421
290
74
78
6
15
463
422
420
418
74
2
6
15
24
421
425
419
74
86
87
15
502
420
424
293
74
86
14
15
503
425
423
417
74
2
14
15
27
424
422
419
75
79
82
10
484
433
427
296
75
79
7
10
485
428
426
430
75
3
7
10
30
427
434
431
75
79
93
21
447
438
430
299
75
79
7
21
448
431
429
427
75
3
7
21
33
430
440
428
75
82
90
18
483
444
433
302
75
82
10
18
484
434
432
426
75
3
10
18
36
433
446
428
75
84
85
13
411
442
436
305
75
84
12
13
412
437
435
439
75
3
12
13
39
436
443
440
75
84
93
21
414
429
439
308
75
84
12
21
415
440
438
436
75
3
12
21
42
439
431
437
75
85
87
15
489
445
442
311
75
85
13
15
490
443
441
435
75
3
13
15
45
442
446
437
75
87
90
18
501
432
445
314
75
87
15
18
502
446
444
441
75
3
15
18
48
445
434
443
76
79
93
21
429
453
448
317
76
79
7
21
430
449
447
451
76
4
7
21
51
448
455
452
76
79
95
23
486
456
451
320
76
79
7
23
488
452
450
448
76
4
7
23
54
451
458
449
76
92
93
21
522
447
454
323
76
92
20
21
523
455
453
457
76
4
20
21
57
454
449
458
76
92
95
23
525
450
457
326
76
92
20
23
526
458
456
454
76
4
20
23
60
457
452
455
77
78
83
11
478
471
460
329
77
78
6
11
479
461
459
463
77
5
6
11
63
460
473
464
77
78
87
15
420
465
463
332
77
78
6
15
421
464
462
460
77
5
6
15
66
463
467
461
77
80
87
15
489
462
466
335
77
80
8
15
491
467
465
469
77
5
8
15
69
466
464
470
77
80
93
21
408
474
469
338
77
80
8
21
409
470
468
466
77
5
8
21
72
469
476
467
77
81
83
11
493
459
472
341
77
81
9
11
494
473
471
475
77
5
9
11
75
472
461
476
77
81
93
21
495
468
475
344
77
81
9
21
497
476
474
472
77
5
9
21
78
475
470
473
78
83
91
19
498
480
478
347
78
83
11
19
500
479
477
459
78
6
11
19
81
478
482
460
78
86
91
19
508
477
481
350
78
86
14
19
509
482
480
417
78
6
14
19
84
481
479
418
79
82
90
18
432
487
484
353
79
82
10
18
433
485
483
426
79
7
10
18
87
484
488
427
79
90
95
23
525
450
487
356
79
90
18
23
527
488
486
483
79
7
18
23
90
487
451
485
80
85
87
15
441
465
490
359
80
85
13
15
442
491
489
405
80
8
13
15
93
490
466
406
81
83
88
16
499
496
493
362
81
83
11
16
500
494
492
471
81
9
11
16
96
493
497
472
81
88
93
21
510
474
496
365
81
88
16
21
512
497
495
492
81
9
16
21
99
496
475
494
83
88
91
19
396
477
499
368
83
88
16
19
397
500
498
492
83
11
16
19
102
499
478
493
86
87
90
18
444
505
502
371
86
87
15
18
445
503
501
423
86
14
15
18
105
502
506
424
86
90
94
22
519
507
505
374
86
90
18
22
520
506
504
501
86
14
18
22
108
505
509
503
86
91
94
22
402
504
508
377
86
91
19
22
403
509
507
480
86
14
19
22
111
508
506
481
88
89
93
21
516
495
511
380
88
89
17
21
518
512
510
514
88
16
17
21
114
511
496
515
88
89
94
22
519
399
514
383
88
89
17
22
521
515
513
511
88
16
17
22
117
514
400
512
89
90
93
21
522
510
517
386
89
90
18
21
524
518
516
520
89
17
18
21
120
517
511
521
89
90
94
22
504
513
520
389
89
90
18
22
505
521
519
517
89
17
18
22
123
520
514
518
90
92
93
21
453
516
523
392
90
92
20
21
454
524
522
526
90
18
20
21
126
523
517
527
90
92
95
23
456
486
526
395
90
92
20
23
457
527
525
523
90
18
20
23
129
526
487
524
528
