1
96
0
0
0
0
0
0
0
0
0
0
0
0
0
0
0
0
0
0
0
0
0
0
0
0
1
1
1
1
1
1
1
1
1
1
1
1
1
1
1
1
1
1
1
1
1
1
1
1
2
2
2
2
2
2
2
2
2
2
2
2
2
2
2
2
2
2
2
2
2
2
2
2
3
3
3
3
3
3
3
3
3
3
3
3
3
3
3
3
3
3
3
3
3
3
3
3
96
528
0
3
14
38
55
15
1
398
0
3
27
38
56
2
0
4
0
24
27
38
132
1
17
5
0
3
19
43
48
12
4
401
0
3
27
43
50
5
3
1
0
24
27
43
135
4
14
2
0
5
6
30
64
13
7
404
0
5
29
30
65
8
6
10
0
24
29
30
138
7
14
11
0
5
7
31
67
16
10
407
0
5
29
31
68
11
9
7
0
24
29
31
141
10
17
8
0
6
19
43
48
3
13
410
0
6
30
43
49
14
12
6
0
24
30
43
144
13
5
8
0
7
14
38
91
0
16
413
0
7
31
38
92
17
15
9
0
24
31
38
147
16
2
11
1
4
7
31
61
25
19
416
1
4
28
31
62
20
18
22
1
25
28
31
150
19
26
23
1
4
12
36
33
28
22
419
1
4
28
36
34
23
21
19
1
25
28
36
153
22
29
20
1
7
20
44
69
27
25
422
1
7
31
44
70
26
24
18
1
25
31
44
156
25
29
20
1
12
20
44
99
24
28
425
1
12
36
44
100
29
27
21
1
25
36
44
159
28
26
23
2
4
6
30
58
37
31
428
2
4
28
30
59
32
30
34
2
26
28
30
162
31
38
35
2
4
12
36
21
39
34
431
2
4
28
36
22
35
33
31
2
26
28
36
165
34
41
32
2
6
15
39
84
45
37
434
2
6
30
39
86
38
36
30
2
26
30
39
168
37
47
32
2
10
12
36
118
33
40
437
2
10
34
36
119
41
39
43
2
26
34
36
171
40
35
44
2
10
13
37
121
46
43
440
2
10
34
37
122
44
42
40
2
26
34
37
174
43
47
41
2
13
15
39
123
36
46
443
2
13
37
39
124
47
45
42
2
26
37
39
177
46
38
44
3
6
19
43
12
3
49
446
3
6
30
43
13
50
48
52
3
27
30
43
180
49
4
53
3
6
22
46
72
54
52
449
3
6
30
46
74
53
51
49
3
27
30
46
183
52
56
50
3
14
22
46
90
51
55
452
3
14
38
46
91
56
54
0
3
27
38
46
186
55
53
1
4
6
17
41
63
60
58
455
4
6
30
41
64
59
57
30
4
28
30
41
189
58
62
31
4
7
17
41
66
57
61
458
4
7
31
41
67
62
60
18
4
28
31
41
192
61
59
19
5
6
17
41
57
66
64
461
5
6
30
41
58
65
63
6
5
29
30
41
195
64
68
7
5
7
17
41
60
63
67
464
5
7
31
41
61
68
66
9
5
29
31
41
198
67
65
10
6
7
20
44
24
81
70
467
6
7
31
44
25
71
69
73
6
30
31
44
201
70
83
74
6
7
22
46
90
51
73
470
6
7
31
46
92
74
72
70
6
30
31
46
204
73
52
71
6
8
9
33
94
82
76
473
6
8
32
33
95
77
75
79
6
30
32
33
207
76
83
80
6
8
16
40
103
87
79
476
6
8
32
40
104
80
78
76
6
30
32
40
210
79
89
77
6
9
20
44
109
69
82
479
6
9
33
44
110
83
81
75
6
30
33
44
213
82
71
77
6
11
15
39
123
36
85
482
6
11
35
39
125
86
84
88
6
30
35
39
216
85
37
89
6
11
16
40
111
78
88
485
6
11
35
40
112
89
87
85
6
30
35
40
219
88
80
86
7
14
22
46
54
72
91
488
7
14
38
46
55
92
90
15
7
31
38
46
222
91
73
16
8
9
21
45
108
105
94
491
8
9
33
45
110
95
93
75
8
32
33
45
225
94
107
76
8
12
18
42
129
102
97
494
8
12
36
42
131
98
96
100
8
32
36
42
228
97
104
101
8
12
20
44
27
106
100
497
8
12
36
44
28
101
99
97
8
32
36
44
231
100
107
98
8
16
18
42
129
96
103
500
8
16
40
42
130
104
102
78
8
32
40
42
234
103
98
79
8
20
21
45
108
93
106
503
8
20
44
45
109
107
105
99
8
32
44
45
237
106
95
101
9
20
21
45
105
93
109
506
9
20
44
45
106
110
108
81
9
33
44
45
240
109
94
82
10
11
16
40
87
117
112
509
10
11
35
40
88
113
111
115
10
34
35
40
243
112
119
116
10
11
23
47
126
120
115
512
10
11
35
47
128
116
114
112
10
34
35
47
246
115
122
113
10
12
16
40
130
111
118
515
10
12
36
40
131
119
117
39
10
34
36
40
249
118
113
40
10
13
23
47
126
114
121
518
10
13
37
47
127
122
120
42
10
34
37
47
252
121
116
43
11
13
15
39
45
84
124
521
11
13
37
39
46
125
123
127
11
35
37
39
255
124
85
128
11
13
23
47
120
114
127
524
11
13
37
47
121
128
126
124
11
35
37
47
258
127
115
125
12
16
18
42
102
96
130
527
12
16
40
42
103
131
129
117
12
36
40
42
261
130
97
118
24
27
38
62
187
147
133
2
24
27
51
62
188
134
132
136
24
48
51
62
264
133
149
137
24
27
43
67
180
144
136
5
24
27
51
67
182
137
135
133
24
48
51
67
267
136
146
134
24
29
30
54
196
145
139
8
24
29
53
54
197
140
138
142
24
48
53
54
270
139
146
143
24
29
31
55
199
148
142
11
24
29
53
55
200
143
141
139
24
48
53
55
273
142
149
140
24
30
43
67
180
135
145
14
24
30
54
67
181
146
144
138
24
48
54
67
276
145
137
140
24
31
38
62
223
132
148
17
24
31
55
62
224
149
147
141
24
48
55
62
279
148
134
143
25
28
31
55
193
157
151
20
25
28
52
55
194
152
150
154
25
49
52
55
282
151
158
155
25
28
36
60
165
160
154
23
25
28
52
60
166
155
153
151
25
49
52
60
285
154
161
152
25
31
44
68
201
159
157
26
25
31
55
68
202
158
156
150
25
49
55
68
288
157
161
152
25
36
44
68
231
156
160
29
25
36
60
68
232
161
159
153
25
49
60
68
291
160
158
155
26
28
30
54
190
169
163
32
26
28
52
54
191
164
162
166
26
50
52
54
294
163
170
167
26
28
36
60
153
171
166
35
26
28
52
60
154
167
165
163
26
50
52
60
297
166
173
164
26
30
39
63
216
177
169
38
26
30
54
63
218
170
168
162
26
50
54
63
300
169
179
164
26
34
36
60
250
165
172
41
26
34
58
60
251
173
171
175
26
50
58
60
303
172
167
176
26
34
37
61
253
178
175
44
26
34
58
61
254
176
174
172
26
50
58
61
306
175
179
173
26
37
39
63
255
168
178
47
26
37
61
63
256
179
177
174
26
50
61
63
309
178
170
176
27
30
43
67
144
135
181
50
27
30
54
67
145
182
180
184
27
51
54
67
312
181
136
185
27
30
46
70
204
186
184
53
27
30
54
70
206
185
183
181
27
51
54
70
315
184
188
182
27
38
46
70
222
183
187
56
27
38
62
70
223
188
186
132
27
51
62
70
318
187
185
133
28
30
41
65
195
192
190
59
28
30
54
65
196
191
189
162
28
52
54
65
321
190
194
163
28
31
41
65
198
189
193
62
28
31
55
65
199
194
192
150
28
52
55
65
324
193
191
151
29
30
41
65
189
198
196
65
29
30
54
65
190
197
195
138
29
53
54
65
327
196
200
139
29
31
41
65
192
195
199
68
29
31
55
65
193
200
198
141
29
53
55
65
330
199
197
142
30
31
44
68
156
213
202
71
30
31
55
68
157
203
201
205
30
54
55
68
333
202
215
206
30
31
46
70
222
183
205
74
30
31
55
70
224
206
204
202
30
54
55
70
336
205
184
203
30
32
33
57
226
214
208
77
30
32
56
57
227
209
207
211
30
54
56
57
339
208
215
212
30
32
40
64
235
219
211
80
30
32
56
64
236
212
210
208
30
54
56
64
342
211
221
209
30
33
44
68
241
201
214
83
30
33
57
68
242
215
213
207
30
54
57
68
345
214
203
209
30
35
39
63
255
168
217
86
30
35
59
63
257
218
216
220
30
54
59
63
348
217
169
221
30
35
40
64
243
210
220
89
30
35
59
64
244
221
219
217
30
54
59
64
351
220
212
218
31
38
46
70
186
204
223
92
31
38
62
70
187
224
222
147
31
55
62
70
354
223
205
148
32
33
45
69
240
237
226
95
32
33
57
69
242
227
225
207
32
56
57
69
357
226
239
208
32
36
42
66
261
234
229
98
32
36
60
66
263
230
228
232
32
56
60
66
360
229
236
233
32
36
44
68
159
238
232
101
32
36
60
68
160
233
231
229
32
56
60
68
363
232
239
230
32
40
42
66
261
228
235
104
32
40
64
66
262
236
234
210
32
56
64
66
366
235
230
211
32
44
45
69
240
225
238
107
32
44
68
69
241
239
237
231
32
56
68
69
369
238
227
233
33
44
45
69
237
225
241
110
33
44
68
69
238
242
240
213
33
57
68
69
372
241
226
214
34
35
40
64
219
249
244
113
34
35
59
64
220
245
243
247
34
58
59
64
375
244
251
248
34
35
47
71
258
252
247
116
34
35
59
71
260
248
246
244
34
58
59
71
378
247
254
245
34
36
40
64
262
243
250
119
34
36
60
64
263
251
249
171
34
58
60
64
381
250
245
172
34
37
47
71
258
246
253
122
34
37
61
71
259
254
252
174
34
58
61
71
384
253
248
175
35
37
39
63
177
216
256
125
35
37
61
63
178
257
255
259
35
59
61
63
387
256
217
260
35
37
47
71
252
246
259
128
35
37
61
71
253
260
258
256
35
59
61
71
390
259
247
257
36
40
42
66
234
228
262
131
36
40
64
66
235
263
261
249
36
60
64
66
393
262
229
250
48
51
62
86
319
279
265
134
48
51
75
86
320
266
264
268
48
72
75
86
396
265
281
269
48
51
67
91
312
276
268
137
48
51
75
91
314
269
267
265
48
72
75
91
399
268
278
266
48
53
54
78
328
277
271
140
48
53
77
78
329
272
270
274
48
72
77
78
402
271
278
275
48
53
55
79
331
280
274
143
48
53
77
79
332
275
273
271
48
72
77
79
405
274
281
272
48
54
67
91
312
267
277
146
48
54
78
91
313
278
276
270
48
72
78
91
408
277
269
272
48
55
62
86
355
264
280
149
48
55
79
86
356
281
279
273
48
72
79
86
411
280
266
275
49
52
55
79
325
289
283
152
49
52
76
79
326
284
282
286
49
73
76
79
414
283
290
287
49
52
60
84
297
292
286
155
49
52
76
84
298
287
285
283
49
73
76
84
417
286
293
284
49
55
68
92
333
291
289
158
49
55
79
92
334
290
288
282
49
73
79
92
420
289
293
284
49
60
68
92
363
288
292
161
49
60
84
92
364
293
291
285
49
73
84
92
423
292
290
287
50
52
54
78
322
301
295
164
50
52
76
78
323
296
294
298
50
74
76
78
426
295
302
299
50
52
60
84
285
303
298
167
50
52
76
84
286
299
297
295
50
74
76
84
429
298
305
296
50
54
63
87
348
309
301
170
50
54
78
87
350
302
300
294
50
74
78
87
432
301
311
296
50
58
60
84
382
297
304
173
50
58
82
84
383
305
303
307
50
74
82
84
435
304
299
308
50
58
61
85
385
310
307
176
50
58
82
85
386
308
306
304
50
74
82
85
438
307
311
305
50
61
63
87
387
300
310
179
50
61
85
87
388
311
309
306
50
74
85
87
441
310
302
308
51
54
67
91
276
267
313
182
51
54
78
91
277
314
312
316
51
75
78
91
444
313
268
317
51
54
70
94
336
318
316
185
51
54
78
94
338
317
315
313
51
75
78
94
447
316
320
314
51
62
70
94
354
315
319
188
51
62
86
94
355
320
318
264
51
75
86
94
450
319
317
265
52
54
65
89
327
324
322
191
52
54
78
89
328
323
321
294
52
76
78
89
453
322
326
295
52
55
65
89
330
321
325
194
52
55
79
89
331
326
324
282
52
76
79
89
456
325
323
283
53
54
65
89
321
330
328
197
53
54
78
89
322
329
327
270
53
77
78
89
459
328
332
271
53
55
65
89
324
327
331
200
53
55
79
89
325
332
330
273
53
77
79
89
462
331
329
274
54
55
68
92
288
345
334
203
54
55
79
92
289
335
333
337
54
78
79
92
465
334
347
338
54
55
70
94
354
315
337
206
54
55
79
94
356
338
336
334
54
78
79
94
468
337
316
335
54
56
57
81
358
346
340
209
54
56
80
81
359
341
339
343
54
78
80
81
471
340
347
344
54
56
64
88
367
351
343
212
54
56
80
88
368
344
342
340
54
78
80
88
474
343
353
341
54
57
68
92
373
333
346
215
54
57
81
92
374
347
345
339
54
78
81
92
477
346
335
341
54
59
63
87
387
300
349
218
54
59
83
87
389
350
348
352
54
78
83
87
480
349
301
353
54
59
64
88
375
342
352
221
54
59
83
88
376
353
351
349
54
78
83
88
483
352
344
350
55
62
70
94
318
336
355
224
55
62
86
94
319
356
354
279
55
79
86
94
486
355
337
280
56
57
69
93
372
369
358
227
56
57
81
93
374
359
357
339
56
80
81
93
489
358
371
340
56
60
66
90
393
366
361
230
56
60
84
90
395
362
360
364
56
80
84
90
492
361
368
365
56
60
68
92
291
370
364
233
56
60
84
92
292
365
363
361
56
80
84
92
495
364
371
362
56
64
66
90
393
360
367
236
56
64
88
90
394
368
366
342
56
80
88
90
498
367
362
343
56
68
69
93
372
357
370
239
56
68
92
93
373
371
369
363
56
80
92
93
501
370
359
365
57
68
69
93
369
357
373
242
57
68
92
93
370
374
372
345
57
81
92
93
504
373
358
346
58
59
64
88
351
381
376
245
58
59
83
88
352
377
375
379
58
82
83
88
507
376
383
380
58
59
71
95
390
384
379
248
58
59
83
95
392
380
378
376
58
82
83
95
510
379
386
377
58
60
64
88
394
375
382
251
58
60
84
88
395
383
381
303
58
82
84
88
513
382
377
304
58
61
71
95
390
378
385
254
58
61
85
95
391
386
384
306
58
82
85
95
516
385
380
307
59
61
63
87
309
348
388
257
59
61
85
87
310
389
387
391
59
83
85
87
519
388
349
392
59
61
71
95
384
378
391
260
59
61
85
95
385
392
390
388
59
83
85
95
522
391
379
389
60
64
66
90
366
360
394
263
60
64
88
90
367
395
393
381
60
84
88
90
525
394
361
382
72
75
86
14
451
411
397
266
72
75
3
14
452
398
396
400
72
0
3
14
0
397
413
401
72
75
91
19
444
408
400
269
72
75
3
19
446
401
399
397
72
0
3
19
3
400
410
398
72
77
78
6
460
409
403
272
72
77
5
6
461
404
402
406
72
0
5
6
6
403
410
407
72
77
79
7
463
412
406
275
72
77
5
7
464
407
405
403
72
0
5
7
9
406
413
404
72
78
91
19
444
399
409
278
72
78
6
19
445
410
408
402
72
0
6
19
12
409
401
404
72
79
86
14
487
396
412
281
72
79
7
14
488
413
411
405
72
0
7
14
15
412
398
407
73
76
79
7
457
421
415
284
73
76
4
7
458
416
414
418
73
1
4
7
18
415
422
419
73
76
84
12
429
424
418
287
73
76
4
12
430
419
417
415
73
1
4
12
21
418
425
416
73
79
92
20
465
423
421
290
73
79
7
20
466
422
420
414
73
1
7
20
24
421
425
416
73
84
92
20
495
420
424
293
73
84
12
20
496
425
423
417
73
1
12
20
27
424
422
419
74
76
78
6
454
433
427
296
74
76
4
6
455
428
426
430
74
2
4
6
30
427
434
431
74
76
84
12
417
435
430
299
74
76
4
12
418
431
429
427
74
2
4
12
33
430
437
428
74
78
87
15
480
441
433
302
74
78
6
15
482
434
432
426
74
2
6
15
36
433
443
428
74
82
84
12
514
429
436
305
74
82
10
12
515
437
435
439
74
2
10
12
39
436
431
440
74
82
85
13
517
442
439
308
74
82
10
13
518
440
438
436
74
2
10
13
42
439
443
437
74
85
87
15
519
432
442
311
74
85
13
15
520
443
441
438
74
2
13
15
45
442
434
440
75
78
91
19
408
399
445
314
75
78
6
19
409
446
444
448
75
3
6
19
48
445
400
449
75
78
94
22
468
450
448
317
75
78
6
22
470
449
447
445
75
3
6
22
51
448
452
446
75
86
94
22
486
447
451
320
75
86
14
22
487
452
450
396
75
3
14
22
54
451
449
397
76
78
89
17
459
456
454
323
76
78
6
17
460
455
453
426
76
4
6
17
57
454
458
427
76
79
89
17
462
453
457
326
76
79
7
17
463
458
456
414
76
4
7
17
60
457
455
415
77
78
89
17
453
462
460
329
77
78
6
17
454
461
459
402
77
5
6
17
63
460
464
403
77
79
89
17
456
459
463
332
77
79
7
17
457
464
462
405
77
5
7
17
66
463
461
406
78
79
92
20
420
477
466
335
78
79
7
20
421
467
465
469
78
6
7
20
69
466
479
470
78
79
94
22
486
447
469
338
78
79
7
22
488
470
468
466
78
6
7
22
72
469
448
467
78
80
81
9
490
478
472
341
78
80
8
9
491
473
471
475
78
6
8
9
75
472
479
476
78
80
88
16
499
483
475
344
78
80
8
16
500
476
474
472
78
6
8
16
78
475
485
473
78
81
92
20
505
465
478
347
78
81
9
20
506
479
477
471
78
6
9
20
81
478
467
473
78
83
87
15
519
432
481
350
78
83
11
15
521
482
480
484
78
6
11
15
84
481
433
485
78
83
88
16
507
474
484
353
78
83
11
16
508
485
483
481
78
6
11
16
87
484
476
482
79
86
94
22
450
468
487
356
79
86
14
22
451
488
486
411
79
7
14
22
90
487
469
412
80
81
93
21
504
501
490
359
80
81
9
21
506
491
489
471
80
8
9
21
93
490
503
472
80
84
90
18
525
498
493
362
80
84
12
18
527
494
492
496
80
8
12
18
96
493
500
497
80
84
92
20
423
502
496
365
80
84
12
20
424
497
495
493
80
8
12
20
99
496
503
494
80
88
90
18
525
492
499
368
80
88
16
18
526
500
498
474
80
8
16
18
102
499
494
475
80
92
93
21
504
489
502
371
80
92
20
21
505
503
501
495
80
8
20
21
105
502
491
497
81
92
93
21
501
489
505
374
81
92
20
21
502
506
504
477
81
9
20
21
108
505
490
478
82
83
88
16
483
513
508
377
82
83
11
16
484
509
507
511
82
10
11
16
111
508
515
512
82
83
95
23
522
516
511
380
82
83
11
23
524
512
510
508
82
10
11
23
114
511
518
509
82
84
88
16
526
507
514
383
82
84
12
16
527
515
513
435
82
10
12
16
117
514
509
436
82
85
95
23
522
510
517
386
82
85
13
23
523
518
516
438
82
10
13
23
120
517
512
439
83
85
87
15
441
480
520
389
83
85
13
15
442
521
519
523
83
11
13
15
123
520
481
524
83
85
95
23
516
510
523
392
83
85
13
23
517
524
522
520
83
11
13
23
126
523
511
521
84
88
90
18
498
492
526
395
84
88
16
18
499
527
525
513
84
12
16
18
129
526
493
514
528
