1
96
0
0
0
0
0
0
0
0
0
0
0
0
0
0
0
0
0
0
0
0
0
0
0
0
1
1
1
1
1
1
1
1
1
1
1
1
1
1
1
1
1
1
1
1
1
1
1
1
2
2
2
2
2
2
2
2
2
2
2
2
2
2
2
2
2
2
2
2
2
2
2
2
3
3
3
3
3
3
3
3
3
3
3
3
3
3
3
3
3
3
3
3
3
3
3
3
96
528
0
6
14
38
67
7
1
398
0
6
30
38
68
2
0
4
0
24
30
38
132
1
8
5
0
6
20
44
78
6
4
401
0
6
30
44
80
5
3
1
0
24
30
44
135
4
8
2
0
14
20
44
126
3
7
404
0
14
38
44
128
8
6
0
0
24
38
44
138
7
5
2
1
3
4
28
37
16
10
407
1
3
27
28
38
11
9
13
1
25
27
28
141
10
17
14
1
3
13
37
36
19
13
410
1
3
27
37
38
14
12
10
1
25
27
37
144
13
20
11
1
4
18
42
49
21
16
413
1
4
28
42
50
17
15
9
1
25
28
42
147
16
23
11
1
13
14
38
124
22
19
416
1
13
37
38
125
20
18
12
1
25
37
38
150
19
23
14
1
14
18
42
114
15
22
419
1
14
38
42
115
23
21
18
1
25
38
42
153
22
17
20
2
8
14
38
96
31
25
422
2
8
32
38
98
26
24
28
2
26
32
38
156
25
32
29
2
8
23
47
93
33
28
425
2
8
32
47
95
29
27
25
2
26
32
47
159
28
35
26
2
14
21
45
66
34
31
428
2
14
38
45
67
32
30
24
2
26
38
45
162
31
35
26
2
21
23
47
102
27
34
431
2
21
45
47
103
35
33
30
2
26
45
47
165
34
29
32
3
4
13
37
39
12
37
434
3
4
28
37
41
38
36
9
3
27
28
37
168
37
13
10
4
6
13
37
64
36
40
437
4
6
30
37
65
41
39
43
4
28
30
37
171
40
37
44
4
6
15
39
70
46
43
440
4
6
30
39
71
44
42
40
4
28
30
39
174
43
47
41
4
15
22
46
69
51
46
443
4
15
39
46
70
47
45
42
4
28
39
46
177
46
53
44
4
18
19
43
117
52
49
446
4
18
42
43
118
50
48
15
4
28
42
43
180
49
53
16
4
19
22
46
81
45
52
449
4
19
43
46
82
53
51
48
4
28
43
46
183
52
47
50
5
10
12
36
112
61
55
452
5
10
34
36
113
56
54
58
5
29
34
36
186
55
62
59
5
10
14
38
105
60
58
455
5
10
34
38
107
59
57
55
5
29
34
38
189
58
62
56
5
12
14
38
96
57
61
458
5
12
36
38
97
62
60
54
5
29
36
38
192
61
59
56
6
13
17
41
123
79
64
461
6
13
37
41
125
65
63
39
6
30
37
41
195
64
80
40
6
14
21
45
30
75
67
464
6
14
38
45
31
68
66
0
6
30
38
45
198
67
77
1
6
15
22
46
45
81
70
467
6
15
39
46
46
71
69
42
6
30
39
46
201
70
83
43
6
16
19
43
130
82
73
470
6
16
40
43
131
74
72
76
6
30
40
43
204
73
83
77
6
16
21
45
129
66
76
473
6
16
40
45
131
77
75
73
6
30
40
45
207
76
68
74
6
17
20
44
126
3
79
476
6
17
41
44
127
80
78
63
6
30
41
44
210
79
4
65
6
19
22
46
51
69
82
479
6
19
43
46
52
83
81
72
6
30
43
46
213
82
71
74
7
8
9
33
94
91
85
482
7
8
32
33
95
86
84
88
7
31
32
33
216
85
92
89
7
8
12
36
97
90
88
485
7
8
32
36
98
89
87
85
7
31
32
36
219
88
92
86
7
9
12
36
100
87
91
488
7
9
33
36
101
92
90
84
7
31
33
36
222
91
89
86
8
9
23
47
102
27
94
491
8
9
33
47
104
95
93
84
8
32
33
47
225
94
28
85
8
12
14
38
60
24
97
494
8
12
36
38
61
98
96
87
8
32
36
38
228
97
25
88
9
12
21
45
120
103
100
497
9
12
36
45
122
101
99
90
9
33
36
45
231
100
104
91
9
21
23
47
33
93
103
500
9
21
45
47
34
104
102
99
9
33
45
47
234
103
94
101
10
11
14
38
115
57
106
503
10
11
35
38
116
107
105
109
10
34
35
38
237
106
58
110
10
11
19
43
117
111
109
506
10
11
35
43
119
110
108
106
10
34
35
43
240
109
113
107
10
12
19
43
121
108
112
509
10
12
36
43
122
113
111
54
10
34
36
43
243
112
110
55
11
14
18
42
21
118
115
512
11
14
38
42
22
116
114
105
11
35
38
42
246
115
119
106
11
18
19
43
48
108
118
515
11
18
42
43
49
119
117
114
11
35
42
43
249
118
109
116
12
19
21
45
129
99
121
518
12
19
43
45
130
122
120
111
12
36
43
45
252
121
100
112
13
14
17
41
127
63
124
521
13
14
38
41
128
125
123
18
13
37
38
41
255
124
64
19
14
17
20
44
78
6
127
524
14
17
41
44
79
128
126
123
14
38
41
44
258
127
7
124
16
19
21
45
120
75
130
527
16
19
43
45
121
131
129
72
16
40
43
45
261
130
76
73
24
30
38
62
199
139
133
2
24
30
54
62
200
134
132
136
24
48
54
62
264
133
140
137
24
30
44
68
210
138
136
5
24
30
54
68
212
137
135
133
24
48
54
68
267
136
140
134
24
38
44
68
258
135
139
8
24
38
62
68
260
140
138
132
24
48
62
68
270
139
137
134
25
27
28
52
169
148
142
11
25
27
51
52
170
143
141
145
25
49
51
52
273
142
149
146
25
27
37
61
168
151
145
14
25
27
51
61
170
146
144
142
25
49
51
61
276
145
152
143
25
28
42
66
181
153
148
17
25
28
52
66
182
149
147
141
25
49
52
66
279
148
155
143
25
37
38
62
256
154
151
20
25
37
61
62
257
152
150
144
25
49
61
62
282
151
155
146
25
38
42
66
246
147
154
23
25
38
62
66
247
155
153
150
25
49
62
66
285
154
149
152
26
32
38
62
228
163
157
26
26
32
56
62
230
158
156
160
26
50
56
62
288
157
164
161
26
32
47
71
225
165
160
29
26
32
56
71
227
161
159
157
26
50
56
71
291
160
167
158
26
38
45
69
198
166
163
32
26
38
62
69
199
164
162
156
26
50
62
69
294
163
167
158
26
45
47
71
234
159
166
35
26
45
69
71
235
167
165
162
26
50
69
71
297
166
161
164
27
28
37
61
171
144
169
38
27
28
52
61
173
170
168
141
27
51
52
61
300
169
145
142
28
30
37
61
196
168
172
41
28
30
54
61
197
173
171
175
28
52
54
61
303
172
169
176
28
30
39
63
202
178
175
44
28
30
54
63
203
176
174
172
28
52
54
63
306
175
179
173
28
39
46
70
201
183
178
47
28
39
63
70
202
179
177
174
28
52
63
70
309
178
185
176
28
42
43
67
249
184
181
50
28
42
66
67
250
182
180
147
28
52
66
67
312
181
185
148
28
43
46
70
213
177
184
53
28
43
67
70
214
185
183
180
28
52
67
70
315
184
179
182
29
34
36
60
244
193
187
56
29
34
58
60
245
188
186
190
29
53
58
60
318
187
194
191
29
34
38
62
237
192
190
59
29
34
58
62
239
191
189
187
29
53
58
62
321
190
194
188
29
36
38
62
228
189
193
62
29
36
60
62
229
194
192
186
29
53
60
62
324
193
191
188
30
37
41
65
255
211
196
65
30
37
61
65
257
197
195
171
30
54
61
65
327
196
212
172
30
38
45
69
162
207
199
68
30
38
62
69
163
200
198
132
30
54
62
69
330
199
209
133
30
39
46
70
177
213
202
71
30
39
63
70
178
203
201
174
30
54
63
70
333
202
215
175
30
40
43
67
262
214
205
74
30
40
64
67
263
206
204
208
30
54
64
67
336
205
215
209
30
40
45
69
261
198
208
77
30
40
64
69
263
209
207
205
30
54
64
69
339
208
200
206
30
41
44
68
258
135
211
80
30
41
65
68
259
212
210
195
30
54
65
68
342
211
136
197
30
43
46
70
183
201
214
83
30
43
67
70
184
215
213
204
30
54
67
70
345
214
203
206
31
32
33
57
226
223
217
86
31
32
56
57
227
218
216
220
31
55
56
57
348
217
224
221
31
32
36
60
229
222
220
89
31
32
56
60
230
221
219
217
31
55
56
60
351
220
224
218
31
33
36
60
232
219
223
92
31
33
57
60
233
224
222
216
31
55
57
60
354
223
221
218
32
33
47
71
234
159
226
95
32
33
57
71
236
227
225
216
32
56
57
71
357
226
160
217
32
36
38
62
192
156
229
98
32
36
60
62
193
230
228
219
32
56
60
62
360
229
157
220
33
36
45
69
252
235
232
101
33
36
60
69
254
233
231
222
33
57
60
69
363
232
236
223
33
45
47
71
165
225
235
104
33
45
69
71
166
236
234
231
33
57
69
71
366
235
226
233
34
35
38
62
247
189
238
107
34
35
59
62
248
239
237
241
34
58
59
62
369
238
190
242
34
35
43
67
249
243
241
110
34
35
59
67
251
242
240
238
34
58
59
67
372
241
245
239
34
36
43
67
253
240
244
113
34
36
60
67
254
245
243
186
34
58
60
67
375
244
242
187
35
38
42
66
153
250
247
116
35
38
62
66
154
248
246
237
35
59
62
66
378
247
251
238
35
42
43
67
180
240
250
119
35
42
66
67
181
251
249
246
35
59
66
67
381
250
241
248
36
43
45
69
261
231
253
122
36
43
67
69
262
254
252
243
36
60
67
69
384
253
232
244
37
38
41
65
259
195
256
125
37
38
62
65
260
257
255
150
37
61
62
65
387
256
196
151
38
41
44
68
210
138
259
128
38
41
65
68
211
260
258
255
38
62
65
68
390
259
139
256
40
43
45
69
252
207
262
131
40
43
67
69
253
263
261
204
40
64
67
69
393
262
208
205
48
54
62
86
331
271
265
134
48
54
78
86
332
266
264
268
48
72
78
86
396
265
272
269
48
54
68
92
342
270
268
137
48
54
78
92
344
269
267
265
48
72
78
92
399
268
272
266
48
62
68
92
390
267
271
140
48
62
86
92
392
272
270
264
48
72
86
92
402
271
269
266
49
51
52
76
301
280
274
143
49
51
75
76
302
275
273
277
49
73
75
76
405
274
281
278
49
51
61
85
300
283
277
146
49
51
75
85
302
278
276
274
49
73
75
85
408
277
284
275
49
52
66
90
313
285
280
149
49
52
76
90
314
281
279
273
49
73
76
90
411
280
287
275
49
61
62
86
388
286
283
152
49
61
85
86
389
284
282
276
49
73
85
86
414
283
287
278
49
62
66
90
378
279
286
155
49
62
86
90
379
287
285
282
49
73
86
90
417
286
281
284
50
56
62
86
360
295
289
158
50
56
80
86
362
290
288
292
50
74
80
86
420
289
296
293
50
56
71
95
357
297
292
161
50
56
80
95
359
293
291
289
50
74
80
95
423
292
299
290
50
62
69
93
330
298
295
164
50
62
86
93
331
296
294
288
50
74
86
93
426
295
299
290
50
69
71
95
366
291
298
167
50
69
93
95
367
299
297
294
50
74
93
95
429
298
293
296
51
52
61
85
303
276
301
170
51
52
76
85
305
302
300
273
51
75
76
85
432
301
277
274
52
54
61
85
328
300
304
173
52
54
78
85
329
305
303
307
52
76
78
85
435
304
301
308
52
54
63
87
334
310
307
176
52
54
78
87
335
308
306
304
52
76
78
87
438
307
311
305
52
63
70
94
333
315
310
179
52
63
87
94
334
311
309
306
52
76
87
94
441
310
317
308
52
66
67
91
381
316
313
182
52
66
90
91
382
314
312
279
52
76
90
91
444
313
317
280
52
67
70
94
345
309
316
185
52
67
91
94
346
317
315
312
52
76
91
94
447
316
311
314
53
58
60
84
376
325
319
188
53
58
82
84
377
320
318
322
53
77
82
84
450
319
326
323
53
58
62
86
369
324
322
191
53
58
82
86
371
323
321
319
53
77
82
86
453
322
326
320
53
60
62
86
360
321
325
194
53
60
84
86
361
326
324
318
53
77
84
86
456
325
323
320
54
61
65
89
387
343
328
197
54
61
85
89
389
329
327
303
54
78
85
89
459
328
344
304
54
62
69
93
294
339
331
200
54
62
86
93
295
332
330
264
54
78
86
93
462
331
341
265
54
63
70
94
309
345
334
203
54
63
87
94
310
335
333
306
54
78
87
94
465
334
347
307
54
64
67
91
394
346
337
206
54
64
88
91
395
338
336
340
54
78
88
91
468
337
347
341
54
64
69
93
393
330
340
209
54
64
88
93
395
341
339
337
54
78
88
93
471
340
332
338
54
65
68
92
390
267
343
212
54
65
89
92
391
344
342
327
54
78
89
92
474
343
268
329
54
67
70
94
315
333
346
215
54
67
91
94
316
347
345
336
54
78
91
94
477
346
335
338
55
56
57
81
358
355
349
218
55
56
80
81
359
350
348
352
55
79
80
81
480
349
356
353
55
56
60
84
361
354
352
221
55
56
80
84
362
353
351
349
55
79
80
84
483
352
356
350
55
57
60
84
364
351
355
224
55
57
81
84
365
356
354
348
55
79
81
84
486
355
353
350
56
57
71
95
366
291
358
227
56
57
81
95
368
359
357
348
56
80
81
95
489
358
292
349
56
60
62
86
324
288
361
230
56
60
84
86
325
362
360
351
56
80
84
86
492
361
289
352
57
60
69
93
384
367
364
233
57
60
84
93
386
365
363
354
57
81
84
93
495
364
368
355
57
69
71
95
297
357
367
236
57
69
93
95
298
368
366
363
57
81
93
95
498
367
358
365
58
59
62
86
379
321
370
239
58
59
83
86
380
371
369
373
58
82
83
86
501
370
322
374
58
59
67
91
381
375
373
242
58
59
83
91
383
374
372
370
58
82
83
91
504
373
377
371
58
60
67
91
385
372
376
245
58
60
84
91
386
377
375
318
58
82
84
91
507
376
374
319
59
62
66
90
285
382
379
248
59
62
86
90
286
380
378
369
59
83
86
90
510
379
383
370
59
66
67
91
312
372
382
251
59
66
90
91
313
383
381
378
59
83
90
91
513
382
373
380
60
67
69
93
393
363
385
254
60
67
91
93
394
386
384
375
60
84
91
93
516
385
364
376
61
62
65
89
391
327
388
257
61
62
86
89
392
389
387
282
61
85
86
89
519
388
328
283
62
65
68
92
342
270
391
260
62
65
89
92
343
392
390
387
62
86
89
92
522
391
271
388
64
67
69
93
384
339
394
263
64
67
91
93
385
395
393
336
64
88
91
93
525
394
340
337
72
78
86
14
463
403
397
266
72
78
6
14
464
398
396
400
72
0
6
14
0
397
404
401
72
78
92
20
474
402
400
269
72
78
6
20
476
401
399
397
72
0
6
20
3
400
404
398
72
86
92
20
522
399
403
272
72
86
14
20
524
404
402
396
72
0
14
20
6
403
401
398
73
75
76
4
433
412
406
275
73
75
3
4
434
407
405
409
73
1
3
4
9
406
413
410
73
75
85
13
432
415
409
278
73
75
3
13
434
410
408
406
73
1
3
13
12
409
416
407
73
76
90
18
445
417
412
281
73
76
4
18
446
413
411
405
73
1
4
18
15
412
419
407
73
85
86
14
520
418
415
284
73
85
13
14
521
416
414
408
73
1
13
14
18
415
419
410
73
86
90
18
510
411
418
287
73
86
14
18
511
419
417
414
73
1
14
18
21
418
413
416
74
80
86
14
492
427
421
290
74
80
8
14
494
422
420
424
74
2
8
14
24
421
428
425
74
80
95
23
489
429
424
293
74
80
8
23
491
425
423
421
74
2
8
23
27
424
431
422
74
86
93
21
462
430
427
296
74
86
14
21
463
428
426
420
74
2
14
21
30
427
431
422
74
93
95
23
498
423
430
299
74
93
21
23
499
431
429
426
74
2
21
23
33
430
425
428
75
76
85
13
435
408
433
302
75
76
4
13
437
434
432
405
75
3
4
13
36
433
409
406
76
78
85
13
460
432
436
305
76
78
6
13
461
437
435
439
76
4
6
13
39
436
433
440
76
78
87
15
466
442
439
308
76
78
6
15
467
440
438
436
76
4
6
15
42
439
443
437
76
87
94
22
465
447
442
311
76
87
15
22
466
443
441
438
76
4
15
22
45
442
449
440
76
90
91
19
513
448
445
314
76
90
18
19
514
446
444
411
76
4
18
19
48
445
449
412
76
91
94
22
477
441
448
317
76
91
19
22
478
449
447
444
76
4
19
22
51
448
443
446
77
82
84
12
508
457
451
320
77
82
10
12
509
452
450
454
77
5
10
12
54
451
458
455
77
82
86
14
501
456
454
323
77
82
10
14
503
455
453
451
77
5
10
14
57
454
458
452
77
84
86
14
492
453
457
326
77
84
12
14
493
458
456
450
77
5
12
14
60
457
455
452
78
85
89
17
519
475
460
329
78
85
13
17
521
461
459
435
78
6
13
17
63
460
476
436
78
86
93
21
426
471
463
332
78
86
14
21
427
464
462
396
78
6
14
21
66
463
473
397
78
87
94
22
441
477
466
335
78
87
15
22
442
467
465
438
78
6
15
22
69
466
479
439
78
88
91
19
526
478
469
338
78
88
16
19
527
470
468
472
78
6
16
19
72
469
479
473
78
88
93
21
525
462
472
341
78
88
16
21
527
473
471
469
78
6
16
21
75
472
464
470
78
89
92
20
522
399
475
344
78
89
17
20
523
476
474
459
78
6
17
20
78
475
400
461
78
91
94
22
447
465
478
347
78
91
19
22
448
479
477
468
78
6
19
22
81
478
467
470
79
80
81
9
490
487
481
350
79
80
8
9
491
482
480
484
79
7
8
9
84
481
488
485
79
80
84
12
493
486
484
353
79
80
8
12
494
485
483
481
79
7
8
12
87
484
488
482
79
81
84
12
496
483
487
356
79
81
9
12
497
488
486
480
79
7
9
12
90
487
485
482
80
81
95
23
498
423
490
359
80
81
9
23
500
491
489
480
80
8
9
23
93
490
424
481
80
84
86
14
456
420
493
362
80
84
12
14
457
494
492
483
80
8
12
14
96
493
421
484
81
84
93
21
516
499
496
365
81
84
12
21
518
497
495
486
81
9
12
21
99
496
500
487
81
93
95
23
429
489
499
368
81
93
21
23
430
500
498
495
81
9
21
23
102
499
490
497
82
83
86
14
511
453
502
371
82
83
11
14
512
503
501
505
82
10
11
14
105
502
454
506
82
83
91
19
513
507
505
374
82
83
11
19
515
506
504
502
82
10
11
19
108
505
509
503
82
84
91
19
517
504
508
377
82
84
12
19
518
509
507
450
82
10
12
19
111
508
506
451
83
86
90
18
417
514
511
380
83
86
14
18
418
512
510
501
83
11
14
18
114
511
515
502
83
90
91
19
444
504
514
383
83
90
18
19
445
515
513
510
83
11
18
19
117
514
505
512
84
91
93
21
525
495
517
386
84
91
19
21
526
518
516
507
84
12
19
21
120
517
496
508
85
86
89
17
523
459
520
389
85
86
14
17
524
521
519
414
85
13
14
17
123
520
460
415
86
89
92
20
474
402
523
392
86
89
17
20
475
524
522
519
86
14
17
20
126
523
403
520
88
91
93
21
516
471
526
395
88
91
19
21
517
527
525
468
88
16
19
21
129
526
472
469
528
