1
96
0
0
0
0
0
0
0
0
0
0
0
0
0
0
0
0
0
0
0
0
0
0
0
0
1
1
1
1
1
1
1
1
1
1
1
1
1
1
1
1
1
1
1
1
1
1
1
1
2
2
2
2
2
2
2
2
2
2
2
2
2
2
2
2
2
2
2
2
2
2
2
2
3
3
3
3
3
3
3
3
3
3
3
3
3
3
3
3
3
3
3
3
3
3
3
3
96
528
0
7
9
33
85
7
1
398
0
7
31
33
86
2
0
4
0
24
31
33
132
1
8
5
0
7
17
41
90
12
4
401
0
7
31
41
92
5
3
1
0
24
31
41
135
4
14
2
0
9
19
43
102
22
7
404
0
9
33
43
104
8
6
0
0
24
33
43
138
7
23
2
0
13
16
40
111
15
10
407
0
13
37
40
112
11
9
13
0
24
37
40
141
10
17
14
0
13
17
41
90
3
13
410
0
13
37
41
91
14
12
10
0
24
37
41
144
13
5
11
0
15
16
40
42
9
16
413
0
15
39
40
43
17
15
19
0
24
39
40
147
16
11
20
0
15
21
45
30
21
19
416
0
15
39
45
31
20
18
16
0
24
39
45
150
19
23
17
0
19
21
45
39
18
22
419
0
19
43
45
40
23
21
6
0
24
43
45
153
22
20
8
1
3
15
39
52
31
25
422
1
3
27
39
53
26
24
28
1
25
27
39
156
25
32
29
1
3
18
42
51
34
28
425
1
3
27
42
53
29
27
25
1
25
27
42
159
28
35
26
1
15
21
45
18
39
31
428
1
15
39
45
19
32
30
24
1
25
39
45
162
31
41
26
1
18
20
44
129
36
34
431
1
18
42
44
131
35
33
27
1
25
42
44
165
34
38
29
1
19
20
44
129
33
37
434
1
19
43
44
130
38
36
40
1
25
43
44
168
37
35
41
1
19
21
45
21
30
40
437
1
19
43
45
22
41
39
37
1
25
43
45
171
40
32
38
2
15
16
40
15
49
43
440
2
15
39
40
16
44
42
46
2
26
39
40
174
43
50
47
2
15
22
46
117
48
46
443
2
15
39
46
118
47
45
43
2
26
39
46
177
46
50
44
2
16
22
46
127
45
49
446
2
16
40
46
128
50
48
42
2
26
40
46
180
49
47
44
3
15
18
42
124
27
52
449
3
15
39
42
125
53
51
24
3
27
39
42
183
52
28
25
4
10
16
40
111
61
55
452
4
10
34
40
113
56
54
58
4
28
34
40
186
55
62
59
4
10
23
47
99
60
58
455
4
10
34
47
100
59
57
55
4
28
34
47
189
58
62
56
4
16
23
47
126
57
61
458
4
16
40
47
128
62
60
54
4
28
40
47
192
61
59
56
5
11
19
43
102
70
64
461
5
11
35
43
103
65
63
67
5
29
35
43
195
64
71
68
5
11
23
47
105
72
67
464
5
11
35
47
106
68
66
64
5
29
35
47
198
67
74
65
5
19
22
46
120
73
70
467
5
19
43
46
121
71
69
63
5
29
43
46
201
70
74
65
5
22
23
47
126
66
73
470
5
22
46
47
127
74
72
69
5
29
46
47
204
73
68
71
6
9
10
34
93
82
76
473
6
9
33
34
94
77
75
79
6
30
33
34
207
76
83
80
6
9
12
36
84
81
79
476
6
9
33
36
85
80
78
76
6
30
33
36
210
79
83
77
6
10
12
36
109
78
82
479
6
10
34
36
110
83
81
75
6
30
34
36
213
82
80
77
7
9
12
36
78
88
85
482
7
9
33
36
79
86
84
0
7
31
33
36
216
85
89
1
7
12
13
37
108
91
88
485
7
12
36
37
109
89
87
84
7
31
36
37
219
88
92
86
7
13
17
41
12
3
91
488
7
13
37
41
13
92
90
87
7
31
37
41
222
91
4
89
8
9
10
34
75
100
94
491
8
9
33
34
76
95
93
97
8
32
33
34
225
94
101
98
8
9
23
47
105
99
97
494
8
9
33
47
107
98
96
94
8
32
33
47
228
97
101
95
8
10
23
47
57
96
100
497
8
10
34
47
58
101
99
93
8
32
34
47
231
100
98
95
9
11
19
43
63
6
103
500
9
11
35
43
64
104
102
106
9
33
35
43
234
103
7
107
9
11
23
47
66
96
106
503
9
11
35
47
67
107
105
103
9
33
35
47
237
106
97
104
10
12
13
37
87
112
109
506
10
12
36
37
88
110
108
81
10
34
36
37
240
109
113
82
10
13
16
40
9
54
112
509
10
13
37
40
10
113
111
108
10
34
37
40
243
112
55
110
14
15
19
43
123
121
115
512
14
15
39
43
125
116
114
118
14
38
39
43
246
115
122
119
14
15
22
46
45
120
118
515
14
15
39
46
46
119
117
115
14
38
39
46
249
118
122
116
14
19
22
46
69
117
121
518
14
19
43
46
70
122
120
114
14
38
43
46
252
121
119
116
15
18
19
43
130
114
124
521
15
18
42
43
131
125
123
51
15
39
42
43
255
124
115
52
16
22
23
47
72
60
127
524
16
22
46
47
73
128
126
48
16
40
46
47
258
127
61
49
18
19
20
44
36
33
130
527
18
19
43
44
37
131
129
123
18
42
43
44
261
130
34
124
24
31
33
57
217
139
133
2
24
31
55
57
218
134
132
136
24
48
55
57
264
133
140
137
24
31
41
65
222
144
136
5
24
31
55
65
224
137
135
133
24
48
55
65
267
136
146
134
24
33
43
67
234
154
139
8
24
33
57
67
236
140
138
132
24
48
57
67
270
139
155
134
24
37
40
64
243
147
142
11
24
37
61
64
244
143
141
145
24
48
61
64
273
142
149
146
24
37
41
65
222
135
145
14
24
37
61
65
223
146
144
142
24
48
61
65
276
145
137
143
24
39
40
64
174
141
148
17
24
39
63
64
175
149
147
151
24
48
63
64
279
148
143
152
24
39
45
69
162
153
151
20
24
39
63
69
163
152
150
148
24
48
63
69
282
151
155
149
24
43
45
69
171
150
154
23
24
43
67
69
172
155
153
138
24
48
67
69
285
154
152
140
25
27
39
63
184
163
157
26
25
27
51
63
185
158
156
160
25
49
51
63
288
157
164
161
25
27
42
66
183
166
160
29
25
27
51
66
185
161
159
157
25
49
51
66
291
160
167
158
25
39
45
69
150
171
163
32
25
39
63
69
151
164
162
156
25
49
63
69
294
163
173
158
25
42
44
68
261
168
166
35
25
42
66
68
263
167
165
159
25
49
66
68
297
166
170
161
25
43
44
68
261
165
169
38
25
43
67
68
262
170
168
172
25
49
67
68
300
169
167
173
25
43
45
69
153
162
172
41
25
43
67
69
154
173
171
169
25
49
67
69
303
172
164
170
26
39
40
64
147
181
175
44
26
39
63
64
148
176
174
178
26
50
63
64
306
175
182
179
26
39
46
70
249
180
178
47
26
39
63
70
250
179
177
175
26
50
63
70
309
178
182
176
26
40
46
70
259
177
181
50
26
40
64
70
260
182
180
174
26
50
64
70
312
181
179
176
27
39
42
66
256
159
184
53
27
39
63
66
257
185
183
156
27
51
63
66
315
184
160
157
28
34
40
64
243
193
187
56
28
34
58
64
245
188
186
190
28
52
58
64
318
187
194
191
28
34
47
71
231
192
190
59
28
34
58
71
232
191
189
187
28
52
58
71
321
190
194
188
28
40
47
71
258
189
193
62
28
40
64
71
260
194
192
186
28
52
64
71
324
193
191
188
29
35
43
67
234
202
196
65
29
35
59
67
235
197
195
199
29
53
59
67
327
196
203
200
29
35
47
71
237
204
199
68
29
35
59
71
238
200
198
196
29
53
59
71
330
199
206
197
29
43
46
70
252
205
202
71
29
43
67
70
253
203
201
195
29
53
67
70
333
202
206
197
29
46
47
71
258
198
205
74
29
46
70
71
259
206
204
201
29
53
70
71
336
205
200
203
30
33
34
58
225
214
208
77
30
33
57
58
226
209
207
211
30
54
57
58
339
208
215
212
30
33
36
60
216
213
211
80
30
33
57
60
217
212
210
208
30
54
57
60
342
211
215
209
30
34
36
60
241
210
214
83
30
34
58
60
242
215
213
207
30
54
58
60
345
214
212
209
31
33
36
60
210
220
217
86
31
33
57
60
211
218
216
132
31
55
57
60
348
217
221
133
31
36
37
61
240
223
220
89
31
36
60
61
241
221
219
216
31
55
60
61
351
220
224
218
31
37
41
65
144
135
223
92
31
37
61
65
145
224
222
219
31
55
61
65
354
223
136
221
32
33
34
58
207
232
226
95
32
33
57
58
208
227
225
229
32
56
57
58
357
226
233
230
32
33
47
71
237
231
229
98
32
33
57
71
239
230
228
226
32
56
57
71
360
229
233
227
32
34
47
71
189
228
232
101
32
34
58
71
190
233
231
225
32
56
58
71
363
232
230
227
33
35
43
67
195
138
235
104
33
35
59
67
196
236
234
238
33
57
59
67
366
235
139
239
33
35
47
71
198
228
238
107
33
35
59
71
199
239
237
235
33
57
59
71
369
238
229
236
34
36
37
61
219
244
241
110
34
36
60
61
220
242
240
213
34
58
60
61
372
241
245
214
34
37
40
64
141
186
244
113
34
37
61
64
142
245
243
240
34
58
61
64
375
244
187
242
38
39
43
67
255
253
247
116
38
39
63
67
257
248
246
250
38
62
63
67
378
247
254
251
38
39
46
70
177
252
250
119
38
39
63
70
178
251
249
247
38
62
63
70
381
250
254
248
38
43
46
70
201
249
253
122
38
43
67
70
202
254
252
246
38
62
67
70
384
253
251
248
39
42
43
67
262
246
256
125
39
42
66
67
263
257
255
183
39
63
66
67
387
256
247
184
40
46
47
71
204
192
259
128
40
46
70
71
205
260
258
180
40
64
70
71
390
259
193
181
42
43
44
68
168
165
262
131
42
43
67
68
169
263
261
255
42
66
67
68
393
262
166
256
48
55
57
81
349
271
265
134
48
55
79
81
350
266
264
268
48
72
79
81
396
265
272
269
48
55
65
89
354
276
268
137
48
55
79
89
356
269
267
265
48
72
79
89
399
268
278
266
48
57
67
91
366
286
271
140
48
57
81
91
368
272
270
264
48
72
81
91
402
271
287
266
48
61
64
88
375
279
274
143
48
61
85
88
376
275
273
277
48
72
85
88
405
274
281
278
48
61
65
89
354
267
277
146
48
61
85
89
355
278
276
274
48
72
85
89
408
277
269
275
48
63
64
88
306
273
280
149
48
63
87
88
307
281
279
283
48
72
87
88
411
280
275
284
48
63
69
93
294
285
283
152
48
63
87
93
295
284
282
280
48
72
87
93
414
283
287
281
48
67
69
93
303
282
286
155
48
67
91
93
304
287
285
270
48
72
91
93
417
286
284
272
49
51
63
87
316
295
289
158
49
51
75
87
317
290
288
292
49
73
75
87
420
289
296
293
49
51
66
90
315
298
292
161
49
51
75
90
317
293
291
289
49
73
75
90
423
292
299
290
49
63
69
93
282
303
295
164
49
63
87
93
283
296
294
288
49
73
87
93
426
295
305
290
49
66
68
92
393
300
298
167
49
66
90
92
395
299
297
291
49
73
90
92
429
298
302
293
49
67
68
92
393
297
301
170
49
67
91
92
394
302
300
304
49
73
91
92
432
301
299
305
49
67
69
93
285
294
304
173
49
67
91
93
286
305
303
301
49
73
91
93
435
304
296
302
50
63
64
88
279
313
307
176
50
63
87
88
280
308
306
310
50
74
87
88
438
307
314
311
50
63
70
94
381
312
310
179
50
63
87
94
382
311
309
307
50
74
87
94
441
310
314
308
50
64
70
94
391
309
313
182
50
64
88
94
392
314
312
306
50
74
88
94
444
313
311
308
51
63
66
90
388
291
316
185
51
63
87
90
389
317
315
288
51
75
87
90
447
316
292
289
52
58
64
88
375
325
319
188
52
58
82
88
377
320
318
322
52
76
82
88
450
319
326
323
52
58
71
95
363
324
322
191
52
58
82
95
364
323
321
319
52
76
82
95
453
322
326
320
52
64
71
95
390
321
325
194
52
64
88
95
392
326
324
318
52
76
88
95
456
325
323
320
53
59
67
91
366
334
328
197
53
59
83
91
367
329
327
331
53
77
83
91
459
328
335
332
53
59
71
95
369
336
331
200
53
59
83
95
370
332
330
328
53
77
83
95
462
331
338
329
53
67
70
94
384
337
334
203
53
67
91
94
385
335
333
327
53
77
91
94
465
334
338
329
53
70
71
95
390
330
337
206
53
70
94
95
391
338
336
333
53
77
94
95
468
337
332
335
54
57
58
82
357
346
340
209
54
57
81
82
358
341
339
343
54
78
81
82
471
340
347
344
54
57
60
84
348
345
343
212
54
57
81
84
349
344
342
340
54
78
81
84
474
343
347
341
54
58
60
84
373
342
346
215
54
58
82
84
374
347
345
339
54
78
82
84
477
346
344
341
55
57
60
84
342
352
349
218
55
57
81
84
343
350
348
264
55
79
81
84
480
349
353
265
55
60
61
85
372
355
352
221
55
60
84
85
373
353
351
348
55
79
84
85
483
352
356
350
55
61
65
89
276
267
355
224
55
61
85
89
277
356
354
351
55
79
85
89
486
355
268
353
56
57
58
82
339
364
358
227
56
57
81
82
340
359
357
361
56
80
81
82
489
358
365
362
56
57
71
95
369
363
361
230
56
57
81
95
371
362
360
358
56
80
81
95
492
361
365
359
56
58
71
95
321
360
364
233
56
58
82
95
322
365
363
357
56
80
82
95
495
364
362
359
57
59
67
91
327
270
367
236
57
59
83
91
328
368
366
370
57
81
83
91
498
367
271
371
57
59
71
95
330
360
370
239
57
59
83
95
331
371
369
367
57
81
83
95
501
370
361
368
58
60
61
85
351
376
373
242
58
60
84
85
352
374
372
345
58
82
84
85
504
373
377
346
58
61
64
88
273
318
376
245
58
61
85
88
274
377
375
372
58
82
85
88
507
376
319
374
62
63
67
91
387
385
379
248
62
63
87
91
389
380
378
382
62
86
87
91
510
379
386
383
62
63
70
94
309
384
382
251
62
63
87
94
310
383
381
379
62
86
87
94
513
382
386
380
62
67
70
94
333
381
385
254
62
67
91
94
334
386
384
378
62
86
91
94
516
385
383
380
63
66
67
91
394
378
388
257
63
66
90
91
395
389
387
315
63
87
90
91
519
388
379
316
64
70
71
95
336
324
391
260
64
70
94
95
337
392
390
312
64
88
94
95
522
391
325
313
66
67
68
92
300
297
394
263
66
67
91
92
301
395
393
387
66
90
91
92
525
394
298
388
72
79
81
9
481
403
397
266
72
79
7
9
482
398
396
400
72
0
7
9
0
397
404
401
72
79
89
17
486
408
400
269
72
79
7
17
488
401
399
397
72
0
7
17
3
400
410
398
72
81
91
19
498
418
403
272
72
81
9
19
500
404
402
396
72
0
9
19
6
403
419
398
72
85
88
16
507
411
406
275
72
85
13
16
508
407
405
409
72
0
13
16
9
406
413
410
72
85
89
17
486
399
409
278
72
85
13
17
487
410
408
406
72
0
13
17
12
409
401
407
72
87
88
16
438
405
412
281
72
87
15
16
439
413
411
415
72
0
15
16
15
412
407
416
72
87
93
21
426
417
415
284
72
87
15
21
427
416
414
412
72
0
15
21
18
415
419
413
72
91
93
21
435
414
418
287
72
91
19
21
436
419
417
402
72
0
19
21
21
418
416
404
73
75
87
15
448
427
421
290
73
75
3
15
449
422
420
424
73
1
3
15
24
421
428
425
73
75
90
18
447
430
424
293
73
75
3
18
449
425
423
421
73
1
3
18
27
424
431
422
73
87
93
21
414
435
427
296
73
87
15
21
415
428
426
420
73
1
15
21
30
427
437
422
73
90
92
20
525
432
430
299
73
90
18
20
527
431
429
423
73
1
18
20
33
430
434
425
73
91
92
20
525
429
433
302
73
91
19
20
526
434
432
436
73
1
19
20
36
433
431
437
73
91
93
21
417
426
436
305
73
91
19
21
418
437
435
433
73
1
19
21
39
436
428
434
74
87
88
16
411
445
439
308
74
87
15
16
412
440
438
442
74
2
15
16
42
439
446
443
74
87
94
22
513
444
442
311
74
87
15
22
514
443
441
439
74
2
15
22
45
442
446
440
74
88
94
22
523
441
445
314
74
88
16
22
524
446
444
438
74
2
16
22
48
445
443
440
75
87
90
18
520
423
448
317
75
87
15
18
521
449
447
420
75
3
15
18
51
448
424
421
76
82
88
16
507
457
451
320
76
82
10
16
509
452
450
454
76
4
10
16
54
451
458
455
76
82
95
23
495
456
454
323
76
82
10
23
496
455
453
451
76
4
10
23
57
454
458
452
76
88
95
23
522
453
457
326
76
88
16
23
524
458
456
450
76
4
16
23
60
457
455
452
77
83
91
19
498
466
460
329
77
83
11
19
499
461
459
463
77
5
11
19
63
460
467
464
77
83
95
23
501
468
463
332
77
83
11
23
502
464
462
460
77
5
11
23
66
463
470
461
77
91
94
22
516
469
466
335
77
91
19
22
517
467
465
459
77
5
19
22
69
466
470
461
77
94
95
23
522
462
469
338
77
94
22
23
523
470
468
465
77
5
22
23
72
469
464
467
78
81
82
10
489
478
472
341
78
81
9
10
490
473
471
475
78
6
9
10
75
472
479
476
78
81
84
12
480
477
475
344
78
81
9
12
481
476
474
472
78
6
9
12
78
475
479
473
78
82
84
12
505
474
478
347
78
82
10
12
506
479
477
471
78
6
10
12
81
478
476
473
79
81
84
12
474
484
481
350
79
81
9
12
475
482
480
396
79
7
9
12
84
481
485
397
79
84
85
13
504
487
484
353
79
84
12
13
505
485
483
480
79
7
12
13
87
484
488
482
79
85
89
17
408
399
487
356
79
85
13
17
409
488
486
483
79
7
13
17
90
487
400
485
80
81
82
10
471
496
490
359
80
81
9
10
472
491
489
493
80
8
9
10
93
490
497
494
80
81
95
23
501
495
493
362
80
81
9
23
503
494
492
490
80
8
9
23
96
493
497
491
80
82
95
23
453
492
496
365
80
82
10
23
454
497
495
489
80
8
10
23
99
496
494
491
81
83
91
19
459
402
499
368
81
83
11
19
460
500
498
502
81
9
11
19
102
499
403
503
81
83
95
23
462
492
502
371
81
83
11
23
463
503
501
499
81
9
11
23
105
502
493
500
82
84
85
13
483
508
505
374
82
84
12
13
484
506
504
477
82
10
12
13
108
505
509
478
82
85
88
16
405
450
508
377
82
85
13
16
406
509
507
504
82
10
13
16
111
508
451
506
86
87
91
19
519
517
511
380
86
87
15
19
521
512
510
514
86
14
15
19
114
511
518
515
86
87
94
22
441
516
514
383
86
87
15
22
442
515
513
511
86
14
15
22
117
514
518
512
86
91
94
22
465
513
517
386
86
91
19
22
466
518
516
510
86
14
19
22
120
517
515
512
87
90
91
19
526
510
520
389
87
90
18
19
527
521
519
447
87
15
18
19
123
520
511
448
88
94
95
23
468
456
523
392
88
94
22
23
469
524
522
444
88
16
22
23
126
523
457
445
90
91
92
20
432
429
526
395
90
91
19
20
433
527
525
519
90
18
19
20
129
526
430
520
528
