1
96
0
0
0
0
0
0
0
0
0
0
0
0
0
0
0
0
0
0
0
0
0
0
0
0
1
1
1
1
1
1
1
1
1
1
1
1
1
1
1
1
1
1
1
1
1
1
1
1
2
2
2
2
2
2
2
2
2
2
2
2
2
2
2
2
2
2
2
2
2
2
2
2
3
3
3
3
3
3
3
3
3
3
3
3
3
3
3
3
3
3
3
3
3
3
3
3
96
528
0
1
11
35
31
7
1
398
0
1
25
35
32
2
0
4
0
24
25
35
132
1
8
5
0
1
17
41
33
13
4
401
0
1
25
41
35
5
3
1
0
24
25
41
135
4
14
2
0
11
15
39
117
10
7
404
0
11
35
39
119
8
6
0
0
24
35
39
138
7
11
2
0
15
20
44
120
12
10
407
0
15
39
44
122
11
9
6
0
24
39
44
141
10
14
8
0
17
20
44
120
9
13
410
0
17
41
44
121
14
12
3
0
24
41
44
144
13
11
5
1
4
6
30
61
22
16
413
1
4
28
30
62
17
15
19
1
25
28
30
147
16
23
20
1
4
15
39
63
27
19
416
1
4
28
39
65
20
18
16
1
25
28
39
150
19
29
17
1
6
13
37
60
30
22
419
1
6
30
37
61
23
21
15
1
25
30
37
153
22
32
17
1
9
12
36
102
34
25
422
1
9
33
36
104
26
24
28
1
25
33
36
156
25
35
29
1
9
15
39
109
18
28
425
1
9
33
39
110
29
27
25
1
25
33
39
159
28
20
26
1
11
13
37
118
21
31
428
1
11
35
37
119
32
30
0
1
25
35
37
162
31
23
1
1
12
17
41
48
3
34
431
1
12
36
41
49
35
33
24
1
25
36
41
165
34
4
26
2
5
8
32
67
43
37
434
2
5
29
32
68
38
36
40
2
26
29
32
168
37
44
41
2
5
18
42
70
46
40
437
2
5
29
42
71
41
39
37
2
26
29
42
171
40
47
38
2
8
21
45
75
45
43
440
2
8
32
45
76
44
42
36
2
26
32
45
174
43
47
38
2
18
21
45
126
42
46
443
2
18
42
45
127
47
45
39
2
26
42
45
177
46
44
41
3
12
17
41
33
54
49
446
3
12
36
41
34
50
48
52
3
27
36
41
180
49
56
53
3
12
19
43
90
57
52
449
3
12
36
43
91
53
51
49
3
27
36
43
183
52
59
50
3
15
17
41
121
48
55
452
3
15
39
41
122
56
54
58
3
27
39
41
186
55
50
59
3
15
19
43
124
51
58
455
3
15
39
43
125
59
57
55
3
27
39
43
189
58
53
56
4
6
13
37
21
64
61
458
4
6
30
37
22
62
60
15
4
28
30
37
192
61
65
16
4
13
15
39
117
18
64
461
4
13
37
39
118
65
63
60
4
28
37
39
195
64
19
62
5
8
23
47
99
69
67
464
5
8
32
47
101
68
66
36
5
29
32
47
198
67
71
37
5
18
23
47
99
66
70
467
5
18
42
47
100
71
69
39
5
29
42
47
201
70
68
40
7
8
12
36
91
84
73
470
7
8
32
36
92
74
72
76
7
31
32
36
204
73
86
77
7
8
21
45
42
81
76
473
7
8
32
45
43
77
75
73
7
31
32
45
207
76
83
74
7
9
14
38
105
87
79
476
7
9
33
38
107
80
78
82
7
31
33
38
210
79
89
83
7
9
21
45
111
75
82
479
7
9
33
45
113
83
81
79
7
31
33
45
213
82
77
80
7
10
12
36
102
72
85
482
7
10
34
36
103
86
84
88
7
31
34
36
216
85
74
89
7
10
14
38
105
78
88
485
7
10
34
38
106
89
87
85
7
31
34
38
219
88
80
86
8
12
19
43
51
96
91
488
8
12
36
43
52
92
90
72
8
32
36
43
222
91
98
73
8
16
18
42
127
100
94
491
8
16
40
42
128
95
93
97
8
32
40
42
225
94
101
98
8
16
19
43
130
90
97
494
8
16
40
43
131
98
96
94
8
32
40
43
228
97
92
95
8
18
23
47
69
66
100
497
8
18
42
47
70
101
99
93
8
32
42
47
231
100
67
95
9
10
12
36
84
24
103
500
9
10
34
36
85
104
102
106
9
33
34
36
234
103
25
107
9
10
14
38
87
78
106
503
9
10
34
38
88
107
105
103
9
33
34
38
237
106
79
104
9
15
22
46
123
114
109
506
9
15
39
46
125
110
108
27
9
33
39
46
240
109
116
28
9
19
21
45
129
81
112
509
9
19
43
45
130
113
111
115
9
33
43
45
243
112
82
116
9
19
22
46
123
108
115
512
9
19
43
46
124
116
114
112
9
33
43
46
246
115
110
113
11
13
15
39
63
6
118
515
11
13
37
39
64
119
117
30
11
35
37
39
249
118
7
31
15
17
20
44
12
9
121
518
15
17
41
44
13
122
120
54
15
39
41
44
252
121
10
55
15
19
22
46
114
108
124
521
15
19
43
46
115
125
123
57
15
39
43
46
255
124
109
58
16
18
21
45
45
129
127
524
16
18
42
45
46
128
126
93
16
40
42
45
258
127
131
94
16
19
21
45
111
126
130
527
16
19
43
45
112
131
129
96
16
40
43
45
261
130
128
97
24
25
35
59
163
139
133
2
24
25
49
59
164
134
132
136
24
48
49
59
264
133
140
137
24
25
41
65
165
145
136
5
24
25
49
65
167
137
135
133
24
48
49
65
267
136
146
134
24
35
39
63
249
142
139
8
24
35
59
63
251
140
138
132
24
48
59
63
270
139
143
134
24
39
44
68
252
144
142
11
24
39
63
68
254
143
141
138
24
48
63
68
273
142
146
140
24
41
44
68
252
141
145
14
24
41
65
68
253
146
144
135
24
48
65
68
276
145
143
137
25
28
30
54
193
154
148
17
25
28
52
54
194
149
147
151
25
49
52
54
279
148
155
152
25
28
39
63
195
159
151
20
25
28
52
63
197
152
150
148
25
49
52
63
282
151
161
149
25
30
37
61
192
162
154
23
25
30
54
61
193
155
153
147
25
49
54
61
285
154
164
149
25
33
36
60
234
166
157
26
25
33
57
60
236
158
156
160
25
49
57
60
288
157
167
161
25
33
39
63
241
150
160
29
25
33
57
63
242
161
159
157
25
49
57
63
291
160
152
158
25
35
37
61
250
153
163
32
25
35
59
61
251
164
162
132
25
49
59
61
294
163
155
133
25
36
41
65
180
135
166
35
25
36
60
65
181
167
165
156
25
49
60
65
297
166
136
158
26
29
32
56
199
175
169
38
26
29
53
56
200
170
168
172
26
50
53
56
300
169
176
173
26
29
42
66
202
178
172
41
26
29
53
66
203
173
171
169
26
50
53
66
303
172
179
170
26
32
45
69
207
177
175
44
26
32
56
69
208
176
174
168
26
50
56
69
306
175
179
170
26
42
45
69
258
174
178
47
26
42
66
69
259
179
177
171
26
50
66
69
309
178
176
173
27
36
41
65
165
186
181
50
27
36
60
65
166
182
180
184
27
51
60
65
312
181
188
185
27
36
43
67
222
189
184
53
27
36
60
67
223
185
183
181
27
51
60
67
315
184
191
182
27
39
41
65
253
180
187
56
27
39
63
65
254
188
186
190
27
51
63
65
318
187
182
191
27
39
43
67
256
183
190
59
27
39
63
67
257
191
189
187
27
51
63
67
321
190
185
188
28
30
37
61
153
196
193
62
28
30
54
61
154
194
192
147
28
52
54
61
324
193
197
148
28
37
39
63
249
150
196
65
28
37
61
63
250
197
195
192
28
52
61
63
327
196
151
194
29
32
47
71
231
201
199
68
29
32
56
71
233
200
198
168
29
53
56
71
330
199
203
169
29
42
47
71
231
198
202
71
29
42
66
71
232
203
201
171
29
53
66
71
333
202
200
172
31
32
36
60
223
216
205
74
31
32
56
60
224
206
204
208
31
55
56
60
336
205
218
209
31
32
45
69
174
213
208
77
31
32
56
69
175
209
207
205
31
55
56
69
339
208
215
206
31
33
38
62
237
219
211
80
31
33
57
62
239
212
210
214
31
55
57
62
342
211
221
215
31
33
45
69
243
207
214
83
31
33
57
69
245
215
213
211
31
55
57
69
345
214
209
212
31
34
36
60
234
204
217
86
31
34
58
60
235
218
216
220
31
55
58
60
348
217
206
221
31
34
38
62
237
210
220
89
31
34
58
62
238
221
219
217
31
55
58
62
351
220
212
218
32
36
43
67
183
228
223
92
32
36
60
67
184
224
222
204
32
56
60
67
354
223
230
205
32
40
42
66
259
232
226
95
32
40
64
66
260
227
225
229
32
56
64
66
357
226
233
230
32
40
43
67
262
222
229
98
32
40
64
67
263
230
228
226
32
56
64
67
360
229
224
227
32
42
47
71
201
198
232
101
32
42
66
71
202
233
231
225
32
56
66
71
363
232
199
227
33
34
36
60
216
156
235
104
33
34
58
60
217
236
234
238
33
57
58
60
366
235
157
239
33
34
38
62
219
210
238
107
33
34
58
62
220
239
237
235
33
57
58
62
369
238
211
236
33
39
46
70
255
246
241
110
33
39
63
70
257
242
240
159
33
57
63
70
372
241
248
160
33
43
45
69
261
213
244
113
33
43
67
69
262
245
243
247
33
57
67
69
375
244
214
248
33
43
46
70
255
240
247
116
33
43
67
70
256
248
246
244
33
57
67
70
378
247
242
245
35
37
39
63
195
138
250
119
35
37
61
63
196
251
249
162
35
59
61
63
381
250
139
163
39
41
44
68
144
141
253
122
39
41
65
68
145
254
252
186
39
63
65
68
384
253
142
187
39
43
46
70
246
240
256
125
39
43
67
70
247
257
255
189
39
63
67
70
387
256
241
190
40
42
45
69
177
261
259
128
40
42
66
69
178
260
258
225
40
64
66
69
390
259
263
226
40
43
45
69
243
258
262
131
40
43
67
69
244
263
261
228
40
64
67
69
393
262
260
229
48
49
59
83
295
271
265
134
48
49
73
83
296
266
264
268
48
72
73
83
396
265
272
269
48
49
65
89
297
277
268
137
48
49
73
89
299
269
267
265
48
72
73
89
399
268
278
266
48
59
63
87
381
274
271
140
48
59
83
87
383
272
270
264
48
72
83
87
402
271
275
266
48
63
68
92
384
276
274
143
48
63
87
92
386
275
273
270
48
72
87
92
405
274
278
272
48
65
68
92
384
273
277
146
48
65
89
92
385
278
276
267
48
72
89
92
408
277
275
269
49
52
54
78
325
286
280
149
49
52
76
78
326
281
279
283
49
73
76
78
411
280
287
284
49
52
63
87
327
291
283
152
49
52
76
87
329
284
282
280
49
73
76
87
414
283
293
281
49
54
61
85
324
294
286
155
49
54
78
85
325
287
285
279
49
73
78
85
417
286
296
281
49
57
60
84
366
298
289
158
49
57
81
84
368
290
288
292
49
73
81
84
420
289
299
293
49
57
63
87
373
282
292
161
49
57
81
87
374
293
291
289
49
73
81
87
423
292
284
290
49
59
61
85
382
285
295
164
49
59
83
85
383
296
294
264
49
73
83
85
426
295
287
265
49
60
65
89
312
267
298
167
49
60
84
89
313
299
297
288
49
73
84
89
429
298
268
290
50
53
56
80
331
307
301
170
50
53
77
80
332
302
300
304
50
74
77
80
432
301
308
305
50
53
66
90
334
310
304
173
50
53
77
90
335
305
303
301
50
74
77
90
435
304
311
302
50
56
69
93
339
309
307
176
50
56
80
93
340
308
306
300
50
74
80
93
438
307
311
302
50
66
69
93
390
306
310
179
50
66
90
93
391
311
309
303
50
74
90
93
441
310
308
305
51
60
65
89
297
318
313
182
51
60
84
89
298
314
312
316
51
75
84
89
444
313
320
317
51
60
67
91
354
321
316
185
51
60
84
91
355
317
315
313
51
75
84
91
447
316
323
314
51
63
65
89
385
312
319
188
51
63
87
89
386
320
318
322
51
75
87
89
450
319
314
323
51
63
67
91
388
315
322
191
51
63
87
91
389
323
321
319
51
75
87
91
453
322
317
320
52
54
61
85
285
328
325
194
52
54
78
85
286
326
324
279
52
76
78
85
456
325
329
280
52
61
63
87
381
282
328
197
52
61
85
87
382
329
327
324
52
76
85
87
459
328
283
326
53
56
71
95
363
333
331
200
53
56
80
95
365
332
330
300
53
77
80
95
462
331
335
301
53
66
71
95
363
330
334
203
53
66
90
95
364
335
333
303
53
77
90
95
465
334
332
304
55
56
60
84
355
348
337
206
55
56
80
84
356
338
336
340
55
79
80
84
468
337
350
341
55
56
69
93
306
345
340
209
55
56
80
93
307
341
339
337
55
79
80
93
471
340
347
338
55
57
62
86
369
351
343
212
55
57
81
86
371
344
342
346
55
79
81
86
474
343
353
347
55
57
69
93
375
339
346
215
55
57
81
93
377
347
345
343
55
79
81
93
477
346
341
344
55
58
60
84
366
336
349
218
55
58
82
84
367
350
348
352
55
79
82
84
480
349
338
353
55
58
62
86
369
342
352
221
55
58
82
86
370
353
351
349
55
79
82
86
483
352
344
350
56
60
67
91
315
360
355
224
56
60
84
91
316
356
354
336
56
80
84
91
486
355
362
337
56
64
66
90
391
364
358
227
56
64
88
90
392
359
357
361
56
80
88
90
489
358
365
362
56
64
67
91
394
354
361
230
56
64
88
91
395
362
360
358
56
80
88
91
492
361
356
359
56
66
71
95
333
330
364
233
56
66
90
95
334
365
363
357
56
80
90
95
495
364
331
359
57
58
60
84
348
288
367
236
57
58
82
84
349
368
366
370
57
81
82
84
498
367
289
371
57
58
62
86
351
342
370
239
57
58
82
86
352
371
369
367
57
81
82
86
501
370
343
368
57
63
70
94
387
378
373
242
57
63
87
94
389
374
372
291
57
81
87
94
504
373
380
292
57
67
69
93
393
345
376
245
57
67
91
93
394
377
375
379
57
81
91
93
507
376
346
380
57
67
70
94
387
372
379
248
57
67
91
94
388
380
378
376
57
81
91
94
510
379
374
377
59
61
63
87
327
270
382
251
59
61
85
87
328
383
381
294
59
83
85
87
513
382
271
295
63
65
68
92
276
273
385
254
63
65
89
92
277
386
384
318
63
87
89
92
516
385
274
319
63
67
70
94
378
372
388
257
63
67
91
94
379
389
387
321
63
87
91
94
519
388
373
322
64
66
69
93
309
393
391
260
64
66
90
93
310
392
390
357
64
88
90
93
522
391
395
358
64
67
69
93
375
390
394
263
64
67
91
93
376
395
393
360
64
88
91
93
525
394
392
361
72
73
83
11
427
403
397
266
72
73
1
11
428
398
396
400
72
0
1
11
0
397
404
401
72
73
89
17
429
409
400
269
72
73
1
17
431
401
399
397
72
0
1
17
3
400
410
398
72
83
87
15
513
406
403
272
72
83
11
15
515
404
402
396
72
0
11
15
6
403
407
398
72
87
92
20
516
408
406
275
72
87
15
20
518
407
405
402
72
0
15
20
9
406
410
404
72
89
92
20
516
405
409
278
72
89
17
20
517
410
408
399
72
0
17
20
12
409
407
401
73
76
78
6
457
418
412
281
73
76
4
6
458
413
411
415
73
1
4
6
15
412
419
416
73
76
87
15
459
423
415
284
73
76
4
15
461
416
414
412
73
1
4
15
18
415
425
413
73
78
85
13
456
426
418
287
73
78
6
13
457
419
417
411
73
1
6
13
21
418
428
413
73
81
84
12
498
430
421
290
73
81
9
12
500
422
420
424
73
1
9
12
24
421
431
425
73
81
87
15
505
414
424
293
73
81
9
15
506
425
423
421
73
1
9
15
27
424
416
422
73
83
85
13
514
417
427
296
73
83
11
13
515
428
426
396
73
1
11
13
30
427
419
397
73
84
89
17
444
399
430
299
73
84
12
17
445
431
429
420
73
1
12
17
33
430
400
422
74
77
80
8
463
439
433
302
74
77
5
8
464
434
432
436
74
2
5
8
36
433
440
437
74
77
90
18
466
442
436
305
74
77
5
18
467
437
435
433
74
2
5
18
39
436
443
434
74
80
93
21
471
441
439
308
74
80
8
21
472
440
438
432
74
2
8
21
42
439
443
434
74
90
93
21
522
438
442
311
74
90
18
21
523
443
441
435
74
2
18
21
45
442
440
437
75
84
89
17
429
450
445
314
75
84
12
17
430
446
444
448
75
3
12
17
48
445
452
449
75
84
91
19
486
453
448
317
75
84
12
19
487
449
447
445
75
3
12
19
51
448
455
446
75
87
89
17
517
444
451
320
75
87
15
17
518
452
450
454
75
3
15
17
54
451
446
455
75
87
91
19
520
447
454
323
75
87
15
19
521
455
453
451
75
3
15
19
57
454
449
452
76
78
85
13
417
460
457
326
76
78
6
13
418
458
456
411
76
4
6
13
60
457
461
412
76
85
87
15
513
414
460
329
76
85
13
15
514
461
459
456
76
4
13
15
63
460
415
458
77
80
95
23
495
465
463
332
77
80
8
23
497
464
462
432
77
5
8
23
66
463
467
433
77
90
95
23
495
462
466
335
77
90
18
23
496
467
465
435
77
5
18
23
69
466
464
436
79
80
84
12
487
480
469
338
79
80
8
12
488
470
468
472
79
7
8
12
72
469
482
473
79
80
93
21
438
477
472
341
79
80
8
21
439
473
471
469
79
7
8
21
75
472
479
470
79
81
86
14
501
483
475
344
79
81
9
14
503
476
474
478
79
7
9
14
78
475
485
479
79
81
93
21
507
471
478
347
79
81
9
21
509
479
477
475
79
7
9
21
81
478
473
476
79
82
84
12
498
468
481
350
79
82
10
12
499
482
480
484
79
7
10
12
84
481
470
485
79
82
86
14
501
474
484
353
79
82
10
14
502
485
483
481
79
7
10
14
87
484
476
482
80
84
91
19
447
492
487
356
80
84
12
19
448
488
486
468
80
8
12
19
90
487
494
469
80
88
90
18
523
496
490
359
80
88
16
18
524
491
489
493
80
8
16
18
93
490
497
494
80
88
91
19
526
486
493
362
80
88
16
19
527
494
492
490
80
8
16
19
96
493
488
491
80
90
95
23
465
462
496
365
80
90
18
23
466
497
495
489
80
8
18
23
99
496
463
491
81
82
84
12
480
420
499
368
81
82
10
12
481
500
498
502
81
9
10
12
102
499
421
503
81
82
86
14
483
474
502
371
81
82
10
14
484
503
501
499
81
9
10
14
105
502
475
500
81
87
94
22
519
510
505
374
81
87
15
22
521
506
504
423
81
9
15
22
108
505
512
424
81
91
93
21
525
477
508
377
81
91
19
21
526
509
507
511
81
9
19
21
111
508
478
512
81
91
94
22
519
504
511
380
81
91
19
22
520
512
510
508
81
9
19
22
114
511
506
509
83
85
87
15
459
402
514
383
83
85
13
15
460
515
513
426
83
11
13
15
117
514
403
427
87
89
92
20
408
405
517
386
87
89
17
20
409
518
516
450
87
15
17
20
120
517
406
451
87
91
94
22
510
504
520
389
87
91
19
22
511
521
519
453
87
15
19
22
123
520
505
454
88
90
93
21
441
525
523
392
88
90
18
21
442
524
522
489
88
16
18
21
126
523
527
490
88
91
93
21
507
522
526
395
88
91
19
21
508
527
525
492
88
16
19
21
129
526
524
493
528
