1
48
0
0
0
0
0
0
0
0
0
0
0
0
1
1
1
1
1
1
1
1
1
1
1
1
2
2
2
2
2
2
2
2
2
2
2
2
3
3
3
3
3
3
3
3
3
3
3
3
48
240
0
2
8
20
37
13
1
182
0
2
14
20
38
2
0
4
0
12
14
20
60
1
14
5
0
2
10
22
30
6
4
185
0
2
14
22
32
5
3
1
0
12
14
22
63
4
8
2
0
7
10
22
48
3
7
188
0
7
19
22
49
8
6
10
0
12
19
22
66
7
5
11
0
7
11
23
57
12
10
191
0
7
19
23
59
11
9
7
0
12
19
23
69
10
14
8
0
8
11
23
57
9
13
194
0
8
20
23
58
14
12
0
0
12
20
23
72
13
11
2
1
6
7
19
45
22
16
197
1
6
18
19
46
17
15
19
1
13
18
19
75
16
23
20
1
6
9
21
54
24
19
200
1
6
18
21
55
20
18
16
1
13
18
21
78
19
26
17
1
7
8
20
58
25
22
203
1
7
19
20
59
23
21
15
1
13
19
20
81
22
26
17
1
8
9
21
36
18
25
206
1
8
20
21
37
26
24
21
1
13
20
21
84
25
20
23
2
3
4
16
40
34
28
209
2
3
15
16
41
29
27
31
2
14
15
16
87
28
35
32
2
3
10
22
48
3
31
212
2
3
15
22
50
32
30
28
2
14
15
22
90
31
4
29
2
4
9
21
54
36
34
215
2
4
16
21
56
35
33
27
2
14
16
21
93
34
38
29
2
8
9
21
24
33
37
218
2
8
20
21
25
38
36
0
2
14
20
21
96
37
35
1
3
4
5
17
52
43
40
221
3
4
16
17
53
41
39
27
3
15
16
17
99
40
44
28
3
5
6
18
51
46
43
224
3
5
17
18
52
44
42
39
3
15
17
18
102
43
47
41
3
6
7
19
15
49
46
227
3
6
18
19
16
47
45
42
3
15
18
19
105
46
50
44
3
7
10
22
6
30
49
230
3
7
19
22
7
50
48
45
3
15
19
22
108
49
31
47
4
5
6
18
42
55
52
233
4
5
17
18
43
53
51
39
4
16
17
18
111
52
56
40
4
6
9
21
18
33
55
236
4
6
18
21
19
56
54
51
4
16
18
21
114
55
34
53
7
8
11
23
12
9
58
239
7
8
20
23
13
59
57
21
7
19
20
23
117
58
10
22
12
14
20
32
97
73
61
2
12
14
26
32
98
62
60
64
12
24
26
32
120
61
74
65
12
14
22
34
90
66
64
5
12
14
26
34
92
65
63
61
12
24
26
34
123
64
68
62
12
19
22
34
108
63
67
8
12
19
31
34
109
68
66
70
12
24
31
34
126
67
65
71
12
19
23
35
117
72
70
11
12
19
31
35
119
71
69
67
12
24
31
35
129
70
74
68
12
20
23
35
117
69
73
14
12
20
32
35
118
74
72
60
12
24
32
35
132
73
71
62
13
18
19
31
105
82
76
17
13
18
30
31
106
77
75
79
13
25
30
31
135
76
83
80
13
18
21
33
114
84
79
20
13
18
30
33
115
80
78
76
13
25
30
33
138
79
86
77
13
19
20
32
118
85
82
23
13
19
31
32
119
83
81
75
13
25
31
32
141
82
86
77
13
20
21
33
96
78
85
26
13
20
32
33
97
86
84
81
13
25
32
33
144
85
80
83
14
15
16
28
100
94
88
29
14
15
27
28
101
89
87
91
14
26
27
28
147
88
95
92
14
15
22
34
108
63
91
32
14
15
27
34
110
92
90
88
14
26
27
34
150
91
64
89
14
16
21
33
114
96
94
35
14
16
28
33
116
95
93
87
14
26
28
33
153
94
98
89
14
20
21
33
84
93
97
38
14
20
32
33
85
98
96
60
14
26
32
33
156
97
95
61
15
16
17
29
112
103
100
41
15
16
28
29
113
101
99
87
15
27
28
29
159
100
104
88
15
17
18
30
111
106
103
44
15
17
29
30
112
104
102
99
15
27
29
30
162
103
107
101
15
18
19
31
75
109
106
47
15
18
30
31
76
107
105
102
15
27
30
31
165
106
110
104
15
19
22
34
66
90
109
50
15
19
31
34
67
110
108
105
15
27
31
34
168
109
91
107
16
17
18
30
102
115
112
53
16
17
29
30
103
113
111
99
16
28
29
30
171
112
116
100
16
18
21
33
78
93
115
56
16
18
30
33
79
116
114
111
16
28
30
33
174
115
94
113
19
20
23
35
72
69
118
59
19
20
32
35
73
119
117
81
19
31
32
35
177
118
70
82
24
26
32
44
157
133
121
62
24
26
38
44
158
122
120
124
24
36
38
44
180
121
134
125
24
26
34
46
150
126
124
65
24
26
38
46
152
125
123
121
24
36
38
46
183
124
128
122
24
31
34
46
168
123
127
68
24
31
43
46
169
128
126
130
24
36
43
46
186
127
125
131
24
31
35
47
177
132
130
71
24
31
43
47
179
131
129
127
24
36
43
47
189
130
134
128
24
32
35
47
177
129
133
74
24
32
44
47
178
134
132
120
24
36
44
47
192
133
131
122
25
30
31
43
165
142
136
77
25
30
42
43
166
137
135
139
25
37
42
43
195
136
143
140
25
30
33
45
174
144
139
80
25
30
42
45
175
140
138
136
25
37
42
45
198
139
146
137
25
31
32
44
178
145
142
83
25
31
43
44
179
143
141
135
25
37
43
44
201
142
146
137
25
32
33
45
156
138
145
86
25
32
44
45
157
146
144
141
25
37
44
45
204
145
140
143
26
27
28
40
160
154
148
89
26
27
39
40
161
149
147
151
26
38
39
40
207
148
155
152
26
27
34
46
168
123
151
92
26
27
39
46
170
152
150
148
26
38
39
46
210
151
124
149
26
28
33
45
174
156
154
95
26
28
40
45
176
155
153
147
26
38
40
45
213
154
158
149
26
32
33
45
144
153
157
98
26
32
44
45
145
158
156
120
26
38
44
45
216
157
155
121
27
28
29
41
172
163
160
101
27
28
40
41
173
161
159
147
27
39
40
41
219
160
164
148
27
29
30
42
171
166
163
104
27
29
41
42
172
164
162
159
27
39
41
42
222
163
167
161
27
30
31
43
135
169
166
107
27
30
42
43
136
167
165
162
27
39
42
43
225
166
170
164
27
31
34
46
126
150
169
110
27
31
43
46
127
170
168
165
27
39
43
46
228
169
151
167
28
29
30
42
162
175
172
113
28
29
41
42
163
173
171
159
28
40
41
42
231
172
176
160
28
30
33
45
138
153
175
116
28
30
42
45
139
176
174
171
28
40
42
45
234
175
154
173
31
32
35
47
132
129
178
119
31
32
44
47
133
179
177
141
31
43
44
47
237
178
130
142
36
38
44
8
217
193
181
122
36
38
2
8
218
182
180
184
36
0
2
8
0
181
194
185
36
38
46
10
210
186
184
125
36
38
2
10
212
185
183
181
36
0
2
10
3
184
188
182
36
43
46
10
228
183
187
128
36
43
7
10
229
188
186
190
36
0
7
10
6
187
185
191
36
43
47
11
237
192
190
131
36
43
7
11
239
191
189
187
36
0
7
11
9
190
194
188
36
44
47
11
237
189
193
134
36
44
8
11
238
194
192
180
36
0
8
11
12
193
191
182
37
42
43
7
225
202
196
137
37
42
6
7
226
197
195
199
37
1
6
7
15
196
203
200
37
42
45
9
234
204
199
140
37
42
6
9
235
200
198
196
37
1
6
9
18
199
206
197
37
43
44
8
238
205
202
143
37
43
7
8
239
203
201
195
37
1
7
8
21
202
206
197
37
44
45
9
216
198
205
146
37
44
8
9
217
206
204
201
37
1
8
9
24
205
200
203
38
39
40
4
220
214
208
149
38
39
3
4
221
209
207
211
38
2
3
4
27
208
215
212
38
39
46
10
228
183
211
152
38
39
3
10
230
212
210
208
38
2
3
10
30
211
184
209
38
40
45
9
234
216
214
155
38
40
4
9
236
215
213
207
38
2
4
9
33
214
218
209
38
44
45
9
204
213
217
158
38
44
8
9
205
218
216
180
38
2
8
9
36
217
215
181
39
40
41
5
232
223
220
161
39
40
4
5
233
221
219
207
39
3
4
5
39
220
224
208
39
41
42
6
231
226
223
164
39
41
5
6
232
224
222
219
39
3
5
6
42
223
227
221
39
42
43
7
195
229
226
167
39
42
6
7
196
227
225
222
39
3
6
7
45
226
230
224
39
43
46
10
186
210
229
170
39
43
7
10
187
230
228
225
39
3
7
10
48
229
211
227
40
41
42
6
222
235
232
173
40
41
5
6
223
233
231
219
40
4
5
6
51
232
236
220
40
42
45
9
198
213
235
176
40
42
6
9
199
236
234
231
40
4
6
9
54
235
214
233
43
44
47
11
192
189
238
179
43
44
8
11
193
239
237
201
43
7
8
11
57
238
190
202
240
