1
192
0
0
0
0
0
0
0
0
0
0
0
0
0
0
0
0
0
0
0
0
0
0
0
0
0
0
0
0
0
0
0
0
0
0
0
0
0
0
0
0
0
0
0
0
0
0
0
0
1
1
1
1
1
1
1
1
1
1
1
1
1
1
1
1
1
1
1
1
1
1
1
1
1
1
1
1
1
1
1
1
1
1
1
1
1
1
1
1
1
1
1
1
1
1
1
1
2
2
2
2
2
2
2
2
2
2
2
2
2
2
2
2
2
2
2
2
2
2
2
2
2
2
2
2
2
2
2
2
2
2
2
2
2
2
2
2
2
2
2
2
2
2
2
2
3
3
3
3
3
3
3
3
3
3
3
3
3
3
3
3
3
3
3
3
3
3
3
3
3
3
3
3
3
3
3
3
3
3
3
3
3
3
3
3
3
3
3
3
3
3
3
3
192
1104
0
4
18
66
102
7
1
830
0
4
52
66
104
2
0
4
0
48
52
66
276
1
8
5
0
4
27
75
111
6
4
833
0
4
52
75
113
5
3
1
0
48
52
75
279
4
8
2
0
18
27
75
219
3
7
836
0
18
66
75
221
8
6
0
0
48
66
75
282
7
5
2
1
2
24
72
70
43
10
839
1
2
50
72
71
11
9
13
1
49
50
72
285
10
44
14
1
2
42
90
66
21
13
842
1
2
50
90
68
14
12
10
1
49
50
90
288
13
23
11
1
7
36
84
145
45
16
845
1
7
55
84
146
17
15
19
1
49
55
84
291
16
47
20
1
7
41
89
141
33
19
848
1
7
55
89
143
20
18
16
1
49
55
89
294
19
35
17
1
11
42
90
174
12
22
851
1
11
59
90
176
23
21
25
1
49
59
90
297
22
14
26
1
11
45
93
171
39
25
854
1
11
59
93
173
26
24
22
1
49
59
93
300
25
41
23
1
13
14
62
193
34
28
857
1
13
61
62
194
29
27
31
1
49
61
62
303
28
35
32
1
13
46
94
198
48
31
860
1
13
61
94
200
32
30
28
1
49
61
94
306
31
50
29
1
14
41
89
150
18
34
863
1
14
62
89
151
35
33
27
1
49
62
89
309
34
20
29
1
21
26
74
237
46
37
866
1
21
69
74
239
38
36
40
1
49
69
74
312
37
47
41
1
21
45
93
171
24
40
869
1
21
69
93
172
41
39
37
1
49
69
93
315
40
26
38
1
24
32
80
69
49
43
872
1
24
72
80
70
44
42
9
1
49
72
80
318
43
50
11
1
26
36
84
189
15
46
875
1
26
74
84
190
47
45
36
1
49
74
84
321
46
17
38
1
32
46
94
75
30
49
878
1
32
80
94
76
50
48
42
1
49
80
94
324
49
32
44
2
10
20
68
123
64
52
881
2
10
58
68
124
53
51
55
2
50
58
68
327
52
65
56
2
10
28
76
163
73
55
884
2
10
58
76
164
56
54
52
2
50
58
76
330
55
74
53
2
17
33
81
217
79
58
887
2
17
65
81
218
59
57
61
2
50
65
81
333
58
80
62
2
17
44
92
216
82
61
890
2
17
65
92
218
62
60
58
2
50
65
92
336
61
83
59
2
20
22
70
108
67
64
893
2
20
68
70
109
65
63
51
2
50
68
70
339
64
68
53
2
22
42
90
240
12
67
896
2
22
70
90
241
68
66
63
2
50
70
90
342
67
13
65
2
24
32
80
42
76
70
899
2
24
72
80
43
71
69
9
2
50
72
80
345
70
77
10
2
28
39
87
162
78
73
902
2
28
76
87
163
74
72
54
2
50
76
87
348
73
80
56
2
32
46
94
48
81
76
905
2
32
80
94
49
77
75
69
2
50
80
94
351
76
83
71
2
33
39
87
262
72
79
908
2
33
81
87
263
80
78
57
2
50
81
87
354
79
74
59
2
44
46
94
264
75
82
911
2
44
92
94
265
83
81
60
2
50
92
94
357
82
77
62
3
5
14
62
114
91
85
914
3
5
53
62
116
86
84
88
3
51
53
62
360
85
92
89
3
5
25
73
120
96
88
917
3
5
53
73
122
89
87
85
3
51
53
73
363
88
98
86
3
14
15
63
202
94
91
920
3
14
62
63
203
92
90
84
3
51
62
63
366
91
95
86
3
15
35
83
214
99
94
923
3
15
63
83
215
95
93
90
3
51
63
83
369
94
101
92
3
23
25
73
120
87
97
926
3
23
71
73
121
98
96
100
3
51
71
73
372
97
89
101
3
23
35
83
246
93
100
929
3
23
71
83
248
101
99
97
3
51
71
83
375
100
95
98
4
12
18
66
180
0
103
932
4
12
60
66
182
104
102
106
4
52
60
66
378
103
1
107
4
12
22
70
187
108
106
935
4
12
60
70
188
107
105
103
4
52
60
70
381
106
110
104
4
20
22
70
63
105
109
938
4
20
68
70
64
110
108
112
4
52
68
70
384
109
107
113
4
20
27
75
219
3
112
941
4
20
68
75
220
113
111
109
4
52
68
75
387
112
4
110
5
9
14
62
160
84
115
944
5
9
57
62
161
116
114
118
5
53
57
62
390
115
85
119
5
9
23
71
159
121
118
947
5
9
57
71
161
119
117
115
5
53
57
71
393
118
122
116
5
23
25
73
96
87
121
950
5
23
71
73
97
122
120
117
5
53
71
73
396
121
88
119
6
10
20
68
51
136
124
953
6
10
58
68
52
125
123
127
6
54
58
68
399
124
137
128
6
10
31
79
166
129
127
956
6
10
58
79
167
128
126
124
6
54
58
79
402
127
131
125
6
14
31
79
192
126
130
959
6
14
62
79
193
131
129
133
6
54
62
79
405
130
128
134
6
14
37
85
201
135
133
962
6
14
62
85
203
134
132
130
6
54
62
85
408
133
137
131
6
20
37
85
225
132
136
965
6
20
68
85
226
137
135
123
6
54
68
85
411
136
134
125
7
8
40
88
156
144
139
968
7
8
56
88
158
140
138
142
7
55
56
88
414
139
146
143
7
8
41
89
150
18
142
971
7
8
56
89
152
143
141
139
7
55
56
89
417
142
19
140
7
36
40
88
156
138
145
974
7
36
84
88
157
146
144
15
7
55
84
88
420
145
140
16
8
14
16
64
205
154
148
977
8
14
62
64
206
149
147
151
8
56
62
64
423
148
155
152
8
14
41
89
33
141
151
980
8
14
62
89
34
152
150
148
8
56
62
89
426
151
142
149
8
16
36
84
204
157
154
983
8
16
64
84
205
155
153
147
8
56
64
84
429
154
158
149
8
36
40
88
144
138
157
986
8
36
84
88
145
158
156
153
8
56
84
88
432
157
139
155
9
14
23
71
210
117
160
989
9
14
62
71
212
161
159
114
9
57
62
71
435
160
118
115
10
28
39
87
72
165
163
992
10
28
76
87
73
164
162
54
10
58
76
87
438
163
167
55
10
31
39
87
195
162
166
995
10
31
79
87
196
167
165
126
10
58
79
87
441
166
164
127
11
21
43
91
243
177
169
998
11
21
69
91
245
170
168
172
11
59
69
91
444
169
179
173
11
21
45
93
39
24
172
1001
11
21
69
93
40
173
171
169
11
59
69
93
447
172
25
170
11
38
42
90
270
21
175
1004
11
38
86
90
271
176
174
178
11
59
86
90
450
175
22
179
11
38
43
91
255
168
178
1007
11
38
86
91
256
179
177
175
11
59
86
91
453
178
170
176
12
14
18
66
208
102
181
1010
12
14
62
66
209
182
180
184
12
60
62
66
456
181
103
185
12
14
36
84
204
189
184
1013
12
14
62
84
206
185
183
181
12
60
62
84
459
184
191
182
12
22
26
74
237
190
187
1016
12
22
70
74
238
188
186
105
12
60
70
74
462
187
191
106
12
26
36
84
45
183
190
1019
12
26
74
84
46
191
189
186
12
60
74
84
465
190
185
188
13
14
31
79
129
196
193
1022
13
14
62
79
130
194
192
27
13
61
62
79
468
193
197
28
13
31
39
87
165
199
196
1025
13
31
79
87
166
197
195
192
13
61
79
87
471
196
200
194
13
39
46
94
274
30
199
1028
13
39
87
94
275
200
198
195
13
61
87
94
474
199
31
197
14
15
37
85
213
132
202
1031
14
15
63
85
215
203
201
90
14
62
63
85
477
202
133
91
14
16
36
84
153
183
205
1034
14
16
64
84
154
206
204
147
14
62
64
84
480
205
184
148
14
18
20
68
220
211
208
1037
14
18
66
68
221
209
207
180
14
62
66
68
483
208
212
181
14
20
23
71
222
159
211
1040
14
20
68
71
223
212
210
207
14
62
68
71
486
211
160
209
15
35
37
85
234
201
214
1043
15
35
83
85
235
215
213
93
15
63
83
85
489
214
202
94
17
33
44
92
265
60
217
1046
17
33
81
92
266
218
216
57
17
65
81
92
492
217
61
58
18
20
27
75
111
6
220
1049
18
20
68
75
112
221
219
207
18
66
68
75
495
220
7
208
19
20
23
71
210
229
223
1052
19
20
68
71
211
224
222
226
19
67
68
71
498
223
230
227
19
20
37
85
135
234
226
1055
19
20
68
85
136
227
225
223
19
67
68
85
501
226
236
224
19
23
29
77
247
232
229
1058
19
23
71
77
248
230
228
222
19
67
71
77
504
229
233
224
19
29
35
83
246
235
232
1061
19
29
77
83
247
233
231
228
19
67
77
83
507
232
236
230
19
35
37
85
213
225
235
1064
19
35
83
85
214
236
234
231
19
67
83
85
510
235
227
233
21
22
26
74
186
36
238
1067
21
22
70
74
187
239
237
241
21
69
70
74
513
238
37
242
21
22
42
90
66
244
241
1070
21
22
70
90
67
242
240
238
21
69
70
90
516
241
245
239
21
42
43
91
258
168
244
1073
21
42
90
91
259
245
243
240
21
69
90
91
519
244
169
242
23
29
35
83
231
99
247
1076
23
29
77
83
232
248
246
228
23
71
77
83
522
247
100
229
30
34
38
86
271
256
250
1079
30
34
82
86
272
251
249
253
30
78
82
86
525
250
257
254
30
34
42
90
270
259
253
1082
30
34
82
90
272
254
252
250
30
78
82
90
528
253
260
251
30
38
43
91
177
258
256
1085
30
38
86
91
178
257
255
249
30
78
86
91
531
256
260
251
30
42
43
91
243
255
259
1088
30
42
90
91
244
260
258
252
30
78
90
91
534
259
257
254
33
39
47
95
273
267
262
1091
33
39
87
95
275
263
261
78
33
81
87
95
537
262
269
79
33
44
46
94
81
268
265
1094
33
44
92
94
82
266
264
216
33
81
92
94
540
265
269
217
33
46
47
95
273
261
268
1097
33
46
94
95
274
269
267
264
33
81
94
95
543
268
263
266
34
38
42
90
174
252
271
1100
34
38
86
90
175
272
270
249
34
82
86
90
546
271
253
250
39
46
47
95
267
261
274
1103
39
46
94
95
268
275
273
198
39
87
94
95
549
274
262
199
48
52
66
114
378
283
277
2
48
52
100
114
380
278
276
280
48
96
100
114
552
277
284
281
48
52
75
123
387
282
280
5
48
52
100
123
389
281
279
277
48
96
100
123
555
280
284
278
48
66
75
123
495
279
283
8
48
66
114
123
497
284
282
276
48
96
114
123
558
283
281
278
49
50
72
120
346
319
286
11
49
50
98
120
347
287
285
289
49
97
98
120
561
286
320
290
49
50
90
138
342
297
289
14
49
50
98
138
344
290
288
286
49
97
98
138
564
289
299
287
49
55
84
132
421
321
292
17
49
55
103
132
422
293
291
295
49
97
103
132
567
292
323
296
49
55
89
137
417
309
295
20
49
55
103
137
419
296
294
292
49
97
103
137
570
295
311
293
49
59
90
138
450
288
298
23
49
59
107
138
452
299
297
301
49
97
107
138
573
298
290
302
49
59
93
141
447
315
301
26
49
59
107
141
449
302
300
298
49
97
107
141
576
301
317
299
49
61
62
110
469
310
304
29
49
61
109
110
470
305
303
307
49
97
109
110
579
304
311
308
49
61
94
142
474
324
307
32
49
61
109
142
476
308
306
304
49
97
109
142
582
307
326
305
49
62
89
137
426
294
310
35
49
62
110
137
427
311
309
303
49
97
110
137
585
310
296
305
49
69
74
122
513
322
313
38
49
69
117
122
515
314
312
316
49
97
117
122
588
313
323
317
49
69
93
141
447
300
316
41
49
69
117
141
448
317
315
313
49
97
117
141
591
316
302
314
49
72
80
128
345
325
319
44
49
72
120
128
346
320
318
285
49
97
120
128
594
319
326
287
49
74
84
132
465
291
322
47
49
74
122
132
466
323
321
312
49
97
122
132
597
322
293
314
49
80
94
142
351
306
325
50
49
80
128
142
352
326
324
318
49
97
128
142
600
325
308
320
50
58
68
116
399
340
328
53
50
58
106
116
400
329
327
331
50
98
106
116
603
328
341
332
50
58
76
124
439
349
331
56
50
58
106
124
440
332
330
328
50
98
106
124
606
331
350
329
50
65
81
129
493
355
334
59
50
65
113
129
494
335
333
337
50
98
113
129
609
334
356
338
50
65
92
140
492
358
337
62
50
65
113
140
494
338
336
334
50
98
113
140
612
337
359
335
50
68
70
118
384
343
340
65
50
68
116
118
385
341
339
327
50
98
116
118
615
340
344
329
50
70
90
138
516
288
343
68
50
70
118
138
517
344
342
339
50
98
118
138
618
343
289
341
50
72
80
128
318
352
346
71
50
72
120
128
319
347
345
285
50
98
120
128
621
346
353
286
50
76
87
135
438
354
349
74
50
76
124
135
439
350
348
330
50
98
124
135
624
349
356
332
50
80
94
142
324
357
352
77
50
80
128
142
325
353
351
345
50
98
128
142
627
352
359
347
50
81
87
135
538
348
355
80
50
81
129
135
539
356
354
333
50
98
129
135
630
355
350
335
50
92
94
142
540
351
358
83
50
92
140
142
541
359
357
336
50
98
140
142
633
358
353
338
51
53
62
110
390
367
361
86
51
53
101
110
392
362
360
364
51
99
101
110
636
361
368
365
51
53
73
121
396
372
364
89
51
53
101
121
398
365
363
361
51
99
101
121
639
364
374
362
51
62
63
111
478
370
367
92
51
62
110
111
479
368
366
360
51
99
110
111
642
367
371
362
51
63
83
131
490
375
370
95
51
63
111
131
491
371
369
366
51
99
111
131
645
370
377
368
51
71
73
121
396
363
373
98
51
71
119
121
397
374
372
376
51
99
119
121
648
373
365
377
51
71
83
131
522
369
376
101
51
71
119
131
524
377
375
373
51
99
119
131
651
376
371
374
52
60
66
114
456
276
379
104
52
60
108
114
458
380
378
382
52
100
108
114
654
379
277
383
52
60
70
118
463
384
382
107
52
60
108
118
464
383
381
379
52
100
108
118
657
382
386
380
52
68
70
118
339
381
385
110
52
68
116
118
340
386
384
388
52
100
116
118
660
385
383
389
52
68
75
123
495
279
388
113
52
68
116
123
496
389
387
385
52
100
116
123
663
388
280
386
53
57
62
110
436
360
391
116
53
57
105
110
437
392
390
394
53
101
105
110
666
391
361
395
53
57
71
119
435
397
394
119
53
57
105
119
437
395
393
391
53
101
105
119
669
394
398
392
53
71
73
121
372
363
397
122
53
71
119
121
373
398
396
393
53
101
119
121
672
397
364
395
54
58
68
116
327
412
400
125
54
58
106
116
328
401
399
403
54
102
106
116
675
400
413
404
54
58
79
127
442
405
403
128
54
58
106
127
443
404
402
400
54
102
106
127
678
403
407
401
54
62
79
127
468
402
406
131
54
62
110
127
469
407
405
409
54
102
110
127
681
406
404
410
54
62
85
133
477
411
409
134
54
62
110
133
479
410
408
406
54
102
110
133
684
409
413
407
54
68
85
133
501
408
412
137
54
68
116
133
502
413
411
399
54
102
116
133
687
412
410
401
55
56
88
136
432
420
415
140
55
56
104
136
434
416
414
418
55
103
104
136
690
415
422
419
55
56
89
137
426
294
418
143
55
56
104
137
428
419
417
415
55
103
104
137
693
418
295
416
55
84
88
136
432
414
421
146
55
84
132
136
433
422
420
291
55
103
132
136
696
421
416
292
56
62
64
112
481
430
424
149
56
62
110
112
482
425
423
427
56
104
110
112
699
424
431
428
56
62
89
137
309
417
427
152
56
62
110
137
310
428
426
424
56
104
110
137
702
427
418
425
56
64
84
132
480
433
430
155
56
64
112
132
481
431
429
423
56
104
112
132
705
430
434
425
56
84
88
136
420
414
433
158
56
84
132
136
421
434
432
429
56
104
132
136
708
433
415
431
57
62
71
119
486
393
436
161
57
62
110
119
488
437
435
390
57
105
110
119
711
436
394
391
58
76
87
135
348
441
439
164
58
76
124
135
349
440
438
330
58
106
124
135
714
439
443
331
58
79
87
135
471
438
442
167
58
79
127
135
472
443
441
402
58
106
127
135
717
442
440
403
59
69
91
139
519
453
445
170
59
69
117
139
521
446
444
448
59
107
117
139
720
445
455
449
59
69
93
141
315
300
448
173
59
69
117
141
316
449
447
445
59
107
117
141
723
448
301
446
59
86
90
138
546
297
451
176
59
86
134
138
547
452
450
454
59
107
134
138
726
451
298
455
59
86
91
139
531
444
454
179
59
86
134
139
532
455
453
451
59
107
134
139
729
454
446
452
60
62
66
114
484
378
457
182
60
62
110
114
485
458
456
460
60
108
110
114
732
457
379
461
60
62
84
132
480
465
460
185
60
62
110
132
482
461
459
457
60
108
110
132
735
460
467
458
60
70
74
122
513
466
463
188
60
70
118
122
514
464
462
381
60
108
118
122
738
463
467
382
60
74
84
132
321
459
466
191
60
74
122
132
322
467
465
462
60
108
122
132
741
466
461
464
61
62
79
127
405
472
469
194
61
62
110
127
406
470
468
303
61
109
110
127
744
469
473
304
61
79
87
135
441
475
472
197
61
79
127
135
442
473
471
468
61
109
127
135
747
472
476
470
61
87
94
142
550
306
475
200
61
87
135
142
551
476
474
471
61
109
135
142
750
475
307
473
62
63
85
133
489
408
478
203
62
63
111
133
491
479
477
366
62
110
111
133
753
478
409
367
62
64
84
132
429
459
481
206
62
64
112
132
430
482
480
423
62
110
112
132
756
481
460
424
62
66
68
116
496
487
484
209
62
66
114
116
497
485
483
456
62
110
114
116
759
484
488
457
62
68
71
119
498
435
487
212
62
68
116
119
499
488
486
483
62
110
116
119
762
487
436
485
63
83
85
133
510
477
490
215
63
83
131
133
511
491
489
369
63
111
131
133
765
490
478
370
65
81
92
140
541
336
493
218
65
81
129
140
542
494
492
333
65
113
129
140
768
493
337
334
66
68
75
123
387
282
496
221
66
68
116
123
388
497
495
483
66
114
116
123
771
496
283
484
67
68
71
119
486
505
499
224
67
68
116
119
487
500
498
502
67
115
116
119
774
499
506
503
67
68
85
133
411
510
502
227
67
68
116
133
412
503
501
499
67
115
116
133
777
502
512
500
67
71
77
125
523
508
505
230
67
71
119
125
524
506
504
498
67
115
119
125
780
505
509
500
67
77
83
131
522
511
508
233
67
77
125
131
523
509
507
504
67
115
125
131
783
508
512
506
67
83
85
133
489
501
511
236
67
83
131
133
490
512
510
507
67
115
131
133
786
511
503
509
69
70
74
122
462
312
514
239
69
70
118
122
463
515
513
517
69
117
118
122
789
514
313
518
69
70
90
138
342
520
517
242
69
70
118
138
343
518
516
514
69
117
118
138
792
517
521
515
69
90
91
139
534
444
520
245
69
90
138
139
535
521
519
516
69
117
138
139
795
520
445
518
71
77
83
131
507
375
523
248
71
77
125
131
508
524
522
504
71
119
125
131
798
523
376
505
78
82
86
134
547
532
526
251
78
82
130
134
548
527
525
529
78
126
130
134
801
526
533
530
78
82
90
138
546
535
529
254
78
82
130
138
548
530
528
526
78
126
130
138
804
529
536
527
78
86
91
139
453
534
532
257
78
86
134
139
454
533
531
525
78
126
134
139
807
532
536
527
78
90
91
139
519
531
535
260
78
90
138
139
520
536
534
528
78
126
138
139
810
535
533
530
81
87
95
143
549
543
538
263
81
87
135
143
551
539
537
354
81
129
135
143
813
538
545
355
81
92
94
142
357
544
541
266
81
92
140
142
358
542
540
492
81
129
140
142
816
541
545
493
81
94
95
143
549
537
544
269
81
94
142
143
550
545
543
540
81
129
142
143
819
544
539
542
82
86
90
138
450
528
547
272
82
86
134
138
451
548
546
525
82
130
134
138
822
547
529
526
87
94
95
143
543
537
550
275
87
94
142
143
544
551
549
474
87
135
142
143
825
550
538
475
96
100
114
162
654
559
553
278
96
100
148
162
656
554
552
556
96
144
148
162
828
553
560
557
96
100
123
171
663
558
556
281
96
100
148
171
665
557
555
553
96
144
148
171
831
556
560
554
96
114
123
171
771
555
559
284
96
114
162
171
773
560
558
552
96
144
162
171
834
559
557
554
97
98
120
168
622
595
562
287
97
98
146
168
623
563
561
565
97
145
146
168
837
562
596
566
97
98
138
186
618
573
565
290
97
98
146
186
620
566
564
562
97
145
146
186
840
565
575
563
97
103
132
180
697
597
568
293
97
103
151
180
698
569
567
571
97
145
151
180
843
568
599
572
97
103
137
185
693
585
571
296
97
103
151
185
695
572
570
568
97
145
151
185
846
571
587
569
97
107
138
186
726
564
574
299
97
107
155
186
728
575
573
577
97
145
155
186
849
574
566
578
97
107
141
189
723
591
577
302
97
107
155
189
725
578
576
574
97
145
155
189
852
577
593
575
97
109
110
158
745
586
580
305
97
109
157
158
746
581
579
583
97
145
157
158
855
580
587
584
97
109
142
190
750
600
583
308
97
109
157
190
752
584
582
580
97
145
157
190
858
583
602
581
97
110
137
185
702
570
586
311
97
110
158
185
703
587
585
579
97
145
158
185
861
586
572
581
97
117
122
170
789
598
589
314
97
117
165
170
791
590
588
592
97
145
165
170
864
589
599
593
97
117
141
189
723
576
592
317
97
117
165
189
724
593
591
589
97
145
165
189
867
592
578
590
97
120
128
176
621
601
595
320
97
120
168
176
622
596
594
561
97
145
168
176
870
595
602
563
97
122
132
180
741
567
598
323
97
122
170
180
742
599
597
588
97
145
170
180
873
598
569
590
97
128
142
190
627
582
601
326
97
128
176
190
628
602
600
594
97
145
176
190
876
601
584
596
98
106
116
164
675
616
604
329
98
106
154
164
676
605
603
607
98
146
154
164
879
604
617
608
98
106
124
172
715
625
607
332
98
106
154
172
716
608
606
604
98
146
154
172
882
607
626
605
98
113
129
177
769
631
610
335
98
113
161
177
770
611
609
613
98
146
161
177
885
610
632
614
98
113
140
188
768
634
613
338
98
113
161
188
770
614
612
610
98
146
161
188
888
613
635
611
98
116
118
166
660
619
616
341
98
116
164
166
661
617
615
603
98
146
164
166
891
616
620
605
98
118
138
186
792
564
619
344
98
118
166
186
793
620
618
615
98
146
166
186
894
619
565
617
98
120
128
176
594
628
622
347
98
120
168
176
595
623
621
561
98
146
168
176
897
622
629
562
98
124
135
183
714
630
625
350
98
124
172
183
715
626
624
606
98
146
172
183
900
625
632
608
98
128
142
190
600
633
628
353
98
128
176
190
601
629
627
621
98
146
176
190
903
628
635
623
98
129
135
183
814
624
631
356
98
129
177
183
815
632
630
609
98
146
177
183
906
631
626
611
98
140
142
190
816
627
634
359
98
140
188
190
817
635
633
612
98
146
188
190
909
634
629
614
99
101
110
158
666
643
637
362
99
101
149
158
668
638
636
640
99
147
149
158
912
637
644
641
99
101
121
169
672
648
640
365
99
101
149
169
674
641
639
637
99
147
149
169
915
640
650
638
99
110
111
159
754
646
643
368
99
110
158
159
755
644
642
636
99
147
158
159
918
643
647
638
99
111
131
179
766
651
646
371
99
111
159
179
767
647
645
642
99
147
159
179
921
646
653
644
99
119
121
169
672
639
649
374
99
119
167
169
673
650
648
652
99
147
167
169
924
649
641
653
99
119
131
179
798
645
652
377
99
119
167
179
800
653
651
649
99
147
167
179
927
652
647
650
100
108
114
162
732
552
655
380
100
108
156
162
734
656
654
658
100
148
156
162
930
655
553
659
100
108
118
166
739
660
658
383
100
108
156
166
740
659
657
655
100
148
156
166
933
658
662
656
100
116
118
166
615
657
661
386
100
116
164
166
616
662
660
664
100
148
164
166
936
661
659
665
100
116
123
171
771
555
664
389
100
116
164
171
772
665
663
661
100
148
164
171
939
664
556
662
101
105
110
158
712
636
667
392
101
105
153
158
713
668
666
670
101
149
153
158
942
667
637
671
101
105
119
167
711
673
670
395
101
105
153
167
713
671
669
667
101
149
153
167
945
670
674
668
101
119
121
169
648
639
673
398
101
119
167
169
649
674
672
669
101
149
167
169
948
673
640
671
102
106
116
164
603
688
676
401
102
106
154
164
604
677
675
679
102
150
154
164
951
676
689
680
102
106
127
175
718
681
679
404
102
106
154
175
719
680
678
676
102
150
154
175
954
679
683
677
102
110
127
175
744
678
682
407
102
110
158
175
745
683
681
685
102
150
158
175
957
682
680
686
102
110
133
181
753
687
685
410
102
110
158
181
755
686
684
682
102
150
158
181
960
685
689
683
102
116
133
181
777
684
688
413
102
116
164
181
778
689
687
675
102
150
164
181
963
688
686
677
103
104
136
184
708
696
691
416
103
104
152
184
710
692
690
694
103
151
152
184
966
691
698
695
103
104
137
185
702
570
694
419
103
104
152
185
704
695
693
691
103
151
152
185
969
694
571
692
103
132
136
184
708
690
697
422
103
132
180
184
709
698
696
567
103
151
180
184
972
697
692
568
104
110
112
160
757
706
700
425
104
110
158
160
758
701
699
703
104
152
158
160
975
700
707
704
104
110
137
185
585
693
703
428
104
110
158
185
586
704
702
700
104
152
158
185
978
703
694
701
104
112
132
180
756
709
706
431
104
112
160
180
757
707
705
699
104
152
160
180
981
706
710
701
104
132
136
184
696
690
709
434
104
132
180
184
697
710
708
705
104
152
180
184
984
709
691
707
105
110
119
167
762
669
712
437
105
110
158
167
764
713
711
666
105
153
158
167
987
712
670
667
106
124
135
183
624
717
715
440
106
124
172
183
625
716
714
606
106
154
172
183
990
715
719
607
106
127
135
183
747
714
718
443
106
127
175
183
748
719
717
678
106
154
175
183
993
718
716
679
107
117
139
187
795
729
721
446
107
117
165
187
797
722
720
724
107
155
165
187
996
721
731
725
107
117
141
189
591
576
724
449
107
117
165
189
592
725
723
721
107
155
165
189
999
724
577
722
107
134
138
186
822
573
727
452
107
134
182
186
823
728
726
730
107
155
182
186
1002
727
574
731
107
134
139
187
807
720
730
455
107
134
182
187
808
731
729
727
107
155
182
187
1005
730
722
728
108
110
114
162
760
654
733
458
108
110
158
162
761
734
732
736
108
156
158
162
1008
733
655
737
108
110
132
180
756
741
736
461
108
110
158
180
758
737
735
733
108
156
158
180
1011
736
743
734
108
118
122
170
789
742
739
464
108
118
166
170
790
740
738
657
108
156
166
170
1014
739
743
658
108
122
132
180
597
735
742
467
108
122
170
180
598
743
741
738
108
156
170
180
1017
742
737
740
109
110
127
175
681
748
745
470
109
110
158
175
682
746
744
579
109
157
158
175
1020
745
749
580
109
127
135
183
717
751
748
473
109
127
175
183
718
749
747
744
109
157
175
183
1023
748
752
746
109
135
142
190
826
582
751
476
109
135
183
190
827
752
750
747
109
157
183
190
1026
751
583
749
110
111
133
181
765
684
754
479
110
111
159
181
767
755
753
642
110
158
159
181
1029
754
685
643
110
112
132
180
705
735
757
482
110
112
160
180
706
758
756
699
110
158
160
180
1032
757
736
700
110
114
116
164
772
763
760
485
110
114
162
164
773
761
759
732
110
158
162
164
1035
760
764
733
110
116
119
167
774
711
763
488
110
116
164
167
775
764
762
759
110
158
164
167
1038
763
712
761
111
131
133
181
786
753
766
491
111
131
179
181
787
767
765
645
111
159
179
181
1041
766
754
646
113
129
140
188
817
612
769
494
113
129
177
188
818
770
768
609
113
161
177
188
1044
769
613
610
114
116
123
171
663
558
772
497
114
116
164
171
664
773
771
759
114
162
164
171
1047
772
559
760
115
116
119
167
762
781
775
500
115
116
164
167
763
776
774
778
115
163
164
167
1050
775
782
779
115
116
133
181
687
786
778
503
115
116
164
181
688
779
777
775
115
163
164
181
1053
778
788
776
115
119
125
173
799
784
781
506
115
119
167
173
800
782
780
774
115
163
167
173
1056
781
785
776
115
125
131
179
798
787
784
509
115
125
173
179
799
785
783
780
115
163
173
179
1059
784
788
782
115
131
133
181
765
777
787
512
115
131
179
181
766
788
786
783
115
163
179
181
1062
787
779
785
117
118
122
170
738
588
790
515
117
118
166
170
739
791
789
793
117
165
166
170
1065
790
589
794
117
118
138
186
618
796
793
518
117
118
166
186
619
794
792
790
117
165
166
186
1068
793
797
791
117
138
139
187
810
720
796
521
117
138
186
187
811
797
795
792
117
165
186
187
1071
796
721
794
119
125
131
179
783
651
799
524
119
125
173
179
784
800
798
780
119
167
173
179
1074
799
652
781
126
130
134
182
823
808
802
527
126
130
178
182
824
803
801
805
126
174
178
182
1077
802
809
806
126
130
138
186
822
811
805
530
126
130
178
186
824
806
804
802
126
174
178
186
1080
805
812
803
126
134
139
187
729
810
808
533
126
134
182
187
730
809
807
801
126
174
182
187
1083
808
812
803
126
138
139
187
795
807
811
536
126
138
186
187
796
812
810
804
126
174
186
187
1086
811
809
806
129
135
143
191
825
819
814
539
129
135
183
191
827
815
813
630
129
177
183
191
1089
814
821
631
129
140
142
190
633
820
817
542
129
140
188
190
634
818
816
768
129
177
188
190
1092
817
821
769
129
142
143
191
825
813
820
545
129
142
190
191
826
821
819
816
129
177
190
191
1095
820
815
818
130
134
138
186
726
804
823
548
130
134
182
186
727
824
822
801
130
178
182
186
1098
823
805
802
135
142
143
191
819
813
826
551
135
142
190
191
820
827
825
750
135
183
190
191
1101
826
814
751
144
148
162
18
930
835
829
554
144
148
4
18
932
830
828
832
144
0
4
18
0
829
836
833
144
148
171
27
939
834
832
557
144
148
4
27
941
833
831
829
144
0
4
27
3
832
836
830
144
162
171
27
1047
831
835
560
144
162
18
27
1049
836
834
828
144
0
18
27
6
835
833
830
145
146
168
24
898
871
838
563
145
146
2
24
899
839
837
841
145
1
2
24
9
838
872
842
145
146
186
42
894
849
841
566
145
146
2
42
896
842
840
838
145
1
2
42
12
841
851
839
145
151
180
36
973
873
844
569
145
151
7
36
974
845
843
847
145
1
7
36
15
844
875
848
145
151
185
41
969
861
847
572
145
151
7
41
971
848
846
844
145
1
7
41
18
847
863
845
145
155
186
42
1002
840
850
575
145
155
11
42
1004
851
849
853
145
1
11
42
21
850
842
854
145
155
189
45
999
867
853
578
145
155
11
45
1001
854
852
850
145
1
11
45
24
853
869
851
145
157
158
14
1021
862
856
581
145
157
13
14
1022
857
855
859
145
1
13
14
27
856
863
860
145
157
190
46
1026
876
859
584
145
157
13
46
1028
860
858
856
145
1
13
46
30
859
878
857
145
158
185
41
978
846
862
587
145
158
14
41
979
863
861
855
145
1
14
41
33
862
848
857
145
165
170
26
1065
874
865
590
145
165
21
26
1067
866
864
868
145
1
21
26
36
865
875
869
145
165
189
45
999
852
868
593
145
165
21
45
1000
869
867
865
145
1
21
45
39
868
854
866
145
168
176
32
897
877
871
596
145
168
24
32
898
872
870
837
145
1
24
32
42
871
878
839
145
170
180
36
1017
843
874
599
145
170
26
36
1018
875
873
864
145
1
26
36
45
874
845
866
145
176
190
46
903
858
877
602
145
176
32
46
904
878
876
870
145
1
32
46
48
877
860
872
146
154
164
20
951
892
880
605
146
154
10
20
952
881
879
883
146
2
10
20
51
880
893
884
146
154
172
28
991
901
883
608
146
154
10
28
992
884
882
880
146
2
10
28
54
883
902
881
146
161
177
33
1045
907
886
611
146
161
17
33
1046
887
885
889
146
2
17
33
57
886
908
890
146
161
188
44
1044
910
889
614
146
161
17
44
1046
890
888
886
146
2
17
44
60
889
911
887
146
164
166
22
936
895
892
617
146
164
20
22
937
893
891
879
146
2
20
22
63
892
896
881
146
166
186
42
1068
840
895
620
146
166
22
42
1069
896
894
891
146
2
22
42
66
895
841
893
146
168
176
32
870
904
898
623
146
168
24
32
871
899
897
837
146
2
24
32
69
898
905
838
146
172
183
39
990
906
901
626
146
172
28
39
991
902
900
882
146
2
28
39
72
901
908
884
146
176
190
46
876
909
904
629
146
176
32
46
877
905
903
897
146
2
32
46
75
904
911
899
146
177
183
39
1090
900
907
632
146
177
33
39
1091
908
906
885
146
2
33
39
78
907
902
887
146
188
190
46
1092
903
910
635
146
188
44
46
1093
911
909
888
146
2
44
46
81
910
905
890
147
149
158
14
942
919
913
638
147
149
5
14
944
914
912
916
147
3
5
14
84
913
920
917
147
149
169
25
948
924
916
641
147
149
5
25
950
917
915
913
147
3
5
25
87
916
926
914
147
158
159
15
1030
922
919
644
147
158
14
15
1031
920
918
912
147
3
14
15
90
919
923
914
147
159
179
35
1042
927
922
647
147
159
15
35
1043
923
921
918
147
3
15
35
93
922
929
920
147
167
169
25
948
915
925
650
147
167
23
25
949
926
924
928
147
3
23
25
96
925
917
929
147
167
179
35
1074
921
928
653
147
167
23
35
1076
929
927
925
147
3
23
35
99
928
923
926
148
156
162
18
1008
828
931
656
148
156
12
18
1010
932
930
934
148
4
12
18
102
931
829
935
148
156
166
22
1015
936
934
659
148
156
12
22
1016
935
933
931
148
4
12
22
105
934
938
932
148
164
166
22
891
933
937
662
148
164
20
22
892
938
936
940
148
4
20
22
108
937
935
941
148
164
171
27
1047
831
940
665
148
164
20
27
1048
941
939
937
148
4
20
27
111
940
832
938
149
153
158
14
988
912
943
668
149
153
9
14
989
944
942
946
149
5
9
14
114
943
913
947
149
153
167
23
987
949
946
671
149
153
9
23
989
947
945
943
149
5
9
23
117
946
950
944
149
167
169
25
924
915
949
674
149
167
23
25
925
950
948
945
149
5
23
25
120
949
916
947
150
154
164
20
879
964
952
677
150
154
10
20
880
953
951
955
150
6
10
20
123
952
965
956
150
154
175
31
994
957
955
680
150
154
10
31
995
956
954
952
150
6
10
31
126
955
959
953
150
158
175
31
1020
954
958
683
150
158
14
31
1021
959
957
961
150
6
14
31
129
958
956
962
150
158
181
37
1029
963
961
686
150
158
14
37
1031
962
960
958
150
6
14
37
132
961
965
959
150
164
181
37
1053
960
964
689
150
164
20
37
1054
965
963
951
150
6
20
37
135
964
962
953
151
152
184
40
984
972
967
692
151
152
8
40
986
968
966
970
151
7
8
40
138
967
974
971
151
152
185
41
978
846
970
695
151
152
8
41
980
971
969
967
151
7
8
41
141
970
847
968
151
180
184
40
984
966
973
698
151
180
36
40
985
974
972
843
151
7
36
40
144
973
968
844
152
158
160
16
1033
982
976
701
152
158
14
16
1034
977
975
979
152
8
14
16
147
976
983
980
152
158
185
41
861
969
979
704
152
158
14
41
862
980
978
976
152
8
14
41
150
979
970
977
152
160
180
36
1032
985
982
707
152
160
16
36
1033
983
981
975
152
8
16
36
153
982
986
977
152
180
184
40
972
966
985
710
152
180
36
40
973
986
984
981
152
8
36
40
156
985
967
983
153
158
167
23
1038
945
988
713
153
158
14
23
1040
989
987
942
153
9
14
23
159
988
946
943
154
172
183
39
900
993
991
716
154
172
28
39
901
992
990
882
154
10
28
39
162
991
995
883
154
175
183
39
1023
990
994
719
154
175
31
39
1024
995
993
954
154
10
31
39
165
994
992
955
155
165
187
43
1071
1005
997
722
155
165
21
43
1073
998
996
1000
155
11
21
43
168
997
1007
1001
155
165
189
45
867
852
1000
725
155
165
21
45
868
1001
999
997
155
11
21
45
171
1000
853
998
155
182
186
42
1098
849
1003
728
155
182
38
42
1099
1004
1002
1006
155
11
38
42
174
1003
850
1007
155
182
187
43
1083
996
1006
731
155
182
38
43
1084
1007
1005
1003
155
11
38
43
177
1006
998
1004
156
158
162
18
1036
930
1009
734
156
158
14
18
1037
1010
1008
1012
156
12
14
18
180
1009
931
1013
156
158
180
36
1032
1017
1012
737
156
158
14
36
1034
1013
1011
1009
156
12
14
36
183
1012
1019
1010
156
166
170
26
1065
1018
1015
740
156
166
22
26
1066
1016
1014
933
156
12
22
26
186
1015
1019
934
156
170
180
36
873
1011
1018
743
156
170
26
36
874
1019
1017
1014
156
12
26
36
189
1018
1013
1016
157
158
175
31
957
1024
1021
746
157
158
14
31
958
1022
1020
855
157
13
14
31
192
1021
1025
856
157
175
183
39
993
1027
1024
749
157
175
31
39
994
1025
1023
1020
157
13
31
39
195
1024
1028
1022
157
183
190
46
1102
858
1027
752
157
183
39
46
1103
1028
1026
1023
157
13
39
46
198
1027
859
1025
158
159
181
37
1041
960
1030
755
158
159
15
37
1043
1031
1029
918
158
14
15
37
201
1030
961
919
158
160
180
36
981
1011
1033
758
158
160
16
36
982
1034
1032
975
158
14
16
36
204
1033
1012
976
158
162
164
20
1048
1039
1036
761
158
162
18
20
1049
1037
1035
1008
158
14
18
20
207
1036
1040
1009
158
164
167
23
1050
987
1039
764
158
164
20
23
1051
1040
1038
1035
158
14
20
23
210
1039
988
1037
159
179
181
37
1062
1029
1042
767
159
179
35
37
1063
1043
1041
921
159
15
35
37
213
1042
1030
922
161
177
188
44
1093
888
1045
770
161
177
33
44
1094
1046
1044
885
161
17
33
44
216
1045
889
886
162
164
171
27
939
834
1048
773
162
164
20
27
940
1049
1047
1035
162
18
20
27
219
1048
835
1036
163
164
167
23
1038
1057
1051
776
163
164
20
23
1039
1052
1050
1054
163
19
20
23
222
1051
1058
1055
163
164
181
37
963
1062
1054
779
163
164
20
37
964
1055
1053
1051
163
19
20
37
225
1054
1064
1052
163
167
173
29
1075
1060
1057
782
163
167
23
29
1076
1058
1056
1050
163
19
23
29
228
1057
1061
1052
163
173
179
35
1074
1063
1060
785
163
173
29
35
1075
1061
1059
1056
163
19
29
35
231
1060
1064
1058
163
179
181
37
1041
1053
1063
788
163
179
35
37
1042
1064
1062
1059
163
19
35
37
234
1063
1055
1061
165
166
170
26
1014
864
1066
791
165
166
22
26
1015
1067
1065
1069
165
21
22
26
237
1066
865
1070
165
166
186
42
894
1072
1069
794
165
166
22
42
895
1070
1068
1066
165
21
22
42
240
1069
1073
1067
165
186
187
43
1086
996
1072
797
165
186
42
43
1087
1073
1071
1068
165
21
42
43
243
1072
997
1070
167
173
179
35
1059
927
1075
800
167
173
29
35
1060
1076
1074
1056
167
23
29
35
246
1075
928
1057
174
178
182
38
1099
1084
1078
803
174
178
34
38
1100
1079
1077
1081
174
30
34
38
249
1078
1085
1082
174
178
186
42
1098
1087
1081
806
174
178
34
42
1100
1082
1080
1078
174
30
34
42
252
1081
1088
1079
174
182
187
43
1005
1086
1084
809
174
182
38
43
1006
1085
1083
1077
174
30
38
43
255
1084
1088
1079
174
186
187
43
1071
1083
1087
812
174
186
42
43
1072
1088
1086
1080
174
30
42
43
258
1087
1085
1082
177
183
191
47
1101
1095
1090
815
177
183
39
47
1103
1091
1089
906
177
33
39
47
261
1090
1097
907
177
188
190
46
909
1096
1093
818
177
188
44
46
910
1094
1092
1044
177
33
44
46
264
1093
1097
1045
177
190
191
47
1101
1089
1096
821
177
190
46
47
1102
1097
1095
1092
177
33
46
47
267
1096
1091
1094
178
182
186
42
1002
1080
1099
824
178
182
38
42
1003
1100
1098
1077
178
34
38
42
270
1099
1081
1078
183
190
191
47
1095
1089
1102
827
183
190
46
47
1096
1103
1101
1026
183
39
46
47
273
1102
1090
1027
1104
