1
96
0
0
0
0
0
0
0
0
0
0
0
0
0
0
0
0
0
0
0
0
0
0
0
0
1
1
1
1
1
1
1
1
1
1
1
1
1
1
1
1
1
1
1
1
1
1
1
1
2
2
2
2
2
2
2
2
2
2
2
2
2
2
2
2
2
2
2
2
2
2
2
2
3
3
3
3
3
3
3
3
3
3
3
3
3
3
3
3
3
3
3
3
3
3
3
3
96
528
0
6
14
38
85
13
1
398
0
6
30
38
86
2
0
4
0
24
30
38
132
1
14
5
0
6
23
47
87
9
4
401
0
6
30
47
89
5
3
1
0
24
30
47
135
4
11
2
0
11
21
45
123
12
7
404
0
11
35
45
125
8
6
10
0
24
35
45
138
7
14
11
0
11
23
47
126
3
10
407
0
11
35
47
128
11
9
7
0
24
35
47
141
10
5
8
0
14
21
45
129
6
13
410
0
14
38
45
131
14
12
0
0
24
38
45
144
13
8
2
1
6
7
31
76
22
16
413
1
6
30
31
77
17
15
19
1
25
30
31
147
16
23
20
1
6
9
33
79
24
19
416
1
6
30
33
80
20
18
16
1
25
30
33
150
19
26
17
1
7
13
37
75
27
22
419
1
7
31
37
76
23
21
15
1
25
31
37
153
22
29
17
1
8
9
33
91
18
25
422
1
8
32
33
92
26
24
28
1
25
32
33
156
25
20
29
1
8
13
37
45
21
28
425
1
8
32
37
46
29
27
25
1
25
32
37
159
28
23
26
2
14
19
43
102
37
31
428
2
14
38
43
103
32
30
34
2
26
38
43
162
31
38
35
2
14
20
44
84
36
34
431
2
14
38
44
85
35
33
31
2
26
38
44
165
34
38
32
2
19
20
44
72
33
37
434
2
19
43
44
73
38
36
30
2
26
43
44
168
37
35
32
3
4
14
38
64
51
40
437
3
4
28
38
65
41
39
43
3
27
28
38
171
40
53
44
3
4
16
40
63
48
43
440
3
4
28
40
65
44
42
40
3
27
28
40
174
43
50
41
3
8
13
37
27
58
46
443
3
8
32
37
28
47
45
49
3
27
32
37
177
46
59
50
3
8
16
40
99
42
49
446
3
8
32
40
101
50
48
46
3
27
32
40
180
49
44
47
3
10
14
38
118
39
52
449
3
10
34
38
119
53
51
55
3
27
34
38
183
52
41
56
3
10
15
39
117
61
55
452
3
10
34
39
119
56
54
52
3
27
34
39
186
55
62
53
3
13
21
45
123
60
58
455
3
13
37
45
124
59
57
45
3
27
37
45
189
58
62
47
3
15
21
45
129
57
61
458
3
15
39
45
130
62
60
54
3
27
39
45
192
61
59
56
4
14
16
40
99
42
64
461
4
14
38
40
100
65
63
39
4
28
38
40
195
64
43
40
5
8
19
43
102
73
67
464
5
8
32
43
104
68
66
70
5
29
32
43
198
67
74
71
5
8
20
44
106
72
70
467
5
8
32
44
107
71
69
67
5
29
32
44
201
70
74
68
5
19
20
44
36
69
73
470
5
19
43
44
37
74
72
66
5
29
43
44
204
73
71
68
6
7
13
37
21
82
76
473
6
7
31
37
22
77
75
15
6
30
31
37
207
76
83
16
6
9
20
44
115
84
79
476
6
9
33
44
116
80
78
18
6
30
33
44
210
79
86
19
6
13
18
42
120
88
82
479
6
13
37
42
121
83
81
75
6
30
37
42
213
82
89
77
6
14
20
44
33
78
85
482
6
14
38
44
34
86
84
0
6
30
38
44
216
85
80
1
6
18
23
47
126
3
88
485
6
18
42
47
127
89
87
81
6
30
42
47
219
88
4
83
8
9
17
41
108
93
91
488
8
9
33
41
110
92
90
24
8
32
33
41
222
91
95
25
8
12
17
41
108
90
94
491
8
12
36
41
109
95
93
97
8
32
36
41
225
94
92
98
8
12
22
46
111
105
97
494
8
12
36
46
112
98
96
94
8
32
36
46
228
97
107
95
8
14
16
40
63
48
100
497
8
14
38
40
64
101
99
103
8
32
38
40
231
100
49
104
8
14
19
43
30
66
103
500
8
14
38
43
31
104
102
100
8
32
38
43
234
103
67
101
8
20
22
46
114
96
106
503
8
20
44
46
115
107
105
69
8
32
44
46
237
106
98
70
9
12
17
41
93
90
109
506
9
12
36
41
94
110
108
112
9
33
36
41
240
109
91
113
9
12
22
46
96
114
112
509
9
12
36
46
97
113
111
109
9
33
36
46
243
112
116
110
9
20
22
46
105
111
115
512
9
20
44
46
106
116
114
78
9
33
44
46
246
115
113
79
10
14
15
39
130
54
118
515
10
14
38
39
131
119
117
51
10
34
38
39
249
118
55
52
11
13
18
42
81
127
121
518
11
13
37
42
82
122
120
124
11
35
37
42
252
121
128
125
11
13
21
45
57
6
124
521
11
13
37
45
58
125
123
121
11
35
37
45
255
124
7
122
11
18
23
47
87
9
127
524
11
18
42
47
88
128
126
120
11
35
42
47
258
127
10
122
14
15
21
45
60
12
130
527
14
15
39
45
61
131
129
117
14
38
39
45
261
130
13
118
24
30
38
62
217
145
133
2
24
30
54
62
218
134
132
136
24
48
54
62
264
133
146
137
24
30
47
71
219
141
136
5
24
30
54
71
221
137
135
133
24
48
54
71
267
136
143
134
24
35
45
69
255
144
139
8
24
35
59
69
257
140
138
142
24
48
59
69
270
139
146
143
24
35
47
71
258
135
142
11
24
35
59
71
260
143
141
139
24
48
59
71
273
142
137
140
24
38
45
69
261
138
145
14
24
38
62
69
263
146
144
132
24
48
62
69
276
145
140
134
25
30
31
55
208
154
148
17
25
30
54
55
209
149
147
151
25
49
54
55
279
148
155
152
25
30
33
57
211
156
151
20
25
30
54
57
212
152
150
148
25
49
54
57
282
151
158
149
25
31
37
61
207
159
154
23
25
31
55
61
208
155
153
147
25
49
55
61
285
154
161
149
25
32
33
57
223
150
157
26
25
32
56
57
224
158
156
160
25
49
56
57
288
157
152
161
25
32
37
61
177
153
160
29
25
32
56
61
178
161
159
157
25
49
56
61
291
160
155
158
26
38
43
67
234
169
163
32
26
38
62
67
235
164
162
166
26
50
62
67
294
163
170
167
26
38
44
68
216
168
166
35
26
38
62
68
217
167
165
163
26
50
62
68
297
166
170
164
26
43
44
68
204
165
169
38
26
43
67
68
205
170
168
162
26
50
67
68
300
169
167
164
27
28
38
62
196
183
172
41
27
28
52
62
197
173
171
175
27
51
52
62
303
172
185
176
27
28
40
64
195
180
175
44
27
28
52
64
197
176
174
172
27
51
52
64
306
175
182
173
27
32
37
61
159
190
178
47
27
32
56
61
160
179
177
181
27
51
56
61
309
178
191
182
27
32
40
64
231
174
181
50
27
32
56
64
233
182
180
178
27
51
56
64
312
181
176
179
27
34
38
62
250
171
184
53
27
34
58
62
251
185
183
187
27
51
58
62
315
184
173
188
27
34
39
63
249
193
187
56
27
34
58
63
251
188
186
184
27
51
58
63
318
187
194
185
27
37
45
69
255
192
190
59
27
37
61
69
256
191
189
177
27
51
61
69
321
190
194
179
27
39
45
69
261
189
193
62
27
39
63
69
262
194
192
186
27
51
63
69
324
193
191
188
28
38
40
64
231
174
196
65
28
38
62
64
232
197
195
171
28
52
62
64
327
196
175
172
29
32
43
67
234
205
199
68
29
32
56
67
236
200
198
202
29
53
56
67
330
199
206
203
29
32
44
68
238
204
202
71
29
32
56
68
239
203
201
199
29
53
56
68
333
202
206
200
29
43
44
68
168
201
205
74
29
43
67
68
169
206
204
198
29
53
67
68
336
205
203
200
30
31
37
61
153
214
208
77
30
31
55
61
154
209
207
147
30
54
55
61
339
208
215
148
30
33
44
68
247
216
211
80
30
33
57
68
248
212
210
150
30
54
57
68
342
211
218
151
30
37
42
66
252
220
214
83
30
37
61
66
253
215
213
207
30
54
61
66
345
214
221
209
30
38
44
68
165
210
217
86
30
38
62
68
166
218
216
132
30
54
62
68
348
217
212
133
30
42
47
71
258
135
220
89
30
42
66
71
259
221
219
213
30
54
66
71
351
220
136
215
32
33
41
65
240
225
223
92
32
33
57
65
242
224
222
156
32
56
57
65
354
223
227
157
32
36
41
65
240
222
226
95
32
36
60
65
241
227
225
229
32
56
60
65
357
226
224
230
32
36
46
70
243
237
229
98
32
36
60
70
244
230
228
226
32
56
60
70
360
229
239
227
32
38
40
64
195
180
232
101
32
38
62
64
196
233
231
235
32
56
62
64
363
232
181
236
32
38
43
67
162
198
235
104
32
38
62
67
163
236
234
232
32
56
62
67
366
235
199
233
32
44
46
70
246
228
238
107
32
44
68
70
247
239
237
201
32
56
68
70
369
238
230
202
33
36
41
65
225
222
241
110
33
36
60
65
226
242
240
244
33
57
60
65
372
241
223
245
33
36
46
70
228
246
244
113
33
36
60
70
229
245
243
241
33
57
60
70
375
244
248
242
33
44
46
70
237
243
247
116
33
44
68
70
238
248
246
210
33
57
68
70
378
247
245
211
34
38
39
63
262
186
250
119
34
38
62
63
263
251
249
183
34
58
62
63
381
250
187
184
35
37
42
66
213
259
253
122
35
37
61
66
214
254
252
256
35
59
61
66
384
253
260
257
35
37
45
69
189
138
256
125
35
37
61
69
190
257
255
253
35
59
61
69
387
256
139
254
35
42
47
71
219
141
259
128
35
42
66
71
220
260
258
252
35
59
66
71
390
259
142
254
38
39
45
69
192
144
262
131
38
39
63
69
193
263
261
249
38
62
63
69
393
262
145
250
48
54
62
86
349
277
265
134
48
54
78
86
350
266
264
268
48
72
78
86
396
265
278
269
48
54
71
95
351
273
268
137
48
54
78
95
353
269
267
265
48
72
78
95
399
268
275
266
48
59
69
93
387
276
271
140
48
59
83
93
389
272
270
274
48
72
83
93
402
271
278
275
48
59
71
95
390
267
274
143
48
59
83
95
392
275
273
271
48
72
83
95
405
274
269
272
48
62
69
93
393
270
277
146
48
62
86
93
395
278
276
264
48
72
86
93
408
277
272
266
49
54
55
79
340
286
280
149
49
54
78
79
341
281
279
283
49
73
78
79
411
280
287
284
49
54
57
81
343
288
283
152
49
54
78
81
344
284
282
280
49
73
78
81
414
283
290
281
49
55
61
85
339
291
286
155
49
55
79
85
340
287
285
279
49
73
79
85
417
286
293
281
49
56
57
81
355
282
289
158
49
56
80
81
356
290
288
292
49
73
80
81
420
289
284
293
49
56
61
85
309
285
292
161
49
56
80
85
310
293
291
289
49
73
80
85
423
292
287
290
50
62
67
91
366
301
295
164
50
62
86
91
367
296
294
298
50
74
86
91
426
295
302
299
50
62
68
92
348
300
298
167
50
62
86
92
349
299
297
295
50
74
86
92
429
298
302
296
50
67
68
92
336
297
301
170
50
67
91
92
337
302
300
294
50
74
91
92
432
301
299
296
51
52
62
86
328
315
304
173
51
52
76
86
329
305
303
307
51
75
76
86
435
304
317
308
51
52
64
88
327
312
307
176
51
52
76
88
329
308
306
304
51
75
76
88
438
307
314
305
51
56
61
85
291
322
310
179
51
56
80
85
292
311
309
313
51
75
80
85
441
310
323
314
51
56
64
88
363
306
313
182
51
56
80
88
365
314
312
310
51
75
80
88
444
313
308
311
51
58
62
86
382
303
316
185
51
58
82
86
383
317
315
319
51
75
82
86
447
316
305
320
51
58
63
87
381
325
319
188
51
58
82
87
383
320
318
316
51
75
82
87
450
319
326
317
51
61
69
93
387
324
322
191
51
61
85
93
388
323
321
309
51
75
85
93
453
322
326
311
51
63
69
93
393
321
325
194
51
63
87
93
394
326
324
318
51
75
87
93
456
325
323
320
52
62
64
88
363
306
328
197
52
62
86
88
364
329
327
303
52
76
86
88
459
328
307
304
53
56
67
91
366
337
331
200
53
56
80
91
368
332
330
334
53
77
80
91
462
331
338
335
53
56
68
92
370
336
334
203
53
56
80
92
371
335
333
331
53
77
80
92
465
334
338
332
53
67
68
92
300
333
337
206
53
67
91
92
301
338
336
330
53
77
91
92
468
337
335
332
54
55
61
85
285
346
340
209
54
55
79
85
286
341
339
279
54
78
79
85
471
340
347
280
54
57
68
92
379
348
343
212
54
57
81
92
380
344
342
282
54
78
81
92
474
343
350
283
54
61
66
90
384
352
346
215
54
61
85
90
385
347
345
339
54
78
85
90
477
346
353
341
54
62
68
92
297
342
349
218
54
62
86
92
298
350
348
264
54
78
86
92
480
349
344
265
54
66
71
95
390
267
352
221
54
66
90
95
391
353
351
345
54
78
90
95
483
352
268
347
56
57
65
89
372
357
355
224
56
57
81
89
374
356
354
288
56
80
81
89
486
355
359
289
56
60
65
89
372
354
358
227
56
60
84
89
373
359
357
361
56
80
84
89
489
358
356
362
56
60
70
94
375
369
361
230
56
60
84
94
376
362
360
358
56
80
84
94
492
361
371
359
56
62
64
88
327
312
364
233
56
62
86
88
328
365
363
367
56
80
86
88
495
364
313
368
56
62
67
91
294
330
367
236
56
62
86
91
295
368
366
364
56
80
86
91
498
367
331
365
56
68
70
94
378
360
370
239
56
68
92
94
379
371
369
333
56
80
92
94
501
370
362
334
57
60
65
89
357
354
373
242
57
60
84
89
358
374
372
376
57
81
84
89
504
373
355
377
57
60
70
94
360
378
376
245
57
60
84
94
361
377
375
373
57
81
84
94
507
376
380
374
57
68
70
94
369
375
379
248
57
68
92
94
370
380
378
342
57
81
92
94
510
379
377
343
58
62
63
87
394
318
382
251
58
62
86
87
395
383
381
315
58
82
86
87
513
382
319
316
59
61
66
90
345
391
385
254
59
61
85
90
346
386
384
388
59
83
85
90
516
385
392
389
59
61
69
93
321
270
388
257
59
61
85
93
322
389
387
385
59
83
85
93
519
388
271
386
59
66
71
95
351
273
391
260
59
66
90
95
352
392
390
384
59
83
90
95
522
391
274
386
62
63
69
93
324
276
394
263
62
63
87
93
325
395
393
381
62
86
87
93
525
394
277
382
72
78
86
14
481
409
397
266
72
78
6
14
482
398
396
400
72
0
6
14
0
397
410
401
72
78
95
23
483
405
400
269
72
78
6
23
485
401
399
397
72
0
6
23
3
400
407
398
72
83
93
21
519
408
403
272
72
83
11
21
521
404
402
406
72
0
11
21
6
403
410
407
72
83
95
23
522
399
406
275
72
83
11
23
524
407
405
403
72
0
11
23
9
406
401
404
72
86
93
21
525
402
409
278
72
86
14
21
527
410
408
396
72
0
14
21
12
409
404
398
73
78
79
7
472
418
412
281
73
78
6
7
473
413
411
415
73
1
6
7
15
412
419
416
73
78
81
9
475
420
415
284
73
78
6
9
476
416
414
412
73
1
6
9
18
415
422
413
73
79
85
13
471
423
418
287
73
79
7
13
472
419
417
411
73
1
7
13
21
418
425
413
73
80
81
9
487
414
421
290
73
80
8
9
488
422
420
424
73
1
8
9
24
421
416
425
73
80
85
13
441
417
424
293
73
80
8
13
442
425
423
421
73
1
8
13
27
424
419
422
74
86
91
19
498
433
427
296
74
86
14
19
499
428
426
430
74
2
14
19
30
427
434
431
74
86
92
20
480
432
430
299
74
86
14
20
481
431
429
427
74
2
14
20
33
430
434
428
74
91
92
20
468
429
433
302
74
91
19
20
469
434
432
426
74
2
19
20
36
433
431
428
75
76
86
14
460
447
436
305
75
76
4
14
461
437
435
439
75
3
4
14
39
436
449
440
75
76
88
16
459
444
439
308
75
76
4
16
461
440
438
436
75
3
4
16
42
439
446
437
75
80
85
13
423
454
442
311
75
80
8
13
424
443
441
445
75
3
8
13
45
442
455
446
75
80
88
16
495
438
445
314
75
80
8
16
497
446
444
442
75
3
8
16
48
445
440
443
75
82
86
14
514
435
448
317
75
82
10
14
515
449
447
451
75
3
10
14
51
448
437
452
75
82
87
15
513
457
451
320
75
82
10
15
515
452
450
448
75
3
10
15
54
451
458
449
75
85
93
21
519
456
454
323
75
85
13
21
520
455
453
441
75
3
13
21
57
454
458
443
75
87
93
21
525
453
457
326
75
87
15
21
526
458
456
450
75
3
15
21
60
457
455
452
76
86
88
16
495
438
460
329
76
86
14
16
496
461
459
435
76
4
14
16
63
460
439
436
77
80
91
19
498
469
463
332
77
80
8
19
500
464
462
466
77
5
8
19
66
463
470
467
77
80
92
20
502
468
466
335
77
80
8
20
503
467
465
463
77
5
8
20
69
466
470
464
77
91
92
20
432
465
469
338
77
91
19
20
433
470
468
462
77
5
19
20
72
469
467
464
78
79
85
13
417
478
472
341
78
79
7
13
418
473
471
411
78
6
7
13
75
472
479
412
78
81
92
20
511
480
475
344
78
81
9
20
512
476
474
414
78
6
9
20
78
475
482
415
78
85
90
18
516
484
478
347
78
85
13
18
517
479
477
471
78
6
13
18
81
478
485
473
78
86
92
20
429
474
481
350
78
86
14
20
430
482
480
396
78
6
14
20
84
481
476
397
78
90
95
23
522
399
484
353
78
90
18
23
523
485
483
477
78
6
18
23
87
484
400
479
80
81
89
17
504
489
487
356
80
81
9
17
506
488
486
420
80
8
9
17
90
487
491
421
80
84
89
17
504
486
490
359
80
84
12
17
505
491
489
493
80
8
12
17
93
490
488
494
80
84
94
22
507
501
493
362
80
84
12
22
508
494
492
490
80
8
12
22
96
493
503
491
80
86
88
16
459
444
496
365
80
86
14
16
460
497
495
499
80
8
14
16
99
496
445
500
80
86
91
19
426
462
499
368
80
86
14
19
427
500
498
496
80
8
14
19
102
499
463
497
80
92
94
22
510
492
502
371
80
92
20
22
511
503
501
465
80
8
20
22
105
502
494
466
81
84
89
17
489
486
505
374
81
84
12
17
490
506
504
508
81
9
12
17
108
505
487
509
81
84
94
22
492
510
508
377
81
84
12
22
493
509
507
505
81
9
12
22
111
508
512
506
81
92
94
22
501
507
511
380
81
92
20
22
502
512
510
474
81
9
20
22
114
511
509
475
82
86
87
15
526
450
514
383
82
86
14
15
527
515
513
447
82
10
14
15
117
514
451
448
83
85
90
18
477
523
517
386
83
85
13
18
478
518
516
520
83
11
13
18
120
517
524
521
83
85
93
21
453
402
520
389
83
85
13
21
454
521
519
517
83
11
13
21
123
520
403
518
83
90
95
23
483
405
523
392
83
90
18
23
484
524
522
516
83
11
18
23
126
523
406
518
86
87
93
21
456
408
526
395
86
87
15
21
457
527
525
513
86
14
15
21
129
526
409
514
528
