1
96
0
0
0
0
0
0
0
0
0
0
0
0
0
0
0
0
0
0
0
0
0
0
0
0
1
1
1
1
1
1
1
1
1
1
1
1
1
1
1
1
1
1
1
1
1
1
1
1
2
2
2
2
2
2
2
2
2
2
2
2
2
2
2
2
2
2
2
2
2
2
2
2
3
3
3
3
3
3
3
3
3
3
3
3
3
3
3
3
3
3
3
3
3
3
3
3
96
528
0
1
5
29
52
19
1
398
0
1
25
29
53
2
0
4
0
24
25
29
132
1
20
5
0
1
8
32
54
28
4
401
0
1
25
32
56
5
3
1
0
24
25
32
135
4
29
2
0
2
7
31
36
25
7
404
0
2
26
31
37
8
6
10
0
24
26
31
138
7
26
11
0
2
21
45
60
15
10
407
0
2
26
45
62
11
9
7
0
24
26
45
141
10
17
8
0
3
6
30
66
22
13
410
0
3
27
30
68
14
12
16
0
24
27
30
144
13
23
17
0
3
21
45
60
9
16
413
0
3
27
45
61
17
15
13
0
24
27
45
147
16
11
14
0
5
11
35
75
34
19
416
0
5
29
35
77
20
18
0
0
24
29
35
150
19
35
2
0
6
9
33
94
31
22
419
0
6
30
33
95
23
21
12
0
24
30
33
153
22
32
14
0
7
10
34
102
27
25
422
0
7
31
34
104
26
24
6
0
24
31
34
156
25
29
8
0
8
10
34
102
24
28
425
0
8
32
34
103
29
27
3
0
24
32
34
159
28
26
5
0
9
12
36
109
33
31
428
0
9
33
36
110
32
30
21
0
24
33
36
162
31
35
23
0
11
12
36
121
30
34
431
0
11
35
36
122
35
33
18
0
24
35
36
165
34
32
20
1
2
7
31
6
55
37
434
1
2
26
31
7
38
36
40
1
25
26
31
168
37
56
41
1
2
17
41
63
48
40
437
1
2
26
41
65
41
39
37
1
25
26
41
171
40
50
38
1
3
4
28
57
49
43
440
1
3
27
28
58
44
42
46
1
25
27
28
174
43
50
47
1
3
19
43
69
51
46
443
1
3
27
43
71
47
45
43
1
25
27
43
177
46
53
44
1
4
17
41
63
39
49
446
1
4
28
41
64
50
48
42
1
25
28
41
180
49
41
44
1
5
19
43
69
45
52
449
1
5
29
43
70
53
51
0
1
25
29
43
183
52
47
1
1
7
8
32
103
3
55
452
1
7
31
32
104
56
54
36
1
25
31
32
186
55
4
38
2
3
4
28
42
64
58
455
2
3
27
28
43
59
57
61
2
26
27
28
189
58
65
62
2
3
21
45
15
9
61
458
2
3
27
45
16
62
60
58
2
26
27
45
192
61
10
59
2
4
17
41
48
39
64
461
2
4
28
41
49
65
63
57
2
26
28
41
195
64
40
59
3
5
6
30
73
12
67
464
3
5
29
30
74
68
66
70
3
27
29
30
198
67
13
71
3
5
19
43
51
45
70
467
3
5
29
43
52
71
69
67
3
27
29
43
201
70
46
68
5
6
14
38
96
88
73
470
5
6
30
38
98
74
72
66
5
29
30
38
204
73
89
67
5
9
11
35
106
18
76
473
5
9
33
35
107
77
75
79
5
29
33
35
207
76
19
80
5
9
15
39
111
81
79
476
5
9
33
39
113
80
78
76
5
29
33
39
210
79
83
77
5
13
15
39
111
78
82
479
5
13
37
39
112
83
81
85
5
29
37
39
213
82
80
86
5
13
23
47
129
90
85
482
5
13
37
47
131
86
84
82
5
29
37
47
216
85
92
83
5
14
16
40
126
91
88
485
5
14
38
40
127
89
87
72
5
29
38
40
219
88
92
74
5
16
23
47
129
84
91
488
5
16
40
47
130
92
90
87
5
29
40
47
222
91
86
89
6
9
18
42
114
99
94
491
6
9
33
42
116
95
93
21
6
30
33
42
225
94
101
22
6
13
14
38
127
72
97
494
6
13
37
38
128
98
96
100
6
30
37
38
228
97
73
101
6
13
18
42
114
93
100
497
6
13
37
42
115
101
99
97
6
30
37
42
231
100
95
98
7
8
10
34
27
24
103
500
7
8
32
34
28
104
102
54
7
31
32
34
234
103
25
55
9
11
22
46
123
117
106
503
9
11
35
46
125
107
105
75
9
33
35
46
237
106
119
76
9
12
20
44
120
118
109
506
9
12
36
44
121
110
108
30
9
33
36
44
240
109
119
31
9
13
15
39
81
78
112
509
9
13
37
39
82
113
111
115
9
33
37
39
243
112
79
116
9
13
18
42
99
93
115
512
9
13
37
42
100
116
114
112
9
33
37
42
246
115
94
113
9
20
22
46
123
105
118
515
9
20
44
46
124
119
117
108
9
33
44
46
249
118
107
110
11
12
20
44
108
124
121
518
11
12
36
44
109
122
120
33
11
35
36
44
252
121
125
34
11
20
22
46
117
105
124
521
11
20
44
46
118
125
123
120
11
35
44
46
255
124
106
122
13
14
16
40
87
130
127
524
13
14
38
40
88
128
126
96
13
37
38
40
258
127
131
97
13
16
23
47
90
84
130
527
13
16
40
47
91
131
129
126
13
37
40
47
261
130
85
128
24
25
29
53
184
151
133
2
24
25
49
53
185
134
132
136
24
48
49
53
264
133
152
137
24
25
32
56
186
160
136
5
24
25
49
56
188
137
135
133
24
48
49
56
267
136
161
134
24
26
31
55
168
157
139
8
24
26
50
55
169
140
138
142
24
48
50
55
270
139
158
143
24
26
45
69
192
147
142
11
24
26
50
69
194
143
141
139
24
48
50
69
273
142
149
140
24
27
30
54
198
154
145
14
24
27
51
54
200
146
144
148
24
48
51
54
276
145
155
149
24
27
45
69
192
141
148
17
24
27
51
69
193
149
147
145
24
48
51
69
279
148
143
146
24
29
35
59
207
166
151
20
24
29
53
59
209
152
150
132
24
48
53
59
282
151
167
134
24
30
33
57
226
163
154
23
24
30
54
57
227
155
153
144
24
48
54
57
285
154
164
146
24
31
34
58
234
159
157
26
24
31
55
58
236
158
156
138
24
48
55
58
288
157
161
140
24
32
34
58
234
156
160
29
24
32
56
58
235
161
159
135
24
48
56
58
291
160
158
137
24
33
36
60
241
165
163
32
24
33
57
60
242
164
162
153
24
48
57
60
294
163
167
155
24
35
36
60
253
162
166
35
24
35
59
60
254
167
165
150
24
48
59
60
297
166
164
152
25
26
31
55
138
187
169
38
25
26
50
55
139
170
168
172
25
49
50
55
300
169
188
173
25
26
41
65
195
180
172
41
25
26
50
65
197
173
171
169
25
49
50
65
303
172
182
170
25
27
28
52
189
181
175
44
25
27
51
52
190
176
174
178
25
49
51
52
306
175
182
179
25
27
43
67
201
183
178
47
25
27
51
67
203
179
177
175
25
49
51
67
309
178
185
176
25
28
41
65
195
171
181
50
25
28
52
65
196
182
180
174
25
49
52
65
312
181
173
176
25
29
43
67
201
177
184
53
25
29
53
67
202
185
183
132
25
49
53
67
315
184
179
133
25
31
32
56
235
135
187
56
25
31
55
56
236
188
186
168
25
49
55
56
318
187
136
170
26
27
28
52
174
196
190
59
26
27
51
52
175
191
189
193
26
50
51
52
321
190
197
194
26
27
45
69
147
141
193
62
26
27
51
69
148
194
192
190
26
50
51
69
324
193
142
191
26
28
41
65
180
171
196
65
26
28
52
65
181
197
195
189
26
50
52
65
327
196
172
191
27
29
30
54
205
144
199
68
27
29
53
54
206
200
198
202
27
51
53
54
330
199
145
203
27
29
43
67
183
177
202
71
27
29
53
67
184
203
201
199
27
51
53
67
333
202
178
200
29
30
38
62
228
220
205
74
29
30
54
62
230
206
204
198
29
53
54
62
336
205
221
199
29
33
35
59
238
150
208
77
29
33
57
59
239
209
207
211
29
53
57
59
339
208
151
212
29
33
39
63
243
213
211
80
29
33
57
63
245
212
210
208
29
53
57
63
342
211
215
209
29
37
39
63
243
210
214
83
29
37
61
63
244
215
213
217
29
53
61
63
345
214
212
218
29
37
47
71
261
222
217
86
29
37
61
71
263
218
216
214
29
53
61
71
348
217
224
215
29
38
40
64
258
223
220
89
29
38
62
64
259
221
219
204
29
53
62
64
351
220
224
206
29
40
47
71
261
216
223
92
29
40
64
71
262
224
222
219
29
53
64
71
354
223
218
221
30
33
42
66
246
231
226
95
30
33
57
66
248
227
225
153
30
54
57
66
357
226
233
154
30
37
38
62
259
204
229
98
30
37
61
62
260
230
228
232
30
54
61
62
360
229
205
233
30
37
42
66
246
225
232
101
30
37
61
66
247
233
231
229
30
54
61
66
363
232
227
230
31
32
34
58
159
156
235
104
31
32
56
58
160
236
234
186
31
55
56
58
366
235
157
187
33
35
46
70
255
249
238
107
33
35
59
70
257
239
237
207
33
57
59
70
369
238
251
208
33
36
44
68
252
250
241
110
33
36
60
68
253
242
240
162
33
57
60
68
372
241
251
163
33
37
39
63
213
210
244
113
33
37
61
63
214
245
243
247
33
57
61
63
375
244
211
248
33
37
42
66
231
225
247
116
33
37
61
66
232
248
246
244
33
57
61
66
378
247
226
245
33
44
46
70
255
237
250
119
33
44
68
70
256
251
249
240
33
57
68
70
381
250
239
242
35
36
44
68
240
256
253
122
35
36
60
68
241
254
252
165
35
59
60
68
384
253
257
166
35
44
46
70
249
237
256
125
35
44
68
70
250
257
255
252
35
59
68
70
387
256
238
254
37
38
40
64
219
262
259
128
37
38
62
64
220
260
258
228
37
61
62
64
390
259
263
229
37
40
47
71
222
216
262
131
37
40
64
71
223
263
261
258
37
61
64
71
393
262
217
260
48
49
53
77
316
283
265
134
48
49
73
77
317
266
264
268
48
72
73
77
396
265
284
269
48
49
56
80
318
292
268
137
48
49
73
80
320
269
267
265
48
72
73
80
399
268
293
266
48
50
55
79
300
289
271
140
48
50
74
79
301
272
270
274
48
72
74
79
402
271
290
275
48
50
69
93
324
279
274
143
48
50
74
93
326
275
273
271
48
72
74
93
405
274
281
272
48
51
54
78
330
286
277
146
48
51
75
78
332
278
276
280
48
72
75
78
408
277
287
281
48
51
69
93
324
273
280
149
48
51
75
93
325
281
279
277
48
72
75
93
411
280
275
278
48
53
59
83
339
298
283
152
48
53
77
83
341
284
282
264
48
72
77
83
414
283
299
266
48
54
57
81
358
295
286
155
48
54
78
81
359
287
285
276
48
72
78
81
417
286
296
278
48
55
58
82
366
291
289
158
48
55
79
82
368
290
288
270
48
72
79
82
420
289
293
272
48
56
58
82
366
288
292
161
48
56
80
82
367
293
291
267
48
72
80
82
423
292
290
269
48
57
60
84
373
297
295
164
48
57
81
84
374
296
294
285
48
72
81
84
426
295
299
287
48
59
60
84
385
294
298
167
48
59
83
84
386
299
297
282
48
72
83
84
429
298
296
284
49
50
55
79
270
319
301
170
49
50
74
79
271
302
300
304
49
73
74
79
432
301
320
305
49
50
65
89
327
312
304
173
49
50
74
89
329
305
303
301
49
73
74
89
435
304
314
302
49
51
52
76
321
313
307
176
49
51
75
76
322
308
306
310
49
73
75
76
438
307
314
311
49
51
67
91
333
315
310
179
49
51
75
91
335
311
309
307
49
73
75
91
441
310
317
308
49
52
65
89
327
303
313
182
49
52
76
89
328
314
312
306
49
73
76
89
444
313
305
308
49
53
67
91
333
309
316
185
49
53
77
91
334
317
315
264
49
73
77
91
447
316
311
265
49
55
56
80
367
267
319
188
49
55
79
80
368
320
318
300
49
73
79
80
450
319
268
302
50
51
52
76
306
328
322
191
50
51
75
76
307
323
321
325
50
74
75
76
453
322
329
326
50
51
69
93
279
273
325
194
50
51
75
93
280
326
324
322
50
74
75
93
456
325
274
323
50
52
65
89
312
303
328
197
50
52
76
89
313
329
327
321
50
74
76
89
459
328
304
323
51
53
54
78
337
276
331
200
51
53
77
78
338
332
330
334
51
75
77
78
462
331
277
335
51
53
67
91
315
309
334
203
51
53
77
91
316
335
333
331
51
75
77
91
465
334
310
332
53
54
62
86
360
352
337
206
53
54
78
86
362
338
336
330
53
77
78
86
468
337
353
331
53
57
59
83
370
282
340
209
53
57
81
83
371
341
339
343
53
77
81
83
471
340
283
344
53
57
63
87
375
345
343
212
53
57
81
87
377
344
342
340
53
77
81
87
474
343
347
341
53
61
63
87
375
342
346
215
53
61
85
87
376
347
345
349
53
77
85
87
477
346
344
350
53
61
71
95
393
354
349
218
53
61
85
95
395
350
348
346
53
77
85
95
480
349
356
347
53
62
64
88
390
355
352
221
53
62
86
88
391
353
351
336
53
77
86
88
483
352
356
338
53
64
71
95
393
348
355
224
53
64
88
95
394
356
354
351
53
77
88
95
486
355
350
353
54
57
66
90
378
363
358
227
54
57
81
90
380
359
357
285
54
78
81
90
489
358
365
286
54
61
62
86
391
336
361
230
54
61
85
86
392
362
360
364
54
78
85
86
492
361
337
365
54
61
66
90
378
357
364
233
54
61
85
90
379
365
363
361
54
78
85
90
495
364
359
362
55
56
58
82
291
288
367
236
55
56
80
82
292
368
366
318
55
79
80
82
498
367
289
319
57
59
70
94
387
381
370
239
57
59
83
94
389
371
369
339
57
81
83
94
501
370
383
340
57
60
68
92
384
382
373
242
57
60
84
92
385
374
372
294
57
81
84
92
504
373
383
295
57
61
63
87
345
342
376
245
57
61
85
87
346
377
375
379
57
81
85
87
507
376
343
380
57
61
66
90
363
357
379
248
57
61
85
90
364
380
378
376
57
81
85
90
510
379
358
377
57
68
70
94
387
369
382
251
57
68
92
94
388
383
381
372
57
81
92
94
513
382
371
374
59
60
68
92
372
388
385
254
59
60
84
92
373
386
384
297
59
83
84
92
516
385
389
298
59
68
70
94
381
369
388
257
59
68
92
94
382
389
387
384
59
83
92
94
519
388
370
386
61
62
64
88
351
394
391
260
61
62
86
88
352
392
390
360
61
85
86
88
522
391
395
361
61
64
71
95
354
348
394
263
61
64
88
95
355
395
393
390
61
85
88
95
525
394
349
392
72
73
77
5
448
415
397
266
72
73
1
5
449
398
396
400
72
0
1
5
0
397
416
401
72
73
80
8
450
424
400
269
72
73
1
8
452
401
399
397
72
0
1
8
3
400
425
398
72
74
79
7
432
421
403
272
72
74
2
7
433
404
402
406
72
0
2
7
6
403
422
407
72
74
93
21
456
411
406
275
72
74
2
21
458
407
405
403
72
0
2
21
9
406
413
404
72
75
78
6
462
418
409
278
72
75
3
6
464
410
408
412
72
0
3
6
12
409
419
413
72
75
93
21
456
405
412
281
72
75
3
21
457
413
411
409
72
0
3
21
15
412
407
410
72
77
83
11
471
430
415
284
72
77
5
11
473
416
414
396
72
0
5
11
18
415
431
398
72
78
81
9
490
427
418
287
72
78
6
9
491
419
417
408
72
0
6
9
21
418
428
410
72
79
82
10
498
423
421
290
72
79
7
10
500
422
420
402
72
0
7
10
24
421
425
404
72
80
82
10
498
420
424
293
72
80
8
10
499
425
423
399
72
0
8
10
27
424
422
401
72
81
84
12
505
429
427
296
72
81
9
12
506
428
426
417
72
0
9
12
30
427
431
419
72
83
84
12
517
426
430
299
72
83
11
12
518
431
429
414
72
0
11
12
33
430
428
416
73
74
79
7
402
451
433
302
73
74
2
7
403
434
432
436
73
1
2
7
36
433
452
437
73
74
89
17
459
444
436
305
73
74
2
17
461
437
435
433
73
1
2
17
39
436
446
434
73
75
76
4
453
445
439
308
73
75
3
4
454
440
438
442
73
1
3
4
42
439
446
443
73
75
91
19
465
447
442
311
73
75
3
19
467
443
441
439
73
1
3
19
45
442
449
440
73
76
89
17
459
435
445
314
73
76
4
17
460
446
444
438
73
1
4
17
48
445
437
440
73
77
91
19
465
441
448
317
73
77
5
19
466
449
447
396
73
1
5
19
51
448
443
397
73
79
80
8
499
399
451
320
73
79
7
8
500
452
450
432
73
1
7
8
54
451
400
434
74
75
76
4
438
460
454
323
74
75
3
4
439
455
453
457
74
2
3
4
57
454
461
458
74
75
93
21
411
405
457
326
74
75
3
21
412
458
456
454
74
2
3
21
60
457
406
455
74
76
89
17
444
435
460
329
74
76
4
17
445
461
459
453
74
2
4
17
63
460
436
455
75
77
78
6
469
408
463
332
75
77
5
6
470
464
462
466
75
3
5
6
66
463
409
467
75
77
91
19
447
441
466
335
75
77
5
19
448
467
465
463
75
3
5
19
69
466
442
464
77
78
86
14
492
484
469
338
77
78
6
14
494
470
468
462
77
5
6
14
72
469
485
463
77
81
83
11
502
414
472
341
77
81
9
11
503
473
471
475
77
5
9
11
75
472
415
476
77
81
87
15
507
477
475
344
77
81
9
15
509
476
474
472
77
5
9
15
78
475
479
473
77
85
87
15
507
474
478
347
77
85
13
15
508
479
477
481
77
5
13
15
81
478
476
482
77
85
95
23
525
486
481
350
77
85
13
23
527
482
480
478
77
5
13
23
84
481
488
479
77
86
88
16
522
487
484
353
77
86
14
16
523
485
483
468
77
5
14
16
87
484
488
470
77
88
95
23
525
480
487
356
77
88
16
23
526
488
486
483
77
5
16
23
90
487
482
485
78
81
90
18
510
495
490
359
78
81
9
18
512
491
489
417
78
6
9
18
93
490
497
418
78
85
86
14
523
468
493
362
78
85
13
14
524
494
492
496
78
6
13
14
96
493
469
497
78
85
90
18
510
489
496
365
78
85
13
18
511
497
495
493
78
6
13
18
99
496
491
494
79
80
82
10
423
420
499
368
79
80
8
10
424
500
498
450
79
7
8
10
102
499
421
451
81
83
94
22
519
513
502
371
81
83
11
22
521
503
501
471
81
9
11
22
105
502
515
472
81
84
92
20
516
514
505
374
81
84
12
20
517
506
504
426
81
9
12
20
108
505
515
427
81
85
87
15
477
474
508
377
81
85
13
15
478
509
507
511
81
9
13
15
111
508
475
512
81
85
90
18
495
489
511
380
81
85
13
18
496
512
510
508
81
9
13
18
114
511
490
509
81
92
94
22
519
501
514
383
81
92
20
22
520
515
513
504
81
9
20
22
117
514
503
506
83
84
92
20
504
520
517
386
83
84
12
20
505
518
516
429
83
11
12
20
120
517
521
430
83
92
94
22
513
501
520
389
83
92
20
22
514
521
519
516
83
11
20
22
123
520
502
518
85
86
88
16
483
526
523
392
85
86
14
16
484
524
522
492
85
13
14
16
126
523
527
493
85
88
95
23
486
480
526
395
85
88
16
23
487
527
525
522
85
13
16
23
129
526
481
524
528
