1
96
0
0
0
0
0
0
0
0
0
0
0
0
0
0
0
0
0
0
0
0
0
0
0
0
1
1
1
1
1
1
1
1
1
1
1
1
1
1
1
1
1
1
1
1
1
1
1
1
2
2
2
2
2
2
2
2
2
2
2
2
2
2
2
2
2
2
2
2
2
2
2
2
3
3
3
3
3
3
3
3
3
3
3
3
3
3
3
3
3
3
3
3
3
3
3
3
96
528
0
3
4
28
21
7
1
398
0
3
27
28
22
2
0
4
0
24
27
28
132
1
8
5
0
3
7
31
43
10
4
401
0
3
27
31
44
5
3
1
0
24
27
31
135
4
11
2
0
4
17
41
60
9
7
404
0
4
28
41
62
8
6
0
0
24
28
41
138
7
11
2
0
7
17
41
97
6
10
407
0
7
31
41
98
11
9
3
0
24
31
41
141
10
8
5
1
5
6
30
67
19
13
410
1
5
29
30
68
14
12
16
1
25
29
30
144
13
20
17
1
5
21
45
72
18
16
413
1
5
29
45
74
17
15
13
1
25
29
45
147
16
20
14
1
6
21
45
93
15
19
416
1
6
30
45
95
20
18
12
1
25
30
45
150
19
17
14
2
3
4
28
0
28
22
419
2
3
27
28
1
23
21
25
2
26
27
28
153
22
29
26
2
3
16
40
55
40
25
422
2
3
27
40
56
26
24
22
2
26
27
40
156
25
41
23
2
4
23
47
63
36
28
425
2
4
28
47
65
29
27
21
2
26
28
47
159
28
38
23
2
9
12
36
115
37
31
428
2
9
33
36
116
32
30
34
2
26
33
36
162
31
38
35
2
9
22
46
102
39
34
431
2
9
33
46
103
35
33
31
2
26
33
46
165
34
41
32
2
12
23
47
63
27
37
434
2
12
36
47
64
38
36
30
2
26
36
47
168
37
29
32
2
16
22
46
54
33
40
437
2
16
40
46
55
41
39
24
2
26
40
46
171
40
35
26
3
7
20
44
69
51
43
440
3
7
31
44
70
44
42
3
3
27
31
44
174
43
53
4
3
8
15
39
99
52
46
443
3
8
32
39
101
47
45
49
3
27
32
39
177
46
53
50
3
8
22
46
102
54
49
446
3
8
32
46
104
50
48
46
3
27
32
46
180
49
56
47
3
15
20
44
129
42
52
449
3
15
39
44
131
53
51
45
3
27
39
44
183
52
44
47
3
16
22
46
39
48
55
452
3
16
40
46
40
56
54
24
3
27
40
46
186
55
50
25
4
10
12
36
118
64
58
455
4
10
34
36
119
59
57
61
4
28
34
36
189
58
65
62
4
10
17
41
108
6
61
458
4
10
34
41
109
62
60
58
4
28
34
41
192
61
7
59
4
12
23
47
36
27
64
461
4
12
36
47
37
65
63
57
4
28
36
47
195
64
28
59
5
6
9
33
91
76
67
464
5
6
30
33
92
68
66
12
5
29
30
33
198
67
77
13
5
7
20
44
42
87
70
467
5
7
31
44
43
71
69
73
5
29
31
44
201
70
89
74
5
7
21
45
96
15
73
470
5
7
31
45
98
74
72
70
5
29
31
45
204
73
16
71
5
9
15
39
99
85
76
473
5
9
33
39
100
77
75
66
5
29
33
39
207
76
86
68
5
13
18
42
123
88
79
476
5
13
37
42
125
80
78
82
5
29
37
42
210
79
89
83
5
13
19
43
126
84
82
479
5
13
37
43
128
83
81
79
5
29
37
43
213
82
86
80
5
15
19
43
126
81
85
482
5
15
39
43
127
86
84
75
5
29
39
43
216
85
83
77
5
18
20
44
129
69
88
485
5
18
42
44
130
89
87
78
5
29
42
44
219
88
71
80
6
9
11
35
112
94
91
488
6
9
33
35
113
92
90
66
6
30
33
35
222
91
95
67
6
11
21
45
120
18
94
491
6
11
35
45
122
95
93
90
6
30
35
45
225
94
19
92
7
17
21
45
120
72
97
494
7
17
41
45
121
98
96
9
7
31
41
45
228
97
73
10
8
9
15
39
75
45
100
497
8
9
33
39
76
101
99
103
8
32
33
39
231
100
46
104
8
9
22
46
33
48
103
500
8
9
33
46
34
104
102
100
8
32
33
46
234
103
49
101
9
10
14
38
117
114
106
503
9
10
34
38
119
107
105
109
9
33
34
38
237
106
116
110
9
10
17
41
60
111
109
506
9
10
34
41
61
110
108
106
9
33
34
41
240
109
113
107
9
11
17
41
121
108
112
509
9
11
35
41
122
113
111
90
9
33
35
41
243
112
110
91
9
12
14
38
117
105
115
512
9
12
36
38
118
116
114
30
9
33
36
38
246
115
107
31
10
12
14
38
114
105
118
515
10
12
36
38
115
119
117
57
10
34
36
38
249
118
106
58
11
17
21
45
96
93
121
518
11
17
41
45
97
122
120
111
11
35
41
45
252
121
94
112
13
15
18
42
130
78
124
521
13
15
39
42
131
125
123
127
13
37
39
42
255
124
79
128
13
15
19
43
84
81
127
524
13
15
39
43
85
128
126
124
13
37
39
43
258
127
82
125
15
18
20
44
87
51
130
527
15
18
42
44
88
131
129
123
15
39
42
44
261
130
52
124
24
27
28
52
153
139
133
2
24
27
51
52
154
134
132
136
24
48
51
52
264
133
140
137
24
27
31
55
175
142
136
5
24
27
51
55
176
137
135
133
24
48
51
55
267
136
143
134
24
28
41
65
192
141
139
8
24
28
52
65
194
140
138
132
24
48
52
65
270
139
143
134
24
31
41
65
229
138
142
11
24
31
55
65
230
143
141
135
24
48
55
65
273
142
140
137
25
29
30
54
199
151
145
14
25
29
53
54
200
146
144
148
25
49
53
54
276
145
152
149
25
29
45
69
204
150
148
17
25
29
53
69
206
149
147
145
25
49
53
69
279
148
152
146
25
30
45
69
225
147
151
20
25
30
54
69
227
152
150
144
25
49
54
69
282
151
149
146
26
27
28
52
132
160
154
23
26
27
51
52
133
155
153
157
26
50
51
52
285
154
161
158
26
27
40
64
187
172
157
26
26
27
51
64
188
158
156
154
26
50
51
64
288
157
173
155
26
28
47
71
195
168
160
29
26
28
52
71
197
161
159
153
26
50
52
71
291
160
170
155
26
33
36
60
247
169
163
32
26
33
57
60
248
164
162
166
26
50
57
60
294
163
170
167
26
33
46
70
234
171
166
35
26
33
57
70
235
167
165
163
26
50
57
70
297
166
173
164
26
36
47
71
195
159
169
38
26
36
60
71
196
170
168
162
26
50
60
71
300
169
161
164
26
40
46
70
186
165
172
41
26
40
64
70
187
173
171
156
26
50
64
70
303
172
167
158
27
31
44
68
201
183
175
44
27
31
55
68
202
176
174
135
27
51
55
68
306
175
185
136
27
32
39
63
231
184
178
47
27
32
56
63
233
179
177
181
27
51
56
63
309
178
185
182
27
32
46
70
234
186
181
50
27
32
56
70
236
182
180
178
27
51
56
70
312
181
188
179
27
39
44
68
261
174
184
53
27
39
63
68
263
185
183
177
27
51
63
68
315
184
176
179
27
40
46
70
171
180
187
56
27
40
64
70
172
188
186
156
27
51
64
70
318
187
182
157
28
34
36
60
250
196
190
59
28
34
58
60
251
191
189
193
28
52
58
60
321
190
197
194
28
34
41
65
240
138
193
62
28
34
58
65
241
194
192
190
28
52
58
65
324
193
139
191
28
36
47
71
168
159
196
65
28
36
60
71
169
197
195
189
28
52
60
71
327
196
160
191
29
30
33
57
223
208
199
68
29
30
54
57
224
200
198
144
29
53
54
57
330
199
209
145
29
31
44
68
174
219
202
71
29
31
55
68
175
203
201
205
29
53
55
68
333
202
221
206
29
31
45
69
228
147
205
74
29
31
55
69
230
206
204
202
29
53
55
69
336
205
148
203
29
33
39
63
231
217
208
77
29
33
57
63
232
209
207
198
29
53
57
63
339
208
218
200
29
37
42
66
255
220
211
80
29
37
61
66
257
212
210
214
29
53
61
66
342
211
221
215
29
37
43
67
258
216
214
83
29
37
61
67
260
215
213
211
29
53
61
67
345
214
218
212
29
39
43
67
258
213
217
86
29
39
63
67
259
218
216
207
29
53
63
67
348
217
215
209
29
42
44
68
261
201
220
89
29
42
66
68
262
221
219
210
29
53
66
68
351
220
203
212
30
33
35
59
244
226
223
92
30
33
57
59
245
224
222
198
30
54
57
59
354
223
227
199
30
35
45
69
252
150
226
95
30
35
59
69
254
227
225
222
30
54
59
69
357
226
151
224
31
41
45
69
252
204
229
98
31
41
65
69
253
230
228
141
31
55
65
69
360
229
205
142
32
33
39
63
207
177
232
101
32
33
57
63
208
233
231
235
32
56
57
63
363
232
178
236
32
33
46
70
165
180
235
104
32
33
57
70
166
236
234
232
32
56
57
70
366
235
181
233
33
34
38
62
249
246
238
107
33
34
58
62
251
239
237
241
33
57
58
62
369
238
248
242
33
34
41
65
192
243
241
110
33
34
58
65
193
242
240
238
33
57
58
65
372
241
245
239
33
35
41
65
253
240
244
113
33
35
59
65
254
245
243
222
33
57
59
65
375
244
242
223
33
36
38
62
249
237
247
116
33
36
60
62
250
248
246
162
33
57
60
62
378
247
239
163
34
36
38
62
246
237
250
119
34
36
60
62
247
251
249
189
34
58
60
62
381
250
238
190
35
41
45
69
228
225
253
122
35
41
65
69
229
254
252
243
35
59
65
69
384
253
226
244
37
39
42
66
262
210
256
125
37
39
63
66
263
257
255
259
37
61
63
66
387
256
211
260
37
39
43
67
216
213
259
128
37
39
63
67
217
260
258
256
37
61
63
67
390
259
214
257
39
42
44
68
219
183
262
131
39
42
66
68
220
263
261
255
39
63
66
68
393
262
184
256
48
51
52
76
285
271
265
134
48
51
75
76
286
266
264
268
48
72
75
76
396
265
272
269
48
51
55
79
307
274
268
137
48
51
75
79
308
269
267
265
48
72
75
79
399
268
275
266
48
52
65
89
324
273
271
140
48
52
76
89
326
272
270
264
48
72
76
89
402
271
275
266
48
55
65
89
361
270
274
143
48
55
79
89
362
275
273
267
48
72
79
89
405
274
272
269
49
53
54
78
331
283
277
146
49
53
77
78
332
278
276
280
49
73
77
78
408
277
284
281
49
53
69
93
336
282
280
149
49
53
77
93
338
281
279
277
49
73
77
93
411
280
284
278
49
54
69
93
357
279
283
152
49
54
78
93
359
284
282
276
49
73
78
93
414
283
281
278
50
51
52
76
264
292
286
155
50
51
75
76
265
287
285
289
50
74
75
76
417
286
293
290
50
51
64
88
319
304
289
158
50
51
75
88
320
290
288
286
50
74
75
88
420
289
305
287
50
52
71
95
327
300
292
161
50
52
76
95
329
293
291
285
50
74
76
95
423
292
302
287
50
57
60
84
379
301
295
164
50
57
81
84
380
296
294
298
50
74
81
84
426
295
302
299
50
57
70
94
366
303
298
167
50
57
81
94
367
299
297
295
50
74
81
94
429
298
305
296
50
60
71
95
327
291
301
170
50
60
84
95
328
302
300
294
50
74
84
95
432
301
293
296
50
64
70
94
318
297
304
173
50
64
88
94
319
305
303
288
50
74
88
94
435
304
299
290
51
55
68
92
333
315
307
176
51
55
79
92
334
308
306
267
51
75
79
92
438
307
317
268
51
56
63
87
363
316
310
179
51
56
80
87
365
311
309
313
51
75
80
87
441
310
317
314
51
56
70
94
366
318
313
182
51
56
80
94
368
314
312
310
51
75
80
94
444
313
320
311
51
63
68
92
393
306
316
185
51
63
87
92
395
317
315
309
51
75
87
92
447
316
308
311
51
64
70
94
303
312
319
188
51
64
88
94
304
320
318
288
51
75
88
94
450
319
314
289
52
58
60
84
382
328
322
191
52
58
82
84
383
323
321
325
52
76
82
84
453
322
329
326
52
58
65
89
372
270
325
194
52
58
82
89
373
326
324
322
52
76
82
89
456
325
271
323
52
60
71
95
300
291
328
197
52
60
84
95
301
329
327
321
52
76
84
95
459
328
292
323
53
54
57
81
355
340
331
200
53
54
78
81
356
332
330
276
53
77
78
81
462
331
341
277
53
55
68
92
306
351
334
203
53
55
79
92
307
335
333
337
53
77
79
92
465
334
353
338
53
55
69
93
360
279
337
206
53
55
79
93
362
338
336
334
53
77
79
93
468
337
280
335
53
57
63
87
363
349
340
209
53
57
81
87
364
341
339
330
53
77
81
87
471
340
350
332
53
61
66
90
387
352
343
212
53
61
85
90
389
344
342
346
53
77
85
90
474
343
353
347
53
61
67
91
390
348
346
215
53
61
85
91
392
347
345
343
53
77
85
91
477
346
350
344
53
63
67
91
390
345
349
218
53
63
87
91
391
350
348
339
53
77
87
91
480
349
347
341
53
66
68
92
393
333
352
221
53
66
90
92
394
353
351
342
53
77
90
92
483
352
335
344
54
57
59
83
376
358
355
224
54
57
81
83
377
356
354
330
54
78
81
83
486
355
359
331
54
59
69
93
384
282
358
227
54
59
83
93
386
359
357
354
54
78
83
93
489
358
283
356
55
65
69
93
384
336
361
230
55
65
89
93
385
362
360
273
55
79
89
93
492
361
337
274
56
57
63
87
339
309
364
233
56
57
81
87
340
365
363
367
56
80
81
87
495
364
310
368
56
57
70
94
297
312
367
236
56
57
81
94
298
368
366
364
56
80
81
94
498
367
313
365
57
58
62
86
381
378
370
239
57
58
82
86
383
371
369
373
57
81
82
86
501
370
380
374
57
58
65
89
324
375
373
242
57
58
82
89
325
374
372
370
57
81
82
89
504
373
377
371
57
59
65
89
385
372
376
245
57
59
83
89
386
377
375
354
57
81
83
89
507
376
374
355
57
60
62
86
381
369
379
248
57
60
84
86
382
380
378
294
57
81
84
86
510
379
371
295
58
60
62
86
378
369
382
251
58
60
84
86
379
383
381
321
58
82
84
86
513
382
370
322
59
65
69
93
360
357
385
254
59
65
89
93
361
386
384
375
59
83
89
93
516
385
358
376
61
63
66
90
394
342
388
257
61
63
87
90
395
389
387
391
61
85
87
90
519
388
343
392
61
63
67
91
348
345
391
260
61
63
87
91
349
392
390
388
61
85
87
91
522
391
346
389
63
66
68
92
351
315
394
263
63
66
90
92
352
395
393
387
63
87
90
92
525
394
316
388
72
75
76
4
417
403
397
266
72
75
3
4
418
398
396
400
72
0
3
4
0
397
404
401
72
75
79
7
439
406
400
269
72
75
3
7
440
401
399
397
72
0
3
7
3
400
407
398
72
76
89
17
456
405
403
272
72
76
4
17
458
404
402
396
72
0
4
17
6
403
407
398
72
79
89
17
493
402
406
275
72
79
7
17
494
407
405
399
72
0
7
17
9
406
404
401
73
77
78
6
463
415
409
278
73
77
5
6
464
410
408
412
73
1
5
6
12
409
416
413
73
77
93
21
468
414
412
281
73
77
5
21
470
413
411
409
73
1
5
21
15
412
416
410
73
78
93
21
489
411
415
284
73
78
6
21
491
416
414
408
73
1
6
21
18
415
413
410
74
75
76
4
396
424
418
287
74
75
3
4
397
419
417
421
74
2
3
4
21
418
425
422
74
75
88
16
451
436
421
290
74
75
3
16
452
422
420
418
74
2
3
16
24
421
437
419
74
76
95
23
459
432
424
293
74
76
4
23
461
425
423
417
74
2
4
23
27
424
434
419
74
81
84
12
511
433
427
296
74
81
9
12
512
428
426
430
74
2
9
12
30
427
434
431
74
81
94
22
498
435
430
299
74
81
9
22
499
431
429
427
74
2
9
22
33
430
437
428
74
84
95
23
459
423
433
302
74
84
12
23
460
434
432
426
74
2
12
23
36
433
425
428
74
88
94
22
450
429
436
305
74
88
16
22
451
437
435
420
74
2
16
22
39
436
431
422
75
79
92
20
465
447
439
308
75
79
7
20
466
440
438
399
75
3
7
20
42
439
449
400
75
80
87
15
495
448
442
311
75
80
8
15
497
443
441
445
75
3
8
15
45
442
449
446
75
80
94
22
498
450
445
314
75
80
8
22
500
446
444
442
75
3
8
22
48
445
452
443
75
87
92
20
525
438
448
317
75
87
15
20
527
449
447
441
75
3
15
20
51
448
440
443
75
88
94
22
435
444
451
320
75
88
16
22
436
452
450
420
75
3
16
22
54
451
446
421
76
82
84
12
514
460
454
323
76
82
10
12
515
455
453
457
76
4
10
12
57
454
461
458
76
82
89
17
504
402
457
326
76
82
10
17
505
458
456
454
76
4
10
17
60
457
403
455
76
84
95
23
432
423
460
329
76
84
12
23
433
461
459
453
76
4
12
23
63
460
424
455
77
78
81
9
487
472
463
332
77
78
6
9
488
464
462
408
77
5
6
9
66
463
473
409
77
79
92
20
438
483
466
335
77
79
7
20
439
467
465
469
77
5
7
20
69
466
485
470
77
79
93
21
492
411
469
338
77
79
7
21
494
470
468
466
77
5
7
21
72
469
412
467
77
81
87
15
495
481
472
341
77
81
9
15
496
473
471
462
77
5
9
15
75
472
482
464
77
85
90
18
519
484
475
344
77
85
13
18
521
476
474
478
77
5
13
18
78
475
485
479
77
85
91
19
522
480
478
347
77
85
13
19
524
479
477
475
77
5
13
19
81
478
482
476
77
87
91
19
522
477
481
350
77
87
15
19
523
482
480
471
77
5
15
19
84
481
479
473
77
90
92
20
525
465
484
353
77
90
18
20
526
485
483
474
77
5
18
20
87
484
467
476
78
81
83
11
508
490
487
356
78
81
9
11
509
488
486
462
78
6
9
11
90
487
491
463
78
83
93
21
516
414
490
359
78
83
11
21
518
491
489
486
78
6
11
21
93
490
415
488
79
89
93
21
516
468
493
362
79
89
17
21
517
494
492
405
79
7
17
21
96
493
469
406
80
81
87
15
471
441
496
365
80
81
9
15
472
497
495
499
80
8
9
15
99
496
442
500
80
81
94
22
429
444
499
368
80
81
9
22
430
500
498
496
80
8
9
22
102
499
445
497
81
82
86
14
513
510
502
371
81
82
10
14
515
503
501
505
81
9
10
14
105
502
512
506
81
82
89
17
456
507
505
374
81
82
10
17
457
506
504
502
81
9
10
17
108
505
509
503
81
83
89
17
517
504
508
377
81
83
11
17
518
509
507
486
81
9
11
17
111
508
506
487
81
84
86
14
513
501
511
380
81
84
12
14
514
512
510
426
81
9
12
14
114
511
503
427
82
84
86
14
510
501
514
383
82
84
12
14
511
515
513
453
82
10
12
14
117
514
502
454
83
89
93
21
492
489
517
386
83
89
17
21
493
518
516
507
83
11
17
21
120
517
490
508
85
87
90
18
526
474
520
389
85
87
15
18
527
521
519
523
85
13
15
18
123
520
475
524
85
87
91
19
480
477
523
392
85
87
15
19
481
524
522
520
85
13
15
19
126
523
478
521
87
90
92
20
483
447
526
395
87
90
18
20
484
527
525
519
87
15
18
20
129
526
448
520
528
