1
192
0
0
0
0
0
0
0
0
0
0
0
0
0
0
0
0
0
0
0
0
0
0
0
0
0
0
0
0
0
0
0
0
0
0
0
0
0
0
0
0
0
0
0
0
0
0
0
0
1
1
1
1
1
1
1
1
1
1
1
1
1
1
1
1
1
1
1
1
1
1
1
1
1
1
1
1
1
1
1
1
1
1
1
1
1
1
1
1
1
1
1
1
1
1
1
1
2
2
2
2
2
2
2
2
2
2
2
2
2
2
2
2
2
2
2
2
2
2
2
2
2
2
2
2
2
2
2
2
2
2
2
2
2
2
2
2
2
2
2
2
2
2
2
2
3
3
3
3
3
3
3
3
3
3
3
3
3
3
3
3
3
3
3
3
3
3
3
3
3
3
3
3
3
3
3
3
3
3
3
3
3
3
3
3
3
3
3
3
3
3
3
3
192
1104
0
1
23
71
13
6
1
830
0
1
49
71
14
2
0
4
0
48
49
71
276
1
8
5
0
1
43
91
12
9
4
833
0
1
49
91
14
5
3
1
0
48
49
91
279
4
11
2
0
2
23
71
28
0
7
836
0
2
50
71
29
8
6
10
0
48
50
71
282
7
2
11
0
2
43
91
18
3
10
839
0
2
50
91
20
11
9
7
0
48
50
91
285
10
5
8
1
23
43
91
99
3
13
842
1
23
71
91
100
14
12
0
1
49
71
91
288
13
4
1
2
8
21
69
105
21
16
845
2
8
56
69
107
17
15
19
2
50
56
69
291
16
23
20
2
8
43
91
108
9
19
848
2
8
56
91
110
20
18
16
2
50
56
91
294
19
10
17
2
9
21
69
63
15
22
851
2
9
57
69
64
23
21
25
2
50
57
69
297
22
17
26
2
9
36
84
123
34
25
854
2
9
57
84
125
26
24
22
2
50
57
84
300
25
35
23
2
23
32
80
229
31
28
857
2
23
71
80
230
29
27
6
2
50
71
80
303
28
32
7
2
32
40
88
265
33
31
860
2
32
80
88
266
32
30
27
2
50
80
88
306
31
35
29
2
36
40
88
243
30
34
863
2
36
84
88
244
35
33
24
2
50
84
88
309
34
32
26
3
6
10
58
88
43
37
866
3
6
54
58
89
38
36
40
3
51
54
58
312
37
44
41
3
6
38
86
90
54
40
869
3
6
54
86
92
41
39
37
3
51
54
86
315
40
56
38
3
10
31
79
138
48
43
872
3
10
58
79
140
44
42
36
3
51
58
79
318
43
50
38
3
15
16
64
190
52
46
875
3
15
63
64
191
47
45
49
3
51
63
64
321
46
53
50
3
15
31
79
189
42
49
878
3
15
63
79
191
50
48
46
3
51
63
79
324
49
44
47
3
16
44
92
198
57
52
881
3
16
64
92
200
53
51
45
3
51
64
92
327
52
59
47
3
28
38
86
249
39
55
884
3
28
76
86
251
56
54
58
3
51
76
86
330
55
41
59
3
28
44
92
252
51
58
887
3
28
76
92
254
59
57
55
3
51
76
92
333
58
53
56
4
9
13
61
118
67
61
890
4
9
57
61
119
62
60
64
4
52
57
61
336
61
68
65
4
9
21
69
21
70
64
893
4
9
57
69
22
65
63
61
4
52
57
69
339
64
71
62
4
13
40
88
171
69
67
896
4
13
61
88
173
68
66
60
4
52
61
88
342
67
71
62
4
21
40
88
220
66
70
899
4
21
69
88
221
71
69
63
4
52
69
88
345
70
68
65
5
21
42
90
210
81
73
902
5
21
69
90
211
74
72
76
5
53
69
90
348
73
83
77
5
21
46
94
219
84
76
905
5
21
69
94
221
77
75
73
5
53
69
94
351
76
86
74
5
32
33
81
259
85
79
908
5
32
80
81
260
80
78
82
5
53
80
81
354
79
86
83
5
32
42
90
228
72
82
911
5
32
80
90
229
83
81
79
5
53
80
90
357
82
74
80
5
33
46
94
270
75
85
914
5
33
81
94
272
86
84
78
5
53
81
94
360
85
77
80
6
10
39
87
157
93
88
917
6
10
58
87
158
89
87
36
6
54
58
87
363
88
95
37
6
20
38
86
144
39
91
920
6
20
68
86
145
92
90
94
6
54
68
86
366
91
40
95
6
20
39
87
165
87
94
923
6
20
68
87
166
95
93
91
6
54
68
87
369
94
89
92
7
23
42
90
228
103
97
926
7
23
71
90
230
98
96
100
7
55
71
90
372
97
104
101
7
23
43
91
12
102
100
929
7
23
71
91
13
101
99
97
7
55
71
91
375
100
104
98
7
42
43
91
207
99
103
932
7
42
90
91
208
104
102
96
7
55
90
91
378
103
101
98
8
17
21
69
201
15
106
935
8
17
65
69
203
107
105
109
8
56
65
69
381
106
16
110
8
17
43
91
207
18
109
938
8
17
65
91
209
110
108
106
8
56
65
91
384
109
19
107
9
12
26
74
163
121
112
941
9
12
60
74
164
113
111
115
9
57
60
74
387
112
122
116
9
12
30
78
162
124
115
944
9
12
60
78
164
116
114
112
9
57
60
78
390
115
125
113
9
13
47
95
177
120
118
947
9
13
61
95
179
119
117
60
9
57
61
95
393
118
122
61
9
26
47
95
147
117
121
950
9
26
74
95
148
122
120
111
9
57
74
95
396
121
119
113
9
30
36
84
240
24
124
953
9
30
78
84
241
125
123
114
9
57
78
84
399
124
25
116
10
11
27
75
160
151
127
956
10
11
59
75
161
128
126
130
10
58
59
75
402
127
152
131
10
11
45
93
159
153
130
959
10
11
59
93
161
131
129
127
10
58
59
93
405
130
155
128
10
13
20
68
166
145
133
962
10
13
61
68
167
134
132
136
10
58
61
68
408
133
146
137
10
13
26
74
175
148
136
965
10
13
61
74
176
137
135
133
10
58
61
74
411
136
149
134
10
16
31
79
189
42
139
968
10
16
64
79
190
140
138
142
10
58
64
79
414
139
43
143
10
16
37
85
195
154
142
971
10
16
64
85
197
143
141
139
10
58
64
85
417
142
155
140
10
20
38
86
90
150
145
974
10
20
68
86
91
146
144
132
10
58
68
86
420
145
152
134
10
26
47
95
120
156
148
977
10
26
74
95
121
149
147
135
10
58
74
95
423
148
158
137
10
27
38
86
247
144
151
980
10
27
75
86
248
152
150
126
10
58
75
86
426
151
146
128
10
37
45
93
234
129
154
983
10
37
85
93
235
155
153
141
10
58
85
93
429
154
131
143
10
39
47
95
177
147
157
986
10
39
87
95
178
158
156
87
10
58
87
95
432
157
149
88
11
27
45
93
246
129
160
989
11
27
75
93
248
161
159
126
11
59
75
93
435
160
130
127
12
26
30
78
174
114
163
992
12
26
74
78
175
164
162
111
12
60
74
78
438
163
115
112
13
20
39
87
93
178
166
995
13
20
68
87
94
167
165
132
13
61
68
87
441
166
179
133
13
25
30
78
241
174
169
998
13
25
73
78
242
170
168
172
13
61
73
78
444
169
176
173
13
25
40
88
243
66
172
1001
13
25
73
88
245
173
171
169
13
61
73
88
447
172
67
170
13
26
30
78
162
168
175
1004
13
26
74
78
163
176
174
135
13
61
74
78
450
175
170
136
13
39
47
95
156
117
178
1007
13
39
87
95
157
179
177
165
13
61
87
95
453
178
118
167
14
28
29
77
250
187
181
1010
14
28
76
77
251
182
180
184
14
62
76
77
456
181
188
185
14
28
35
83
253
186
184
1013
14
28
76
83
254
185
183
181
14
62
76
83
459
184
188
182
14
29
35
83
256
183
187
1016
14
29
77
83
257
188
186
180
14
62
77
83
462
187
185
182
15
16
31
79
138
48
190
1019
15
16
64
79
139
191
189
45
15
63
64
79
465
190
49
46
16
19
22
70
214
199
193
1022
16
19
67
70
215
194
192
196
16
64
67
70
468
193
200
197
16
19
37
85
217
141
196
1025
16
19
67
85
218
197
195
193
16
64
67
85
471
196
142
194
16
22
44
92
225
51
199
1028
16
22
70
92
227
200
198
192
16
64
70
92
474
199
52
194
17
18
21
69
211
105
202
1031
17
18
66
69
212
203
201
205
17
65
66
69
477
202
106
206
17
18
42
90
210
208
205
1034
17
18
66
90
212
206
204
202
17
65
66
90
480
205
209
203
17
42
43
91
102
108
208
1037
17
42
90
91
103
209
207
204
17
65
90
91
483
208
109
206
18
21
42
90
72
204
211
1040
18
21
69
90
73
212
210
201
18
66
69
90
486
211
205
202
19
22
38
86
222
216
214
1043
19
22
70
86
224
215
213
192
19
67
70
86
489
214
218
193
19
37
38
86
231
213
217
1046
19
37
85
86
232
218
216
195
19
67
85
86
492
217
215
196
21
40
46
94
273
75
220
1049
21
40
88
94
275
221
219
69
21
69
88
94
495
220
76
70
22
35
38
86
255
213
223
1052
22
35
83
86
256
224
222
226
22
70
83
86
498
223
214
227
22
35
44
92
252
198
226
1055
22
35
83
92
253
227
225
223
22
70
83
92
501
226
199
224
23
32
42
90
81
96
229
1058
23
32
80
90
82
230
228
27
23
71
80
90
504
229
97
28
24
37
38
86
216
238
232
1061
24
37
85
86
217
233
231
235
24
72
85
86
507
232
239
236
24
37
45
93
153
237
235
1064
24
37
85
93
154
236
234
232
24
72
85
93
510
235
239
233
24
38
45
93
246
234
238
1067
24
38
86
93
247
239
237
231
24
72
86
93
513
238
236
233
25
30
36
84
123
244
241
1070
25
30
78
84
124
242
240
168
25
73
78
84
516
241
245
169
25
36
40
88
33
171
244
1073
25
36
84
88
34
245
243
240
25
73
84
88
519
244
172
242
27
38
45
93
237
159
247
1076
27
38
86
93
238
248
246
150
27
75
86
93
522
247
160
151
28
29
38
86
255
54
250
1079
28
29
77
86
257
251
249
180
28
76
77
86
525
250
55
181
28
35
44
92
225
57
253
1082
28
35
83
92
226
254
252
183
28
76
83
92
528
253
58
184
29
35
38
86
222
249
256
1085
29
35
83
86
223
257
255
186
29
77
83
86
531
256
250
187
32
33
34
82
271
262
259
1088
32
33
81
82
272
260
258
78
32
80
81
82
534
259
263
79
32
34
46
94
270
267
262
1091
32
34
82
94
271
263
261
258
32
80
82
94
537
262
269
260
32
40
41
89
274
268
265
1094
32
40
88
89
275
266
264
30
32
80
88
89
540
265
269
31
32
41
46
94
273
261
268
1097
32
41
89
94
274
269
267
264
32
80
89
94
543
268
263
266
33
34
46
94
261
84
271
1100
33
34
82
94
262
272
270
258
33
81
82
94
546
271
85
259
40
41
46
94
267
219
274
1103
40
41
89
94
268
275
273
264
40
88
89
94
549
274
220
265
48
49
71
119
289
282
277
2
48
49
97
119
290
278
276
280
48
96
97
119
552
277
284
281
48
49
91
139
288
285
280
5
48
49
97
139
290
281
279
277
48
96
97
139
555
280
287
278
48
50
71
119
304
276
283
8
48
50
98
119
305
284
282
286
48
96
98
119
558
283
278
287
48
50
91
139
294
279
286
11
48
50
98
139
296
287
285
283
48
96
98
139
561
286
281
284
49
71
91
139
375
279
289
14
49
71
119
139
376
290
288
276
49
97
119
139
564
289
280
277
50
56
69
117
381
297
292
17
50
56
104
117
383
293
291
295
50
98
104
117
567
292
299
296
50
56
91
139
384
285
295
20
50
56
104
139
386
296
294
292
50
98
104
139
570
295
286
293
50
57
69
117
339
291
298
23
50
57
105
117
340
299
297
301
50
98
105
117
573
298
293
302
50
57
84
132
399
310
301
26
50
57
105
132
401
302
300
298
50
98
105
132
576
301
311
299
50
71
80
128
505
307
304
29
50
71
119
128
506
305
303
282
50
98
119
128
579
304
308
283
50
80
88
136
541
309
307
32
50
80
128
136
542
308
306
303
50
98
128
136
582
307
311
305
50
84
88
136
519
306
310
35
50
84
132
136
520
311
309
300
50
98
132
136
585
310
308
302
51
54
58
106
364
319
313
38
51
54
102
106
365
314
312
316
51
99
102
106
588
313
320
317
51
54
86
134
366
330
316
41
51
54
102
134
368
317
315
313
51
99
102
134
591
316
332
314
51
58
79
127
414
324
319
44
51
58
106
127
416
320
318
312
51
99
106
127
594
319
326
314
51
63
64
112
466
328
322
47
51
63
111
112
467
323
321
325
51
99
111
112
597
322
329
326
51
63
79
127
465
318
325
50
51
63
111
127
467
326
324
322
51
99
111
127
600
325
320
323
51
64
92
140
474
333
328
53
51
64
112
140
476
329
327
321
51
99
112
140
603
328
335
323
51
76
86
134
525
315
331
56
51
76
124
134
527
332
330
334
51
99
124
134
606
331
317
335
51
76
92
140
528
327
334
59
51
76
124
140
530
335
333
331
51
99
124
140
609
334
329
332
52
57
61
109
394
343
337
62
52
57
105
109
395
338
336
340
52
100
105
109
612
337
344
341
52
57
69
117
297
346
340
65
52
57
105
117
298
341
339
337
52
100
105
117
615
340
347
338
52
61
88
136
447
345
343
68
52
61
109
136
449
344
342
336
52
100
109
136
618
343
347
338
52
69
88
136
496
342
346
71
52
69
117
136
497
347
345
339
52
100
117
136
621
346
344
341
53
69
90
138
486
357
349
74
53
69
117
138
487
350
348
352
53
101
117
138
624
349
359
353
53
69
94
142
495
360
352
77
53
69
117
142
497
353
351
349
53
101
117
142
627
352
362
350
53
80
81
129
535
361
355
80
53
80
128
129
536
356
354
358
53
101
128
129
630
355
362
359
53
80
90
138
504
348
358
83
53
80
128
138
505
359
357
355
53
101
128
138
633
358
350
356
53
81
94
142
546
351
361
86
53
81
129
142
548
362
360
354
53
101
129
142
636
361
353
356
54
58
87
135
433
369
364
89
54
58
106
135
434
365
363
312
54
102
106
135
639
364
371
313
54
68
86
134
420
315
367
92
54
68
116
134
421
368
366
370
54
102
116
134
642
367
316
371
54
68
87
135
441
363
370
95
54
68
116
135
442
371
369
367
54
102
116
135
645
370
365
368
55
71
90
138
504
379
373
98
55
71
119
138
506
374
372
376
55
103
119
138
648
373
380
377
55
71
91
139
288
378
376
101
55
71
119
139
289
377
375
373
55
103
119
139
651
376
380
374
55
90
91
139
483
375
379
104
55
90
138
139
484
380
378
372
55
103
138
139
654
379
377
374
56
65
69
117
477
291
382
107
56
65
113
117
479
383
381
385
56
104
113
117
657
382
292
386
56
65
91
139
483
294
385
110
56
65
113
139
485
386
384
382
56
104
113
139
660
385
295
383
57
60
74
122
439
397
388
113
57
60
108
122
440
389
387
391
57
105
108
122
663
388
398
392
57
60
78
126
438
400
391
116
57
60
108
126
440
392
390
388
57
105
108
126
666
391
401
389
57
61
95
143
453
396
394
119
57
61
109
143
455
395
393
336
57
105
109
143
669
394
398
337
57
74
95
143
423
393
397
122
57
74
122
143
424
398
396
387
57
105
122
143
672
397
395
389
57
78
84
132
516
300
400
125
57
78
126
132
517
401
399
390
57
105
126
132
675
400
301
392
58
59
75
123
436
427
403
128
58
59
107
123
437
404
402
406
58
106
107
123
678
403
428
407
58
59
93
141
435
429
406
131
58
59
107
141
437
407
405
403
58
106
107
141
681
406
431
404
58
61
68
116
442
421
409
134
58
61
109
116
443
410
408
412
58
106
109
116
684
409
422
413
58
61
74
122
451
424
412
137
58
61
109
122
452
413
411
409
58
106
109
122
687
412
425
410
58
64
79
127
465
318
415
140
58
64
112
127
466
416
414
418
58
106
112
127
690
415
319
419
58
64
85
133
471
430
418
143
58
64
112
133
473
419
417
415
58
106
112
133
693
418
431
416
58
68
86
134
366
426
421
146
58
68
116
134
367
422
420
408
58
106
116
134
696
421
428
410
58
74
95
143
396
432
424
149
58
74
122
143
397
425
423
411
58
106
122
143
699
424
434
413
58
75
86
134
523
420
427
152
58
75
123
134
524
428
426
402
58
106
123
134
702
427
422
404
58
85
93
141
510
405
430
155
58
85
133
141
511
431
429
417
58
106
133
141
705
430
407
419
58
87
95
143
453
423
433
158
58
87
135
143
454
434
432
363
58
106
135
143
708
433
425
364
59
75
93
141
522
405
436
161
59
75
123
141
524
437
435
402
59
107
123
141
711
436
406
403
60
74
78
126
450
390
439
164
60
74
122
126
451
440
438
387
60
108
122
126
714
439
391
388
61
68
87
135
369
454
442
167
61
68
116
135
370
443
441
408
61
109
116
135
717
442
455
409
61
73
78
126
517
450
445
170
61
73
121
126
518
446
444
448
61
109
121
126
720
445
452
449
61
73
88
136
519
342
448
173
61
73
121
136
521
449
447
445
61
109
121
136
723
448
343
446
61
74
78
126
438
444
451
176
61
74
122
126
439
452
450
411
61
109
122
126
726
451
446
412
61
87
95
143
432
393
454
179
61
87
135
143
433
455
453
441
61
109
135
143
729
454
394
443
62
76
77
125
526
463
457
182
62
76
124
125
527
458
456
460
62
110
124
125
732
457
464
461
62
76
83
131
529
462
460
185
62
76
124
131
530
461
459
457
62
110
124
131
735
460
464
458
62
77
83
131
532
459
463
188
62
77
125
131
533
464
462
456
62
110
125
131
738
463
461
458
63
64
79
127
414
324
466
191
63
64
112
127
415
467
465
321
63
111
112
127
741
466
325
322
64
67
70
118
490
475
469
194
64
67
115
118
491
470
468
472
64
112
115
118
744
469
476
473
64
67
85
133
493
417
472
197
64
67
115
133
494
473
471
469
64
112
115
133
747
472
418
470
64
70
92
140
501
327
475
200
64
70
118
140
503
476
474
468
64
112
118
140
750
475
328
470
65
66
69
117
487
381
478
203
65
66
114
117
488
479
477
481
65
113
114
117
753
478
382
482
65
66
90
138
486
484
481
206
65
66
114
138
488
482
480
478
65
113
114
138
756
481
485
479
65
90
91
139
378
384
484
209
65
90
138
139
379
485
483
480
65
113
138
139
759
484
385
482
66
69
90
138
348
480
487
212
66
69
117
138
349
488
486
477
66
114
117
138
762
487
481
478
67
70
86
134
498
492
490
215
67
70
118
134
500
491
489
468
67
115
118
134
765
490
494
469
67
85
86
134
507
489
493
218
67
85
133
134
508
494
492
471
67
115
133
134
768
493
491
472
69
88
94
142
549
351
496
221
69
88
136
142
551
497
495
345
69
117
136
142
771
496
352
346
70
83
86
134
531
489
499
224
70
83
131
134
532
500
498
502
70
118
131
134
774
499
490
503
70
83
92
140
528
474
502
227
70
83
131
140
529
503
501
499
70
118
131
140
777
502
475
500
71
80
90
138
357
372
505
230
71
80
128
138
358
506
504
303
71
119
128
138
780
505
373
304
72
85
86
134
492
514
508
233
72
85
133
134
493
509
507
511
72
120
133
134
783
508
515
512
72
85
93
141
429
513
511
236
72
85
133
141
430
512
510
508
72
120
133
141
786
511
515
509
72
86
93
141
522
510
514
239
72
86
134
141
523
515
513
507
72
120
134
141
789
514
512
509
73
78
84
132
399
520
517
242
73
78
126
132
400
518
516
444
73
121
126
132
792
517
521
445
73
84
88
136
309
447
520
245
73
84
132
136
310
521
519
516
73
121
132
136
795
520
448
518
75
86
93
141
513
435
523
248
75
86
134
141
514
524
522
426
75
123
134
141
798
523
436
427
76
77
86
134
531
330
526
251
76
77
125
134
533
527
525
456
76
124
125
134
801
526
331
457
76
83
92
140
501
333
529
254
76
83
131
140
502
530
528
459
76
124
131
140
804
529
334
460
77
83
86
134
498
525
532
257
77
83
131
134
499
533
531
462
77
125
131
134
807
532
526
463
80
81
82
130
547
538
535
260
80
81
129
130
548
536
534
354
80
128
129
130
810
535
539
355
80
82
94
142
546
543
538
263
80
82
130
142
547
539
537
534
80
128
130
142
813
538
545
536
80
88
89
137
550
544
541
266
80
88
136
137
551
542
540
306
80
128
136
137
816
541
545
307
80
89
94
142
549
537
544
269
80
89
137
142
550
545
543
540
80
128
137
142
819
544
539
542
81
82
94
142
537
360
547
272
81
82
130
142
538
548
546
534
81
129
130
142
822
547
361
535
88
89
94
142
543
495
550
275
88
89
137
142
544
551
549
540
88
136
137
142
825
550
496
541
96
97
119
167
565
558
553
278
96
97
145
167
566
554
552
556
96
144
145
167
828
553
560
557
96
97
139
187
564
561
556
281
96
97
145
187
566
557
555
553
96
144
145
187
831
556
563
554
96
98
119
167
580
552
559
284
96
98
146
167
581
560
558
562
96
144
146
167
834
559
554
563
96
98
139
187
570
555
562
287
96
98
146
187
572
563
561
559
96
144
146
187
837
562
557
560
97
119
139
187
651
555
565
290
97
119
167
187
652
566
564
552
97
145
167
187
840
565
556
553
98
104
117
165
657
573
568
293
98
104
152
165
659
569
567
571
98
146
152
165
843
568
575
572
98
104
139
187
660
561
571
296
98
104
152
187
662
572
570
568
98
146
152
187
846
571
562
569
98
105
117
165
615
567
574
299
98
105
153
165
616
575
573
577
98
146
153
165
849
574
569
578
98
105
132
180
675
586
577
302
98
105
153
180
677
578
576
574
98
146
153
180
852
577
587
575
98
119
128
176
781
583
580
305
98
119
167
176
782
581
579
558
98
146
167
176
855
580
584
559
98
128
136
184
817
585
583
308
98
128
176
184
818
584
582
579
98
146
176
184
858
583
587
581
98
132
136
184
795
582
586
311
98
132
180
184
796
587
585
576
98
146
180
184
861
586
584
578
99
102
106
154
640
595
589
314
99
102
150
154
641
590
588
592
99
147
150
154
864
589
596
593
99
102
134
182
642
606
592
317
99
102
150
182
644
593
591
589
99
147
150
182
867
592
608
590
99
106
127
175
690
600
595
320
99
106
154
175
692
596
594
588
99
147
154
175
870
595
602
590
99
111
112
160
742
604
598
323
99
111
159
160
743
599
597
601
99
147
159
160
873
598
605
602
99
111
127
175
741
594
601
326
99
111
159
175
743
602
600
598
99
147
159
175
876
601
596
599
99
112
140
188
750
609
604
329
99
112
160
188
752
605
603
597
99
147
160
188
879
604
611
599
99
124
134
182
801
591
607
332
99
124
172
182
803
608
606
610
99
147
172
182
882
607
593
611
99
124
140
188
804
603
610
335
99
124
172
188
806
611
609
607
99
147
172
188
885
610
605
608
100
105
109
157
670
619
613
338
100
105
153
157
671
614
612
616
100
148
153
157
888
613
620
617
100
105
117
165
573
622
616
341
100
105
153
165
574
617
615
613
100
148
153
165
891
616
623
614
100
109
136
184
723
621
619
344
100
109
157
184
725
620
618
612
100
148
157
184
894
619
623
614
100
117
136
184
772
618
622
347
100
117
165
184
773
623
621
615
100
148
165
184
897
622
620
617
101
117
138
186
762
633
625
350
101
117
165
186
763
626
624
628
101
149
165
186
900
625
635
629
101
117
142
190
771
636
628
353
101
117
165
190
773
629
627
625
101
149
165
190
903
628
638
626
101
128
129
177
811
637
631
356
101
128
176
177
812
632
630
634
101
149
176
177
906
631
638
635
101
128
138
186
780
624
634
359
101
128
176
186
781
635
633
631
101
149
176
186
909
634
626
632
101
129
142
190
822
627
637
362
101
129
177
190
824
638
636
630
101
149
177
190
912
637
629
632
102
106
135
183
709
645
640
365
102
106
154
183
710
641
639
588
102
150
154
183
915
640
647
589
102
116
134
182
696
591
643
368
102
116
164
182
697
644
642
646
102
150
164
182
918
643
592
647
102
116
135
183
717
639
646
371
102
116
164
183
718
647
645
643
102
150
164
183
921
646
641
644
103
119
138
186
780
655
649
374
103
119
167
186
782
650
648
652
103
151
167
186
924
649
656
653
103
119
139
187
564
654
652
377
103
119
167
187
565
653
651
649
103
151
167
187
927
652
656
650
103
138
139
187
759
651
655
380
103
138
186
187
760
656
654
648
103
151
186
187
930
655
653
650
104
113
117
165
753
567
658
383
104
113
161
165
755
659
657
661
104
152
161
165
933
658
568
662
104
113
139
187
759
570
661
386
104
113
161
187
761
662
660
658
104
152
161
187
936
661
571
659
105
108
122
170
715
673
664
389
105
108
156
170
716
665
663
667
105
153
156
170
939
664
674
668
105
108
126
174
714
676
667
392
105
108
156
174
716
668
666
664
105
153
156
174
942
667
677
665
105
109
143
191
729
672
670
395
105
109
157
191
731
671
669
612
105
153
157
191
945
670
674
613
105
122
143
191
699
669
673
398
105
122
170
191
700
674
672
663
105
153
170
191
948
673
671
665
105
126
132
180
792
576
676
401
105
126
174
180
793
677
675
666
105
153
174
180
951
676
577
668
106
107
123
171
712
703
679
404
106
107
155
171
713
680
678
682
106
154
155
171
954
679
704
683
106
107
141
189
711
705
682
407
106
107
155
189
713
683
681
679
106
154
155
189
957
682
707
680
106
109
116
164
718
697
685
410
106
109
157
164
719
686
684
688
106
154
157
164
960
685
698
689
106
109
122
170
727
700
688
413
106
109
157
170
728
689
687
685
106
154
157
170
963
688
701
686
106
112
127
175
741
594
691
416
106
112
160
175
742
692
690
694
106
154
160
175
966
691
595
695
106
112
133
181
747
706
694
419
106
112
160
181
749
695
693
691
106
154
160
181
969
694
707
692
106
116
134
182
642
702
697
422
106
116
164
182
643
698
696
684
106
154
164
182
972
697
704
686
106
122
143
191
672
708
700
425
106
122
170
191
673
701
699
687
106
154
170
191
975
700
710
689
106
123
134
182
799
696
703
428
106
123
171
182
800
704
702
678
106
154
171
182
978
703
698
680
106
133
141
189
786
681
706
431
106
133
181
189
787
707
705
693
106
154
181
189
981
706
683
695
106
135
143
191
729
699
709
434
106
135
183
191
730
710
708
639
106
154
183
191
984
709
701
640
107
123
141
189
798
681
712
437
107
123
171
189
800
713
711
678
107
155
171
189
987
712
682
679
108
122
126
174
726
666
715
440
108
122
170
174
727
716
714
663
108
156
170
174
990
715
667
664
109
116
135
183
645
730
718
443
109
116
164
183
646
719
717
684
109
157
164
183
993
718
731
685
109
121
126
174
793
726
721
446
109
121
169
174
794
722
720
724
109
157
169
174
996
721
728
725
109
121
136
184
795
618
724
449
109
121
169
184
797
725
723
721
109
157
169
184
999
724
619
722
109
122
126
174
714
720
727
452
109
122
170
174
715
728
726
687
109
157
170
174
1002
727
722
688
109
135
143
191
708
669
730
455
109
135
183
191
709
731
729
717
109
157
183
191
1005
730
670
719
110
124
125
173
802
739
733
458
110
124
172
173
803
734
732
736
110
158
172
173
1008
733
740
737
110
124
131
179
805
738
736
461
110
124
172
179
806
737
735
733
110
158
172
179
1011
736
740
734
110
125
131
179
808
735
739
464
110
125
173
179
809
740
738
732
110
158
173
179
1014
739
737
734
111
112
127
175
690
600
742
467
111
112
160
175
691
743
741
597
111
159
160
175
1017
742
601
598
112
115
118
166
766
751
745
470
112
115
163
166
767
746
744
748
112
160
163
166
1020
745
752
749
112
115
133
181
769
693
748
473
112
115
163
181
770
749
747
745
112
160
163
181
1023
748
694
746
112
118
140
188
777
603
751
476
112
118
166
188
779
752
750
744
112
160
166
188
1026
751
604
746
113
114
117
165
763
657
754
479
113
114
162
165
764
755
753
757
113
161
162
165
1029
754
658
758
113
114
138
186
762
760
757
482
113
114
162
186
764
758
756
754
113
161
162
186
1032
757
761
755
113
138
139
187
654
660
760
485
113
138
186
187
655
761
759
756
113
161
186
187
1035
760
661
758
114
117
138
186
624
756
763
488
114
117
165
186
625
764
762
753
114
162
165
186
1038
763
757
754
115
118
134
182
774
768
766
491
115
118
166
182
776
767
765
744
115
163
166
182
1041
766
770
745
115
133
134
182
783
765
769
494
115
133
181
182
784
770
768
747
115
163
181
182
1044
769
767
748
117
136
142
190
825
627
772
497
117
136
184
190
827
773
771
621
117
165
184
190
1047
772
628
622
118
131
134
182
807
765
775
500
118
131
179
182
808
776
774
778
118
166
179
182
1050
775
766
779
118
131
140
188
804
750
778
503
118
131
179
188
805
779
777
775
118
166
179
188
1053
778
751
776
119
128
138
186
633
648
781
506
119
128
176
186
634
782
780
579
119
167
176
186
1056
781
649
580
120
133
134
182
768
790
784
509
120
133
181
182
769
785
783
787
120
168
181
182
1059
784
791
788
120
133
141
189
705
789
787
512
120
133
181
189
706
788
786
784
120
168
181
189
1062
787
791
785
120
134
141
189
798
786
790
515
120
134
182
189
799
791
789
783
120
168
182
189
1065
790
788
785
121
126
132
180
675
796
793
518
121
126
174
180
676
794
792
720
121
169
174
180
1068
793
797
721
121
132
136
184
585
723
796
521
121
132
180
184
586
797
795
792
121
169
180
184
1071
796
724
794
123
134
141
189
789
711
799
524
123
134
182
189
790
800
798
702
123
171
182
189
1074
799
712
703
124
125
134
182
807
606
802
527
124
125
173
182
809
803
801
732
124
172
173
182
1077
802
607
733
124
131
140
188
777
609
805
530
124
131
179
188
778
806
804
735
124
172
179
188
1080
805
610
736
125
131
134
182
774
801
808
533
125
131
179
182
775
809
807
738
125
173
179
182
1083
808
802
739
128
129
130
178
823
814
811
536
128
129
177
178
824
812
810
630
128
176
177
178
1086
811
815
631
128
130
142
190
822
819
814
539
128
130
178
190
823
815
813
810
128
176
178
190
1089
814
821
812
128
136
137
185
826
820
817
542
128
136
184
185
827
818
816
582
128
176
184
185
1092
817
821
583
128
137
142
190
825
813
820
545
128
137
185
190
826
821
819
816
128
176
185
190
1095
820
815
818
129
130
142
190
813
636
823
548
129
130
178
190
814
824
822
810
129
177
178
190
1098
823
637
811
136
137
142
190
819
771
826
551
136
137
185
190
820
827
825
816
136
184
185
190
1101
826
772
817
144
145
167
23
841
834
829
554
144
145
1
23
842
830
828
832
144
0
1
23
0
829
836
833
144
145
187
43
840
837
832
557
144
145
1
43
842
833
831
829
144
0
1
43
3
832
839
830
144
146
167
23
856
828
835
560
144
146
2
23
857
836
834
838
144
0
2
23
6
835
830
839
144
146
187
43
846
831
838
563
144
146
2
43
848
839
837
835
144
0
2
43
9
838
833
836
145
167
187
43
927
831
841
566
145
167
23
43
928
842
840
828
145
1
23
43
12
841
832
829
146
152
165
21
933
849
844
569
146
152
8
21
935
845
843
847
146
2
8
21
15
844
851
848
146
152
187
43
936
837
847
572
146
152
8
43
938
848
846
844
146
2
8
43
18
847
838
845
146
153
165
21
891
843
850
575
146
153
9
21
892
851
849
853
146
2
9
21
21
850
845
854
146
153
180
36
951
862
853
578
146
153
9
36
953
854
852
850
146
2
9
36
24
853
863
851
146
167
176
32
1057
859
856
581
146
167
23
32
1058
857
855
834
146
2
23
32
27
856
860
835
146
176
184
40
1093
861
859
584
146
176
32
40
1094
860
858
855
146
2
32
40
30
859
863
857
146
180
184
40
1071
858
862
587
146
180
36
40
1072
863
861
852
146
2
36
40
33
862
860
854
147
150
154
10
916
871
865
590
147
150
6
10
917
866
864
868
147
3
6
10
36
865
872
869
147
150
182
38
918
882
868
593
147
150
6
38
920
869
867
865
147
3
6
38
39
868
884
866
147
154
175
31
966
876
871
596
147
154
10
31
968
872
870
864
147
3
10
31
42
871
878
866
147
159
160
16
1018
880
874
599
147
159
15
16
1019
875
873
877
147
3
15
16
45
874
881
878
147
159
175
31
1017
870
877
602
147
159
15
31
1019
878
876
874
147
3
15
31
48
877
872
875
147
160
188
44
1026
885
880
605
147
160
16
44
1028
881
879
873
147
3
16
44
51
880
887
875
147
172
182
38
1077
867
883
608
147
172
28
38
1079
884
882
886
147
3
28
38
54
883
869
887
147
172
188
44
1080
879
886
611
147
172
28
44
1082
887
885
883
147
3
28
44
57
886
881
884
148
153
157
13
946
895
889
614
148
153
9
13
947
890
888
892
148
4
9
13
60
889
896
893
148
153
165
21
849
898
892
617
148
153
9
21
850
893
891
889
148
4
9
21
63
892
899
890
148
157
184
40
999
897
895
620
148
157
13
40
1001
896
894
888
148
4
13
40
66
895
899
890
148
165
184
40
1048
894
898
623
148
165
21
40
1049
899
897
891
148
4
21
40
69
898
896
893
149
165
186
42
1038
909
901
626
149
165
21
42
1039
902
900
904
149
5
21
42
72
901
911
905
149
165
190
46
1047
912
904
629
149
165
21
46
1049
905
903
901
149
5
21
46
75
904
914
902
149
176
177
33
1087
913
907
632
149
176
32
33
1088
908
906
910
149
5
32
33
78
907
914
911
149
176
186
42
1056
900
910
635
149
176
32
42
1057
911
909
907
149
5
32
42
81
910
902
908
149
177
190
46
1098
903
913
638
149
177
33
46
1100
914
912
906
149
5
33
46
84
913
905
908
150
154
183
39
985
921
916
641
150
154
10
39
986
917
915
864
150
6
10
39
87
916
923
865
150
164
182
38
972
867
919
644
150
164
20
38
973
920
918
922
150
6
20
38
90
919
868
923
150
164
183
39
993
915
922
647
150
164
20
39
994
923
921
919
150
6
20
39
93
922
917
920
151
167
186
42
1056
931
925
650
151
167
23
42
1058
926
924
928
151
7
23
42
96
925
932
929
151
167
187
43
840
930
928
653
151
167
23
43
841
929
927
925
151
7
23
43
99
928
932
926
151
186
187
43
1035
927
931
656
151
186
42
43
1036
932
930
924
151
7
42
43
102
931
929
926
152
161
165
21
1029
843
934
659
152
161
17
21
1031
935
933
937
152
8
17
21
105
934
844
938
152
161
187
43
1035
846
937
662
152
161
17
43
1037
938
936
934
152
8
17
43
108
937
847
935
153
156
170
26
991
949
940
665
153
156
12
26
992
941
939
943
153
9
12
26
111
940
950
944
153
156
174
30
990
952
943
668
153
156
12
30
992
944
942
940
153
9
12
30
114
943
953
941
153
157
191
47
1005
948
946
671
153
157
13
47
1007
947
945
888
153
9
13
47
117
946
950
889
153
170
191
47
975
945
949
674
153
170
26
47
976
950
948
939
153
9
26
47
120
949
947
941
153
174
180
36
1068
852
952
677
153
174
30
36
1069
953
951
942
153
9
30
36
123
952
853
944
154
155
171
27
988
979
955
680
154
155
11
27
989
956
954
958
154
10
11
27
126
955
980
959
154
155
189
45
987
981
958
683
154
155
11
45
989
959
957
955
154
10
11
45
129
958
983
956
154
157
164
20
994
973
961
686
154
157
13
20
995
962
960
964
154
10
13
20
132
961
974
965
154
157
170
26
1003
976
964
689
154
157
13
26
1004
965
963
961
154
10
13
26
135
964
977
962
154
160
175
31
1017
870
967
692
154
160
16
31
1018
968
966
970
154
10
16
31
138
967
871
971
154
160
181
37
1023
982
970
695
154
160
16
37
1025
971
969
967
154
10
16
37
141
970
983
968
154
164
182
38
918
978
973
698
154
164
20
38
919
974
972
960
154
10
20
38
144
973
980
962
154
170
191
47
948
984
976
701
154
170
26
47
949
977
975
963
154
10
26
47
147
976
986
965
154
171
182
38
1075
972
979
704
154
171
27
38
1076
980
978
954
154
10
27
38
150
979
974
956
154
181
189
45
1062
957
982
707
154
181
37
45
1063
983
981
969
154
10
37
45
153
982
959
971
154
183
191
47
1005
975
985
710
154
183
39
47
1006
986
984
915
154
10
39
47
156
985
977
916
155
171
189
45
1074
957
988
713
155
171
27
45
1076
989
987
954
155
11
27
45
159
988
958
955
156
170
174
30
1002
942
991
716
156
170
26
30
1003
992
990
939
156
12
26
30
162
991
943
940
157
164
183
39
921
1006
994
719
157
164
20
39
922
995
993
960
157
13
20
39
165
994
1007
961
157
169
174
30
1069
1002
997
722
157
169
25
30
1070
998
996
1000
157
13
25
30
168
997
1004
1001
157
169
184
40
1071
894
1000
725
157
169
25
40
1073
1001
999
997
157
13
25
40
171
1000
895
998
157
170
174
30
990
996
1003
728
157
170
26
30
991
1004
1002
963
157
13
26
30
174
1003
998
964
157
183
191
47
984
945
1006
731
157
183
39
47
985
1007
1005
993
157
13
39
47
177
1006
946
995
158
172
173
29
1078
1015
1009
734
158
172
28
29
1079
1010
1008
1012
158
14
28
29
180
1009
1016
1013
158
172
179
35
1081
1014
1012
737
158
172
28
35
1082
1013
1011
1009
158
14
28
35
183
1012
1016
1010
158
173
179
35
1084
1011
1015
740
158
173
29
35
1085
1016
1014
1008
158
14
29
35
186
1015
1013
1010
159
160
175
31
966
876
1018
743
159
160
16
31
967
1019
1017
873
159
15
16
31
189
1018
877
874
160
163
166
22
1042
1027
1021
746
160
163
19
22
1043
1022
1020
1024
160
16
19
22
192
1021
1028
1025
160
163
181
37
1045
969
1024
749
160
163
19
37
1046
1025
1023
1021
160
16
19
37
195
1024
970
1022
160
166
188
44
1053
879
1027
752
160
166
22
44
1055
1028
1026
1020
160
16
22
44
198
1027
880
1022
161
162
165
21
1039
933
1030
755
161
162
18
21
1040
1031
1029
1033
161
17
18
21
201
1030
934
1034
161
162
186
42
1038
1036
1033
758
161
162
18
42
1040
1034
1032
1030
161
17
18
42
204
1033
1037
1031
161
186
187
43
930
936
1036
761
161
186
42
43
931
1037
1035
1032
161
17
42
43
207
1036
937
1034
162
165
186
42
900
1032
1039
764
162
165
21
42
901
1040
1038
1029
162
18
21
42
210
1039
1033
1030
163
166
182
38
1050
1044
1042
767
163
166
22
38
1052
1043
1041
1020
163
19
22
38
213
1042
1046
1021
163
181
182
38
1059
1041
1045
770
163
181
37
38
1060
1046
1044
1023
163
19
37
38
216
1045
1043
1024
165
184
190
46
1101
903
1048
773
165
184
40
46
1103
1049
1047
897
165
21
40
46
219
1048
904
898
166
179
182
38
1083
1041
1051
776
166
179
35
38
1084
1052
1050
1054
166
22
35
38
222
1051
1042
1055
166
179
188
44
1080
1026
1054
779
166
179
35
44
1081
1055
1053
1051
166
22
35
44
225
1054
1027
1052
167
176
186
42
909
924
1057
782
167
176
32
42
910
1058
1056
855
167
23
32
42
228
1057
925
856
168
181
182
38
1044
1066
1060
785
168
181
37
38
1045
1061
1059
1063
168
24
37
38
231
1060
1067
1064
168
181
189
45
981
1065
1063
788
168
181
37
45
982
1064
1062
1060
168
24
37
45
234
1063
1067
1061
168
182
189
45
1074
1062
1066
791
168
182
38
45
1075
1067
1065
1059
168
24
38
45
237
1066
1064
1061
169
174
180
36
951
1072
1069
794
169
174
30
36
952
1070
1068
996
169
25
30
36
240
1069
1073
997
169
180
184
40
861
999
1072
797
169
180
36
40
862
1073
1071
1068
169
25
36
40
243
1072
1000
1070
171
182
189
45
1065
987
1075
800
171
182
38
45
1066
1076
1074
978
171
27
38
45
246
1075
988
979
172
173
182
38
1083
882
1078
803
172
173
29
38
1085
1079
1077
1008
172
28
29
38
249
1078
883
1009
172
179
188
44
1053
885
1081
806
172
179
35
44
1054
1082
1080
1011
172
28
35
44
252
1081
886
1012
173
179
182
38
1050
1077
1084
809
173
179
35
38
1051
1085
1083
1014
173
29
35
38
255
1084
1078
1015
176
177
178
34
1099
1090
1087
812
176
177
33
34
1100
1088
1086
906
176
32
33
34
258
1087
1091
907
176
178
190
46
1098
1095
1090
815
176
178
34
46
1099
1091
1089
1086
176
32
34
46
261
1090
1097
1088
176
184
185
41
1102
1096
1093
818
176
184
40
41
1103
1094
1092
858
176
32
40
41
264
1093
1097
859
176
185
190
46
1101
1089
1096
821
176
185
41
46
1102
1097
1095
1092
176
32
41
46
267
1096
1091
1094
177
178
190
46
1089
912
1099
824
177
178
34
46
1090
1100
1098
1086
177
33
34
46
270
1099
913
1087
184
185
190
46
1095
1047
1102
827
184
185
41
46
1096
1103
1101
1092
184
40
41
46
273
1102
1048
1093
1104
