1
96
0
0
0
0
0
0
0
0
0
0
0
0
0
0
0
0
0
0
0
0
0
0
0
0
1
1
1
1
1
1
1
1
1
1
1
1
1
1
1
1
1
1
1
1
1
1
1
1
2
2
2
2
2
2
2
2
2
2
2
2
2
2
2
2
2
2
2
2
2
2
2
2
3
3
3
3
3
3
3
3
3
3
3
3
3
3
3
3
3
3
3
3
3
3
3
3
96
528
0
1
2
26
25
7
1
398
0
1
25
26
26
2
0
4
0
24
25
26
132
1
8
5
0
1
5
29
33
15
4
401
0
1
25
29
35
5
3
1
0
24
25
29
135
4
17
2
0
2
9
33
45
18
7
404
0
2
26
33
47
8
6
0
0
24
26
33
138
7
20
2
0
3
4
28
67
16
10
407
0
3
27
28
68
11
9
13
0
24
27
28
141
10
17
14
0
3
12
36
69
21
13
410
0
3
27
36
71
14
12
10
0
24
27
36
144
13
23
11
0
4
5
29
33
3
16
413
0
4
28
29
34
17
15
9
0
24
28
29
147
16
5
11
0
7
9
33
45
6
19
416
0
7
31
33
46
20
18
22
0
24
31
33
150
19
8
23
0
7
12
36
69
12
22
419
0
7
31
36
70
23
21
19
0
24
31
36
153
22
14
20
1
2
6
30
39
27
25
422
1
2
26
30
41
26
24
0
1
25
26
30
156
25
29
1
1
3
6
30
39
24
28
425
1
3
27
30
40
29
27
31
1
25
27
30
159
28
26
32
1
3
10
34
82
36
31
428
1
3
27
34
83
32
30
28
1
25
27
34
162
31
38
29
1
4
5
29
15
3
34
431
1
4
28
29
16
35
33
37
1
25
28
29
165
34
4
38
1
4
10
34
88
30
37
434
1
4
28
34
89
38
36
34
1
25
28
34
168
37
32
35
2
3
6
30
27
24
40
437
2
3
27
30
28
41
39
43
2
26
27
30
171
40
25
44
2
3
15
39
78
58
43
440
2
3
27
39
80
44
42
40
2
26
27
39
174
43
59
41
2
7
9
33
18
6
46
443
2
7
31
33
19
47
45
49
2
26
31
33
177
46
7
50
2
7
17
41
106
60
49
446
2
7
31
41
107
50
48
46
2
26
31
41
180
49
62
47
2
8
22
46
108
57
52
449
2
8
32
46
110
53
51
55
2
26
32
46
183
52
59
56
2
8
23
47
111
63
55
452
2
8
32
47
113
56
54
52
2
26
32
47
186
55
65
53
2
15
22
46
108
51
58
455
2
15
39
46
109
59
57
42
2
26
39
46
189
58
53
44
2
16
17
41
130
48
61
458
2
16
40
41
131
62
60
64
2
26
40
41
192
61
50
65
2
16
23
47
111
54
64
461
2
16
40
47
112
65
63
61
2
26
40
47
195
64
56
62
3
4
11
35
91
81
67
464
3
4
28
35
92
68
66
9
3
27
28
35
198
67
83
10
3
7
12
36
21
12
70
467
3
7
31
36
22
71
69
73
3
27
31
36
201
70
13
74
3
7
20
44
99
84
73
470
3
7
31
44
101
74
72
70
3
27
31
44
204
73
86
71
3
8
13
37
93
85
76
473
3
8
32
37
94
77
75
79
3
27
32
37
207
76
86
80
3
8
15
39
109
42
79
476
3
8
32
39
110
80
78
76
3
27
32
39
210
79
43
77
3
10
11
35
115
66
82
479
3
10
34
35
116
83
81
30
3
27
34
35
213
82
68
31
3
13
20
44
99
72
85
482
3
13
37
44
100
86
84
75
3
27
37
44
216
85
74
77
4
10
14
38
118
90
88
485
4
10
34
38
119
89
87
36
4
28
34
38
219
88
92
37
4
11
14
38
124
87
91
488
4
11
35
38
125
92
90
66
4
28
35
38
222
91
89
67
7
8
13
37
75
100
94
491
7
8
32
37
76
95
93
97
7
31
32
37
225
94
101
98
7
8
16
40
112
103
97
494
7
8
32
40
113
98
96
94
7
31
32
40
228
97
104
95
7
13
20
44
84
72
100
497
7
13
37
44
85
101
99
93
7
31
37
44
231
100
73
95
7
16
18
42
129
105
103
500
7
16
40
42
131
104
102
96
7
31
40
42
234
103
107
98
7
17
18
42
129
102
106
503
7
17
41
42
130
107
105
48
7
31
41
42
237
106
104
49
8
15
22
46
57
51
109
506
8
15
39
46
58
110
108
78
8
32
39
46
240
109
52
79
8
16
23
47
63
54
112
509
8
16
40
47
64
113
111
96
8
32
40
47
243
112
55
97
10
11
21
45
126
120
115
512
10
11
35
45
128
116
114
81
10
34
35
45
246
115
122
82
10
14
19
43
123
121
118
515
10
14
38
43
124
119
117
87
10
34
38
43
249
118
122
88
10
19
21
45
126
114
121
518
10
19
43
45
127
122
120
117
10
34
43
45
252
121
116
119
11
14
19
43
117
127
124
521
11
14
38
43
118
125
123
90
11
35
38
43
255
124
128
91
11
19
21
45
120
114
127
524
11
19
43
45
121
128
126
123
11
35
43
45
258
127
115
125
16
17
18
42
105
102
130
527
16
17
41
42
106
131
129
60
16
40
41
42
261
130
103
61
24
25
26
50
157
139
133
2
24
25
49
50
158
134
132
136
24
48
49
50
264
133
140
137
24
25
29
53
165
147
136
5
24
25
49
53
167
137
135
133
24
48
49
53
267
136
149
134
24
26
33
57
177
150
139
8
24
26
50
57
179
140
138
132
24
48
50
57
270
139
152
134
24
27
28
52
199
148
142
11
24
27
51
52
200
143
141
145
24
48
51
52
273
142
149
146
24
27
36
60
201
153
145
14
24
27
51
60
203
146
144
142
24
48
51
60
276
145
155
143
24
28
29
53
165
135
148
17
24
28
52
53
166
149
147
141
24
48
52
53
279
148
137
143
24
31
33
57
177
138
151
20
24
31
55
57
178
152
150
154
24
48
55
57
282
151
140
155
24
31
36
60
201
144
154
23
24
31
55
60
202
155
153
151
24
48
55
60
285
154
146
152
25
26
30
54
171
159
157
26
25
26
50
54
173
158
156
132
25
49
50
54
288
157
161
133
25
27
30
54
171
156
160
29
25
27
51
54
172
161
159
163
25
49
51
54
291
160
158
164
25
27
34
58
214
168
163
32
25
27
51
58
215
164
162
160
25
49
51
58
294
163
170
161
25
28
29
53
147
135
166
35
25
28
52
53
148
167
165
169
25
49
52
53
297
166
136
170
25
28
34
58
220
162
169
38
25
28
52
58
221
170
168
166
25
49
52
58
300
169
164
167
26
27
30
54
159
156
172
41
26
27
51
54
160
173
171
175
26
50
51
54
303
172
157
176
26
27
39
63
210
190
175
44
26
27
51
63
212
176
174
172
26
50
51
63
306
175
191
173
26
31
33
57
150
138
178
47
26
31
55
57
151
179
177
181
26
50
55
57
309
178
139
182
26
31
41
65
238
192
181
50
26
31
55
65
239
182
180
178
26
50
55
65
312
181
194
179
26
32
46
70
240
189
184
53
26
32
56
70
242
185
183
187
26
50
56
70
315
184
191
188
26
32
47
71
243
195
187
56
26
32
56
71
245
188
186
184
26
50
56
71
318
187
197
185
26
39
46
70
240
183
190
59
26
39
63
70
241
191
189
174
26
50
63
70
321
190
185
176
26
40
41
65
262
180
193
62
26
40
64
65
263
194
192
196
26
50
64
65
324
193
182
197
26
40
47
71
243
186
196
65
26
40
64
71
244
197
195
193
26
50
64
71
327
196
188
194
27
28
35
59
223
213
199
68
27
28
52
59
224
200
198
141
27
51
52
59
330
199
215
142
27
31
36
60
153
144
202
71
27
31
55
60
154
203
201
205
27
51
55
60
333
202
145
206
27
31
44
68
231
216
205
74
27
31
55
68
233
206
204
202
27
51
55
68
336
205
218
203
27
32
37
61
225
217
208
77
27
32
56
61
226
209
207
211
27
51
56
61
339
208
218
212
27
32
39
63
241
174
211
80
27
32
56
63
242
212
210
208
27
51
56
63
342
211
175
209
27
34
35
59
247
198
214
83
27
34
58
59
248
215
213
162
27
51
58
59
345
214
200
163
27
37
44
68
231
204
217
86
27
37
61
68
232
218
216
207
27
51
61
68
348
217
206
209
28
34
38
62
250
222
220
89
28
34
58
62
251
221
219
168
28
52
58
62
351
220
224
169
28
35
38
62
256
219
223
92
28
35
59
62
257
224
222
198
28
52
59
62
354
223
221
199
31
32
37
61
207
232
226
95
31
32
56
61
208
227
225
229
31
55
56
61
357
226
233
230
31
32
40
64
244
235
229
98
31
32
56
64
245
230
228
226
31
55
56
64
360
229
236
227
31
37
44
68
216
204
232
101
31
37
61
68
217
233
231
225
31
55
61
68
363
232
205
227
31
40
42
66
261
237
235
104
31
40
64
66
263
236
234
228
31
55
64
66
366
235
239
230
31
41
42
66
261
234
238
107
31
41
65
66
262
239
237
180
31
55
65
66
369
238
236
181
32
39
46
70
189
183
241
110
32
39
63
70
190
242
240
210
32
56
63
70
372
241
184
211
32
40
47
71
195
186
244
113
32
40
64
71
196
245
243
228
32
56
64
71
375
244
187
229
34
35
45
69
258
252
247
116
34
35
59
69
260
248
246
213
34
58
59
69
378
247
254
214
34
38
43
67
255
253
250
119
34
38
62
67
256
251
249
219
34
58
62
67
381
250
254
220
34
43
45
69
258
246
253
122
34
43
67
69
259
254
252
249
34
58
67
69
384
253
248
251
35
38
43
67
249
259
256
125
35
38
62
67
250
257
255
222
35
59
62
67
387
256
260
223
35
43
45
69
252
246
259
128
35
43
67
69
253
260
258
255
35
59
67
69
390
259
247
257
40
41
42
66
237
234
262
131
40
41
65
66
238
263
261
192
40
64
65
66
393
262
235
193
48
49
50
74
289
271
265
134
48
49
73
74
290
266
264
268
48
72
73
74
396
265
272
269
48
49
53
77
297
279
268
137
48
49
73
77
299
269
267
265
48
72
73
77
399
268
281
266
48
50
57
81
309
282
271
140
48
50
74
81
311
272
270
264
48
72
74
81
402
271
284
266
48
51
52
76
331
280
274
143
48
51
75
76
332
275
273
277
48
72
75
76
405
274
281
278
48
51
60
84
333
285
277
146
48
51
75
84
335
278
276
274
48
72
75
84
408
277
287
275
48
52
53
77
297
267
280
149
48
52
76
77
298
281
279
273
48
72
76
77
411
280
269
275
48
55
57
81
309
270
283
152
48
55
79
81
310
284
282
286
48
72
79
81
414
283
272
287
48
55
60
84
333
276
286
155
48
55
79
84
334
287
285
283
48
72
79
84
417
286
278
284
49
50
54
78
303
291
289
158
49
50
74
78
305
290
288
264
49
73
74
78
420
289
293
265
49
51
54
78
303
288
292
161
49
51
75
78
304
293
291
295
49
73
75
78
423
292
290
296
49
51
58
82
346
300
295
164
49
51
75
82
347
296
294
292
49
73
75
82
426
295
302
293
49
52
53
77
279
267
298
167
49
52
76
77
280
299
297
301
49
73
76
77
429
298
268
302
49
52
58
82
352
294
301
170
49
52
76
82
353
302
300
298
49
73
76
82
432
301
296
299
50
51
54
78
291
288
304
173
50
51
75
78
292
305
303
307
50
74
75
78
435
304
289
308
50
51
63
87
342
322
307
176
50
51
75
87
344
308
306
304
50
74
75
87
438
307
323
305
50
55
57
81
282
270
310
179
50
55
79
81
283
311
309
313
50
74
79
81
441
310
271
314
50
55
65
89
370
324
313
182
50
55
79
89
371
314
312
310
50
74
79
89
444
313
326
311
50
56
70
94
372
321
316
185
50
56
80
94
374
317
315
319
50
74
80
94
447
316
323
320
50
56
71
95
375
327
319
188
50
56
80
95
377
320
318
316
50
74
80
95
450
319
329
317
50
63
70
94
372
315
322
191
50
63
87
94
373
323
321
306
50
74
87
94
453
322
317
308
50
64
65
89
394
312
325
194
50
64
88
89
395
326
324
328
50
74
88
89
456
325
314
329
50
64
71
95
375
318
328
197
50
64
88
95
376
329
327
325
50
74
88
95
459
328
320
326
51
52
59
83
355
345
331
200
51
52
76
83
356
332
330
273
51
75
76
83
462
331
347
274
51
55
60
84
285
276
334
203
51
55
79
84
286
335
333
337
51
75
79
84
465
334
277
338
51
55
68
92
363
348
337
206
51
55
79
92
365
338
336
334
51
75
79
92
468
337
350
335
51
56
61
85
357
349
340
209
51
56
80
85
358
341
339
343
51
75
80
85
471
340
350
344
51
56
63
87
373
306
343
212
51
56
80
87
374
344
342
340
51
75
80
87
474
343
307
341
51
58
59
83
379
330
346
215
51
58
82
83
380
347
345
294
51
75
82
83
477
346
332
295
51
61
68
92
363
336
349
218
51
61
85
92
364
350
348
339
51
75
85
92
480
349
338
341
52
58
62
86
382
354
352
221
52
58
82
86
383
353
351
300
52
76
82
86
483
352
356
301
52
59
62
86
388
351
355
224
52
59
83
86
389
356
354
330
52
76
83
86
486
355
353
331
55
56
61
85
339
364
358
227
55
56
80
85
340
359
357
361
55
79
80
85
489
358
365
362
55
56
64
88
376
367
361
230
55
56
80
88
377
362
360
358
55
79
80
88
492
361
368
359
55
61
68
92
348
336
364
233
55
61
85
92
349
365
363
357
55
79
85
92
495
364
337
359
55
64
66
90
393
369
367
236
55
64
88
90
395
368
366
360
55
79
88
90
498
367
371
362
55
65
66
90
393
366
370
239
55
65
89
90
394
371
369
312
55
79
89
90
501
370
368
313
56
63
70
94
321
315
373
242
56
63
87
94
322
374
372
342
56
80
87
94
504
373
316
343
56
64
71
95
327
318
376
245
56
64
88
95
328
377
375
360
56
80
88
95
507
376
319
361
58
59
69
93
390
384
379
248
58
59
83
93
392
380
378
345
58
82
83
93
510
379
386
346
58
62
67
91
387
385
382
251
58
62
86
91
388
383
381
351
58
82
86
91
513
382
386
352
58
67
69
93
390
378
385
254
58
67
91
93
391
386
384
381
58
82
91
93
516
385
380
383
59
62
67
91
381
391
388
257
59
62
86
91
382
389
387
354
59
83
86
91
519
388
392
355
59
67
69
93
384
378
391
260
59
67
91
93
385
392
390
387
59
83
91
93
522
391
379
389
64
65
66
90
369
366
394
263
64
65
89
90
370
395
393
324
64
88
89
90
525
394
367
325
72
73
74
2
421
403
397
266
72
73
1
2
422
398
396
400
72
0
1
2
0
397
404
401
72
73
77
5
429
411
400
269
72
73
1
5
431
401
399
397
72
0
1
5
3
400
413
398
72
74
81
9
441
414
403
272
72
74
2
9
443
404
402
396
72
0
2
9
6
403
416
398
72
75
76
4
463
412
406
275
72
75
3
4
464
407
405
409
72
0
3
4
9
406
413
410
72
75
84
12
465
417
409
278
72
75
3
12
467
410
408
406
72
0
3
12
12
409
419
407
72
76
77
5
429
399
412
281
72
76
4
5
430
413
411
405
72
0
4
5
15
412
401
407
72
79
81
9
441
402
415
284
72
79
7
9
442
416
414
418
72
0
7
9
18
415
404
419
72
79
84
12
465
408
418
287
72
79
7
12
466
419
417
415
72
0
7
12
21
418
410
416
73
74
78
6
435
423
421
290
73
74
2
6
437
422
420
396
73
1
2
6
24
421
425
397
73
75
78
6
435
420
424
293
73
75
3
6
436
425
423
427
73
1
3
6
27
424
422
428
73
75
82
10
478
432
427
296
73
75
3
10
479
428
426
424
73
1
3
10
30
427
434
425
73
76
77
5
411
399
430
299
73
76
4
5
412
431
429
433
73
1
4
5
33
430
400
434
73
76
82
10
484
426
433
302
73
76
4
10
485
434
432
430
73
1
4
10
36
433
428
431
74
75
78
6
423
420
436
305
74
75
3
6
424
437
435
439
74
2
3
6
39
436
421
440
74
75
87
15
474
454
439
308
74
75
3
15
476
440
438
436
74
2
3
15
42
439
455
437
74
79
81
9
414
402
442
311
74
79
7
9
415
443
441
445
74
2
7
9
45
442
403
446
74
79
89
17
502
456
445
314
74
79
7
17
503
446
444
442
74
2
7
17
48
445
458
443
74
80
94
22
504
453
448
317
74
80
8
22
506
449
447
451
74
2
8
22
51
448
455
452
74
80
95
23
507
459
451
320
74
80
8
23
509
452
450
448
74
2
8
23
54
451
461
449
74
87
94
22
504
447
454
323
74
87
15
22
505
455
453
438
74
2
15
22
57
454
449
440
74
88
89
17
526
444
457
326
74
88
16
17
527
458
456
460
74
2
16
17
60
457
446
461
74
88
95
23
507
450
460
329
74
88
16
23
508
461
459
457
74
2
16
23
63
460
452
458
75
76
83
11
487
477
463
332
75
76
4
11
488
464
462
405
75
3
4
11
66
463
479
406
75
79
84
12
417
408
466
335
75
79
7
12
418
467
465
469
75
3
7
12
69
466
409
470
75
79
92
20
495
480
469
338
75
79
7
20
497
470
468
466
75
3
7
20
72
469
482
467
75
80
85
13
489
481
472
341
75
80
8
13
490
473
471
475
75
3
8
13
75
472
482
476
75
80
87
15
505
438
475
344
75
80
8
15
506
476
474
472
75
3
8
15
78
475
439
473
75
82
83
11
511
462
478
347
75
82
10
11
512
479
477
426
75
3
10
11
81
478
464
427
75
85
92
20
495
468
481
350
75
85
13
20
496
482
480
471
75
3
13
20
84
481
470
473
76
82
86
14
514
486
484
353
76
82
10
14
515
485
483
432
76
4
10
14
87
484
488
433
76
83
86
14
520
483
487
356
76
83
11
14
521
488
486
462
76
4
11
14
90
487
485
463
79
80
85
13
471
496
490
359
79
80
8
13
472
491
489
493
79
7
8
13
93
490
497
494
79
80
88
16
508
499
493
362
79
80
8
16
509
494
492
490
79
7
8
16
96
493
500
491
79
85
92
20
480
468
496
365
79
85
13
20
481
497
495
489
79
7
13
20
99
496
469
491
79
88
90
18
525
501
499
368
79
88
16
18
527
500
498
492
79
7
16
18
102
499
503
494
79
89
90
18
525
498
502
371
79
89
17
18
526
503
501
444
79
7
17
18
105
502
500
445
80
87
94
22
453
447
505
374
80
87
15
22
454
506
504
474
80
8
15
22
108
505
448
475
80
88
95
23
459
450
508
377
80
88
16
23
460
509
507
492
80
8
16
23
111
508
451
493
82
83
93
21
522
516
511
380
82
83
11
21
524
512
510
477
82
10
11
21
114
511
518
478
82
86
91
19
519
517
514
383
82
86
14
19
520
515
513
483
82
10
14
19
117
514
518
484
82
91
93
21
522
510
517
386
82
91
19
21
523
518
516
513
82
10
19
21
120
517
512
515
83
86
91
19
513
523
520
389
83
86
14
19
514
521
519
486
83
11
14
19
123
520
524
487
83
91
93
21
516
510
523
392
83
91
19
21
517
524
522
519
83
11
19
21
126
523
511
521
88
89
90
18
501
498
526
395
88
89
17
18
502
527
525
456
88
16
17
18
129
526
499
457
528
