1
96
0
0
0
0
0
0
0
0
0
0
0
0
0
0
0
0
0
0
0
0
0
0
0
0
1
1
1
1
1
1
1
1
1
1
1
1
1
1
1
1
1
1
1
1
1
1
1
1
2
2
2
2
2
2
2
2
2
2
2
2
2
2
2
2
2
2
2
2
2
2
2
2
3
3
3
3
3
3
3
3
3
3
3
3
3
3
3
3
3
3
3
3
3
3
3
3
96
528
0
1
6
30
22
7
1
398
0
1
25
30
23
2
0
4
0
24
25
30
132
1
8
5
0
1
11
35
28
6
4
401
0
1
25
35
29
5
3
1
0
24
25
35
135
4
8
2
0
6
11
35
79
3
7
404
0
6
30
35
80
8
6
0
0
24
30
35
138
7
5
2
1
3
14
38
51
36
10
407
1
3
27
38
53
11
9
13
1
25
27
38
141
10
38
14
1
3
17
41
54
39
13
410
1
3
27
41
56
14
12
10
1
25
27
41
144
13
41
11
1
4
10
34
58
25
16
413
1
4
28
34
59
17
15
19
1
25
28
34
147
16
26
20
1
4
13
37
61
37
19
416
1
4
28
37
62
20
18
16
1
25
28
37
150
19
38
17
1
6
22
46
84
24
22
419
1
6
30
46
86
23
21
0
1
25
30
46
153
22
26
1
1
10
22
46
123
21
25
422
1
10
34
46
125
26
24
15
1
25
34
46
156
25
23
17
1
11
18
42
127
33
28
425
1
11
35
42
128
29
27
3
1
25
35
42
159
28
35
4
1
12
15
39
120
40
31
428
1
12
36
39
121
32
30
34
1
25
36
39
162
31
41
35
1
12
18
42
111
27
34
431
1
12
36
42
112
35
33
31
1
25
36
42
165
34
29
32
1
13
14
38
51
9
37
434
1
13
37
38
52
38
36
18
1
25
37
38
168
37
11
20
1
15
17
41
63
12
40
437
1
15
39
41
64
41
39
30
1
25
39
41
171
40
14
32
2
7
18
42
100
49
43
440
2
7
31
42
101
44
42
46
2
26
31
42
174
43
50
47
2
7
23
47
90
48
46
443
2
7
31
47
92
47
45
43
2
26
31
47
177
46
50
44
2
18
23
47
129
45
49
446
2
18
42
47
130
50
48
42
2
26
42
47
180
49
47
44
3
13
14
38
36
9
52
449
3
13
37
38
37
53
51
55
3
27
37
38
183
52
10
56
3
13
17
41
60
12
55
452
3
13
37
41
61
56
54
52
3
27
37
41
186
55
13
53
4
10
15
39
120
64
58
455
4
10
34
39
122
59
57
15
4
28
34
39
189
58
65
16
4
13
17
41
54
63
61
458
4
13
37
41
55
62
60
18
4
28
37
41
192
61
65
19
4
15
17
41
39
60
64
461
4
15
39
41
40
65
63
57
4
28
39
41
195
64
62
59
5
7
10
34
94
73
67
464
5
7
31
34
95
68
66
70
5
29
31
34
198
67
74
71
5
7
22
46
99
75
70
467
5
7
31
46
101
71
69
67
5
29
31
46
201
70
77
68
5
10
21
45
124
76
73
470
5
10
34
45
125
74
72
66
5
29
34
45
204
73
77
68
5
21
22
46
123
69
76
473
5
21
45
46
124
77
75
72
5
29
45
46
207
76
71
74
6
11
19
43
126
81
79
476
6
11
35
43
128
80
78
6
6
30
35
43
210
79
83
7
6
18
19
43
126
78
82
479
6
18
42
43
127
83
81
85
6
30
42
43
213
82
80
86
6
18
22
46
99
21
85
482
6
18
42
46
100
86
84
82
6
30
42
46
216
85
22
83
7
8
20
44
108
96
88
485
7
8
32
44
110
89
87
91
7
31
32
44
219
88
98
92
7
8
23
47
105
45
91
488
7
8
32
47
107
92
90
88
7
31
32
47
222
91
46
89
7
10
12
36
121
97
94
491
7
10
34
36
122
95
93
66
7
31
34
36
225
94
98
67
7
12
20
44
108
87
97
494
7
12
36
44
109
98
96
93
7
31
36
44
228
97
89
95
7
18
22
46
84
69
100
497
7
18
42
46
85
101
99
42
7
31
42
46
231
100
70
43
8
9
12
36
112
109
103
500
8
9
33
36
113
104
102
106
8
32
33
36
234
103
110
107
8
9
23
47
117
90
106
503
8
9
33
47
119
107
105
103
8
32
33
47
237
106
91
104
8
12
20
44
96
87
109
506
8
12
36
44
97
110
108
102
8
32
36
44
240
109
88
104
9
12
18
42
33
114
112
509
9
12
36
42
34
113
111
102
9
33
36
42
243
112
116
103
9
16
18
42
130
111
115
512
9
16
40
42
131
116
114
118
9
33
40
42
246
115
113
119
9
16
23
47
129
105
118
515
9
16
40
47
131
119
117
115
9
33
40
47
249
118
106
116
10
12
15
39
30
57
121
518
10
12
36
39
31
122
120
93
10
34
36
39
252
121
58
94
10
21
22
46
75
24
124
521
10
21
45
46
76
125
123
72
10
34
45
46
255
124
25
73
11
18
19
43
81
78
127
524
11
18
42
43
82
128
126
27
11
35
42
43
258
127
79
28
16
18
23
47
48
117
130
527
16
18
42
47
49
131
129
114
16
40
42
47
261
130
118
115
24
25
30
54
154
139
133
2
24
25
49
54
155
134
132
136
24
48
49
54
264
133
140
137
24
25
35
59
160
138
136
5
24
25
49
59
161
137
135
133
24
48
49
59
267
136
140
134
24
30
35
59
211
135
139
8
24
30
54
59
212
140
138
132
24
48
54
59
270
139
137
134
25
27
38
62
183
168
142
11
25
27
51
62
185
143
141
145
25
49
51
62
273
142
170
146
25
27
41
65
186
171
145
14
25
27
51
65
188
146
144
142
25
49
51
65
276
145
173
143
25
28
34
58
190
157
148
17
25
28
52
58
191
149
147
151
25
49
52
58
279
148
158
152
25
28
37
61
193
169
151
20
25
28
52
61
194
152
150
148
25
49
52
61
282
151
170
149
25
30
46
70
216
156
154
23
25
30
54
70
218
155
153
132
25
49
54
70
285
154
158
133
25
34
46
70
255
153
157
26
25
34
58
70
257
158
156
147
25
49
58
70
288
157
155
149
25
35
42
66
259
165
160
29
25
35
59
66
260
161
159
135
25
49
59
66
291
160
167
136
25
36
39
63
252
172
163
32
25
36
60
63
253
164
162
166
25
49
60
63
294
163
173
167
25
36
42
66
243
159
166
35
25
36
60
66
244
167
165
163
25
49
60
66
297
166
161
164
25
37
38
62
183
141
169
38
25
37
61
62
184
170
168
150
25
49
61
62
300
169
143
152
25
39
41
65
195
144
172
41
25
39
63
65
196
173
171
162
25
49
63
65
303
172
146
164
26
31
42
66
232
181
175
44
26
31
55
66
233
176
174
178
26
50
55
66
306
175
182
179
26
31
47
71
222
180
178
47
26
31
55
71
224
179
177
175
26
50
55
71
309
178
182
176
26
42
47
71
261
177
181
50
26
42
66
71
262
182
180
174
26
50
66
71
312
181
179
176
27
37
38
62
168
141
184
53
27
37
61
62
169
185
183
187
27
51
61
62
315
184
142
188
27
37
41
65
192
144
187
56
27
37
61
65
193
188
186
184
27
51
61
65
318
187
145
185
28
34
39
63
252
196
190
59
28
34
58
63
254
191
189
147
28
52
58
63
321
190
197
148
28
37
41
65
186
195
193
62
28
37
61
65
187
194
192
150
28
52
61
65
324
193
197
151
28
39
41
65
171
192
196
65
28
39
63
65
172
197
195
189
28
52
63
65
327
196
194
191
29
31
34
58
226
205
199
68
29
31
55
58
227
200
198
202
29
53
55
58
330
199
206
203
29
31
46
70
231
207
202
71
29
31
55
70
233
203
201
199
29
53
55
70
333
202
209
200
29
34
45
69
256
208
205
74
29
34
58
69
257
206
204
198
29
53
58
69
336
205
209
200
29
45
46
70
255
201
208
77
29
45
69
70
256
209
207
204
29
53
69
70
339
208
203
206
30
35
43
67
258
213
211
80
30
35
59
67
260
212
210
138
30
54
59
67
342
211
215
139
30
42
43
67
258
210
214
83
30
42
66
67
259
215
213
217
30
54
66
67
345
214
212
218
30
42
46
70
231
153
217
86
30
42
66
70
232
218
216
214
30
54
66
70
348
217
154
215
31
32
44
68
240
228
220
89
31
32
56
68
242
221
219
223
31
55
56
68
351
220
230
224
31
32
47
71
237
177
223
92
31
32
56
71
239
224
222
220
31
55
56
71
354
223
178
221
31
34
36
60
253
229
226
95
31
34
58
60
254
227
225
198
31
55
58
60
357
226
230
199
31
36
44
68
240
219
229
98
31
36
60
68
241
230
228
225
31
55
60
68
360
229
221
227
31
42
46
70
216
201
232
101
31
42
66
70
217
233
231
174
31
55
66
70
363
232
202
175
32
33
36
60
244
241
235
104
32
33
57
60
245
236
234
238
32
56
57
60
366
235
242
239
32
33
47
71
249
222
238
107
32
33
57
71
251
239
237
235
32
56
57
71
369
238
223
236
32
36
44
68
228
219
241
110
32
36
60
68
229
242
240
234
32
56
60
68
372
241
220
236
33
36
42
66
165
246
244
113
33
36
60
66
166
245
243
234
33
57
60
66
375
244
248
235
33
40
42
66
262
243
247
116
33
40
64
66
263
248
246
250
33
57
64
66
378
247
245
251
33
40
47
71
261
237
250
119
33
40
64
71
263
251
249
247
33
57
64
71
381
250
238
248
34
36
39
63
162
189
253
122
34
36
60
63
163
254
252
225
34
58
60
63
384
253
190
226
34
45
46
70
207
156
256
125
34
45
69
70
208
257
255
204
34
58
69
70
387
256
157
205
35
42
43
67
213
210
259
128
35
42
66
67
214
260
258
159
35
59
66
67
390
259
211
160
40
42
47
71
180
249
262
131
40
42
66
71
181
263
261
246
40
64
66
71
393
262
250
247
48
49
54
78
286
271
265
134
48
49
73
78
287
266
264
268
48
72
73
78
396
265
272
269
48
49
59
83
292
270
268
137
48
49
73
83
293
269
267
265
48
72
73
83
399
268
272
266
48
54
59
83
343
267
271
140
48
54
78
83
344
272
270
264
48
72
78
83
402
271
269
266
49
51
62
86
315
300
274
143
49
51
75
86
317
275
273
277
49
73
75
86
405
274
302
278
49
51
65
89
318
303
277
146
49
51
75
89
320
278
276
274
49
73
75
89
408
277
305
275
49
52
58
82
322
289
280
149
49
52
76
82
323
281
279
283
49
73
76
82
411
280
290
284
49
52
61
85
325
301
283
152
49
52
76
85
326
284
282
280
49
73
76
85
414
283
302
281
49
54
70
94
348
288
286
155
49
54
78
94
350
287
285
264
49
73
78
94
417
286
290
265
49
58
70
94
387
285
289
158
49
58
82
94
389
290
288
279
49
73
82
94
420
289
287
281
49
59
66
90
391
297
292
161
49
59
83
90
392
293
291
267
49
73
83
90
423
292
299
268
49
60
63
87
384
304
295
164
49
60
84
87
385
296
294
298
49
73
84
87
426
295
305
299
49
60
66
90
375
291
298
167
49
60
84
90
376
299
297
295
49
73
84
90
429
298
293
296
49
61
62
86
315
273
301
170
49
61
85
86
316
302
300
282
49
73
85
86
432
301
275
284
49
63
65
89
327
276
304
173
49
63
87
89
328
305
303
294
49
73
87
89
435
304
278
296
50
55
66
90
364
313
307
176
50
55
79
90
365
308
306
310
50
74
79
90
438
307
314
311
50
55
71
95
354
312
310
179
50
55
79
95
356
311
309
307
50
74
79
95
441
310
314
308
50
66
71
95
393
309
313
182
50
66
90
95
394
314
312
306
50
74
90
95
444
313
311
308
51
61
62
86
300
273
316
185
51
61
85
86
301
317
315
319
51
75
85
86
447
316
274
320
51
61
65
89
324
276
319
188
51
61
85
89
325
320
318
316
51
75
85
89
450
319
277
317
52
58
63
87
384
328
322
191
52
58
82
87
386
323
321
279
52
76
82
87
453
322
329
280
52
61
65
89
318
327
325
194
52
61
85
89
319
326
324
282
52
76
85
89
456
325
329
283
52
63
65
89
303
324
328
197
52
63
87
89
304
329
327
321
52
76
87
89
459
328
326
323
53
55
58
82
358
337
331
200
53
55
79
82
359
332
330
334
53
77
79
82
462
331
338
335
53
55
70
94
363
339
334
203
53
55
79
94
365
335
333
331
53
77
79
94
465
334
341
332
53
58
69
93
388
340
337
206
53
58
82
93
389
338
336
330
53
77
82
93
468
337
341
332
53
69
70
94
387
333
340
209
53
69
93
94
388
341
339
336
53
77
93
94
471
340
335
338
54
59
67
91
390
345
343
212
54
59
83
91
392
344
342
270
54
78
83
91
474
343
347
271
54
66
67
91
390
342
346
215
54
66
90
91
391
347
345
349
54
78
90
91
477
346
344
350
54
66
70
94
363
285
349
218
54
66
90
94
364
350
348
346
54
78
90
94
480
349
286
347
55
56
68
92
372
360
352
221
55
56
80
92
374
353
351
355
55
79
80
92
483
352
362
356
55
56
71
95
369
309
355
224
55
56
80
95
371
356
354
352
55
79
80
95
486
355
310
353
55
58
60
84
385
361
358
227
55
58
82
84
386
359
357
330
55
79
82
84
489
358
362
331
55
60
68
92
372
351
361
230
55
60
84
92
373
362
360
357
55
79
84
92
492
361
353
359
55
66
70
94
348
333
364
233
55
66
90
94
349
365
363
306
55
79
90
94
495
364
334
307
56
57
60
84
376
373
367
236
56
57
81
84
377
368
366
370
56
80
81
84
498
367
374
371
56
57
71
95
381
354
370
239
56
57
81
95
383
371
369
367
56
80
81
95
501
370
355
368
56
60
68
92
360
351
373
242
56
60
84
92
361
374
372
366
56
80
84
92
504
373
352
368
57
60
66
90
297
378
376
245
57
60
84
90
298
377
375
366
57
81
84
90
507
376
380
367
57
64
66
90
394
375
379
248
57
64
88
90
395
380
378
382
57
81
88
90
510
379
377
383
57
64
71
95
393
369
382
251
57
64
88
95
395
383
381
379
57
81
88
95
513
382
370
380
58
60
63
87
294
321
385
254
58
60
84
87
295
386
384
357
58
82
84
87
516
385
322
358
58
69
70
94
339
288
388
257
58
69
93
94
340
389
387
336
58
82
93
94
519
388
289
337
59
66
67
91
345
342
391
260
59
66
90
91
346
392
390
291
59
83
90
91
522
391
343
292
64
66
71
95
312
381
394
263
64
66
90
95
313
395
393
378
64
88
90
95
525
394
382
379
72
73
78
6
418
403
397
266
72
73
1
6
419
398
396
400
72
0
1
6
0
397
404
401
72
73
83
11
424
402
400
269
72
73
1
11
425
401
399
397
72
0
1
11
3
400
404
398
72
78
83
11
475
399
403
272
72
78
6
11
476
404
402
396
72
0
6
11
6
403
401
398
73
75
86
14
447
432
406
275
73
75
3
14
449
407
405
409
73
1
3
14
9
406
434
410
73
75
89
17
450
435
409
278
73
75
3
17
452
410
408
406
73
1
3
17
12
409
437
407
73
76
82
10
454
421
412
281
73
76
4
10
455
413
411
415
73
1
4
10
15
412
422
416
73
76
85
13
457
433
415
284
73
76
4
13
458
416
414
412
73
1
4
13
18
415
434
413
73
78
94
22
480
420
418
287
73
78
6
22
482
419
417
396
73
1
6
22
21
418
422
397
73
82
94
22
519
417
421
290
73
82
10
22
521
422
420
411
73
1
10
22
24
421
419
413
73
83
90
18
523
429
424
293
73
83
11
18
524
425
423
399
73
1
11
18
27
424
431
400
73
84
87
15
516
436
427
296
73
84
12
15
517
428
426
430
73
1
12
15
30
427
437
431
73
84
90
18
507
423
430
299
73
84
12
18
508
431
429
427
73
1
12
18
33
430
425
428
73
85
86
14
447
405
433
302
73
85
13
14
448
434
432
414
73
1
13
14
36
433
407
416
73
87
89
17
459
408
436
305
73
87
15
17
460
437
435
426
73
1
15
17
39
436
410
428
74
79
90
18
496
445
439
308
74
79
7
18
497
440
438
442
74
2
7
18
42
439
446
443
74
79
95
23
486
444
442
311
74
79
7
23
488
443
441
439
74
2
7
23
45
442
446
440
74
90
95
23
525
441
445
314
74
90
18
23
526
446
444
438
74
2
18
23
48
445
443
440
75
85
86
14
432
405
448
317
75
85
13
14
433
449
447
451
75
3
13
14
51
448
406
452
75
85
89
17
456
408
451
320
75
85
13
17
457
452
450
448
75
3
13
17
54
451
409
449
76
82
87
15
516
460
454
323
76
82
10
15
518
455
453
411
76
4
10
15
57
454
461
412
76
85
89
17
450
459
457
326
76
85
13
17
451
458
456
414
76
4
13
17
60
457
461
415
76
87
89
17
435
456
460
329
76
87
15
17
436
461
459
453
76
4
15
17
63
460
458
455
77
79
82
10
490
469
463
332
77
79
7
10
491
464
462
466
77
5
7
10
66
463
470
467
77
79
94
22
495
471
466
335
77
79
7
22
497
467
465
463
77
5
7
22
69
466
473
464
77
82
93
21
520
472
469
338
77
82
10
21
521
470
468
462
77
5
10
21
72
469
473
464
77
93
94
22
519
465
472
341
77
93
21
22
520
473
471
468
77
5
21
22
75
472
467
470
78
83
91
19
522
477
475
344
78
83
11
19
524
476
474
402
78
6
11
19
78
475
479
403
78
90
91
19
522
474
478
347
78
90
18
19
523
479
477
481
78
6
18
19
81
478
476
482
78
90
94
22
495
417
481
350
78
90
18
22
496
482
480
478
78
6
18
22
84
481
418
479
79
80
92
20
504
492
484
353
79
80
8
20
506
485
483
487
79
7
8
20
87
484
494
488
79
80
95
23
501
441
487
356
79
80
8
23
503
488
486
484
79
7
8
23
90
487
442
485
79
82
84
12
517
493
490
359
79
82
10
12
518
491
489
462
79
7
10
12
93
490
494
463
79
84
92
20
504
483
493
362
79
84
12
20
505
494
492
489
79
7
12
20
96
493
485
491
79
90
94
22
480
465
496
365
79
90
18
22
481
497
495
438
79
7
18
22
99
496
466
439
80
81
84
12
508
505
499
368
80
81
9
12
509
500
498
502
80
8
9
12
102
499
506
503
80
81
95
23
513
486
502
371
80
81
9
23
515
503
501
499
80
8
9
23
105
502
487
500
80
84
92
20
492
483
505
374
80
84
12
20
493
506
504
498
80
8
12
20
108
505
484
500
81
84
90
18
429
510
508
377
81
84
12
18
430
509
507
498
81
9
12
18
111
508
512
499
81
88
90
18
526
507
511
380
81
88
16
18
527
512
510
514
81
9
16
18
114
511
509
515
81
88
95
23
525
501
514
383
81
88
16
23
527
515
513
511
81
9
16
23
117
514
502
512
82
84
87
15
426
453
517
386
82
84
12
15
427
518
516
489
82
10
12
15
120
517
454
490
82
93
94
22
471
420
520
389
82
93
21
22
472
521
519
468
82
10
21
22
123
520
421
469
83
90
91
19
477
474
523
392
83
90
18
19
478
524
522
423
83
11
18
19
126
523
475
424
88
90
95
23
444
513
526
395
88
90
18
23
445
527
525
510
88
16
18
23
129
526
514
511
528
