1
96
0
0
0
0
0
0
0
0
0
0
0
0
0
0
0
0
0
0
0
0
0
0
0
0
1
1
1
1
1
1
1
1
1
1
1
1
1
1
1
1
1
1
1
1
1
1
1
1
2
2
2
2
2
2
2
2
2
2
2
2
2
2
2
2
2
2
2
2
2
2
2
2
3
3
3
3
3
3
3
3
3
3
3
3
3
3
3
3
3
3
3
3
3
3
3
3
96
528
0
5
8
32
73
7
1
398
0
5
29
32
74
2
0
4
0
24
29
32
132
1
8
5
0
5
23
47
72
15
4
401
0
5
29
47
74
5
3
1
0
24
29
47
135
4
17
2
0
8
17
41
93
9
7
404
0
8
32
41
95
8
6
0
0
24
32
41
138
7
11
2
0
9
17
41
93
6
10
407
0
9
33
41
94
11
9
13
0
24
33
41
141
10
8
14
0
9
21
45
118
16
13
410
0
9
33
45
119
14
12
10
0
24
33
45
144
13
17
11
0
21
23
47
33
3
16
413
0
21
45
47
34
17
15
12
0
24
45
47
147
16
5
14
1
2
6
30
28
25
19
416
1
2
26
30
29
20
18
22
1
25
26
30
150
19
26
23
1
2
23
47
33
24
22
419
1
2
26
47
35
23
21
19
1
25
26
47
153
22
26
20
1
6
23
47
75
21
25
422
1
6
30
47
77
26
24
18
1
25
30
47
156
25
23
20
2
6
11
35
76
31
28
425
2
6
30
35
77
29
27
18
2
26
30
35
159
28
32
19
2
11
21
45
127
34
31
428
2
11
35
45
128
32
30
27
2
26
35
45
162
31
35
29
2
21
23
47
15
21
34
431
2
21
45
47
16
35
33
30
2
26
45
47
165
34
22
32
3
4
19
43
70
57
37
434
3
4
28
43
71
38
36
40
3
27
28
43
168
37
59
41
3
4
22
46
63
51
40
437
3
4
28
46
65
41
39
37
3
27
28
46
171
40
53
38
3
7
12
36
79
48
43
440
3
7
31
36
80
44
42
46
3
27
31
36
174
43
50
47
3
7
16
40
81
60
46
443
3
7
31
40
83
47
45
43
3
27
31
40
177
46
62
44
3
9
12
36
90
42
49
446
3
9
33
36
91
50
48
52
3
27
33
36
180
49
44
53
3
9
22
46
117
39
52
449
3
9
33
46
119
53
51
49
3
27
33
46
183
52
41
50
3
14
15
39
120
61
55
452
3
14
38
39
121
56
54
58
3
27
38
39
186
55
62
59
3
14
19
43
123
36
58
455
3
14
38
43
124
59
57
55
3
27
38
43
189
58
38
56
3
15
16
40
129
45
61
458
3
15
39
40
130
62
60
54
3
27
39
40
192
61
47
56
4
11
22
46
126
39
64
461
4
11
35
46
128
65
63
67
4
28
35
46
195
64
40
68
4
11
23
47
75
69
67
464
4
11
35
47
76
68
66
64
4
28
35
47
198
67
71
65
4
19
23
47
114
66
70
467
4
19
43
47
115
71
69
36
4
28
43
47
201
70
68
37
5
8
23
47
114
3
73
470
5
8
32
47
116
74
72
0
5
29
32
47
204
73
4
1
6
11
23
47
66
24
76
473
6
11
35
47
67
77
75
27
6
30
35
47
207
76
25
28
7
12
18
42
102
88
79
476
7
12
36
42
103
80
78
42
7
31
36
42
210
79
89
43
7
13
16
40
129
45
82
479
7
13
37
40
131
83
81
85
7
31
37
40
213
82
46
86
7
13
20
44
108
87
85
482
7
13
37
44
109
86
84
82
7
31
37
44
216
85
89
83
7
18
20
44
111
84
88
485
7
18
42
44
112
89
87
78
7
31
42
44
219
88
86
80
8
9
12
36
48
103
91
488
8
9
33
36
49
92
90
94
8
32
33
36
222
91
104
95
8
9
17
41
9
6
94
491
8
9
33
41
10
95
93
91
8
32
33
41
225
94
7
92
8
10
15
39
120
105
97
494
8
10
34
39
122
98
96
100
8
32
34
39
228
97
107
101
8
10
19
43
123
115
100
497
8
10
34
43
125
101
99
97
8
32
34
43
231
100
116
98
8
12
18
42
78
112
103
500
8
12
36
42
79
104
102
90
8
32
36
42
234
103
113
92
8
13
15
39
130
96
106
503
8
13
37
39
131
107
105
109
8
32
37
39
237
106
98
110
8
13
20
44
84
111
109
506
8
13
37
44
85
110
108
106
8
32
37
44
240
109
113
107
8
18
20
44
87
108
112
509
8
18
42
44
88
113
111
102
8
32
42
44
243
112
110
104
8
19
23
47
69
72
115
512
8
19
43
47
70
116
114
99
8
32
43
47
246
115
73
101
9
21
22
46
126
51
118
515
9
21
45
46
127
119
117
12
9
33
45
46
249
118
52
13
10
14
15
39
54
96
121
518
10
14
38
39
55
122
120
124
10
34
38
39
252
121
97
125
10
14
19
43
57
99
124
521
10
14
38
43
58
125
123
121
10
34
38
43
255
124
100
122
11
21
22
46
117
63
127
524
11
21
45
46
118
128
126
30
11
35
45
46
258
127
64
31
13
15
16
40
60
81
130
527
13
15
39
40
61
131
129
105
13
37
39
40
261
130
82
106
24
29
32
56
205
139
133
2
24
29
53
56
206
134
132
136
24
48
53
56
264
133
140
137
24
29
47
71
204
147
136
5
24
29
53
71
206
137
135
133
24
48
53
71
267
136
149
134
24
32
41
65
225
141
139
8
24
32
56
65
227
140
138
132
24
48
56
65
270
139
143
134
24
33
41
65
225
138
142
11
24
33
57
65
226
143
141
145
24
48
57
65
273
142
140
146
24
33
45
69
250
148
145
14
24
33
57
69
251
146
144
142
24
48
57
69
276
145
149
143
24
45
47
71
165
135
148
17
24
45
69
71
166
149
147
144
24
48
69
71
279
148
137
146
25
26
30
54
160
157
151
20
25
26
50
54
161
152
150
154
25
49
50
54
282
151
158
155
25
26
47
71
165
156
154
23
25
26
50
71
167
155
153
151
25
49
50
71
285
154
158
152
25
30
47
71
207
153
157
26
25
30
54
71
209
158
156
150
25
49
54
71
288
157
155
152
26
30
35
59
208
163
160
29
26
30
54
59
209
161
159
150
26
50
54
59
291
160
164
151
26
35
45
69
259
166
163
32
26
35
59
69
260
164
162
159
26
50
59
69
294
163
167
161
26
45
47
71
147
153
166
35
26
45
69
71
148
167
165
162
26
50
69
71
297
166
154
164
27
28
43
67
202
189
169
38
27
28
52
67
203
170
168
172
27
51
52
67
300
169
191
173
27
28
46
70
195
183
172
41
27
28
52
70
197
173
171
169
27
51
52
70
303
172
185
170
27
31
36
60
211
180
175
44
27
31
55
60
212
176
174
178
27
51
55
60
306
175
182
179
27
31
40
64
213
192
178
47
27
31
55
64
215
179
177
175
27
51
55
64
309
178
194
176
27
33
36
60
222
174
181
50
27
33
57
60
223
182
180
184
27
51
57
60
312
181
176
185
27
33
46
70
249
171
184
53
27
33
57
70
251
185
183
181
27
51
57
70
315
184
173
182
27
38
39
63
252
193
187
56
27
38
62
63
253
188
186
190
27
51
62
63
318
187
194
191
27
38
43
67
255
168
190
59
27
38
62
67
256
191
189
187
27
51
62
67
321
190
170
188
27
39
40
64
261
177
193
62
27
39
63
64
262
194
192
186
27
51
63
64
324
193
179
188
28
35
46
70
258
171
196
65
28
35
59
70
260
197
195
199
28
52
59
70
327
196
172
200
28
35
47
71
207
201
199
68
28
35
59
71
208
200
198
196
28
52
59
71
330
199
203
197
28
43
47
71
246
198
202
71
28
43
67
71
247
203
201
168
28
52
67
71
333
202
200
169
29
32
47
71
246
135
205
74
29
32
56
71
248
206
204
132
29
53
56
71
336
205
136
133
30
35
47
71
198
156
208
77
30
35
59
71
199
209
207
159
30
54
59
71
339
208
157
160
31
36
42
66
234
220
211
80
31
36
60
66
235
212
210
174
31
55
60
66
342
211
221
175
31
37
40
64
261
177
214
83
31
37
61
64
263
215
213
217
31
55
61
64
345
214
178
218
31
37
44
68
240
219
217
86
31
37
61
68
241
218
216
214
31
55
61
68
348
217
221
215
31
42
44
68
243
216
220
89
31
42
66
68
244
221
219
210
31
55
66
68
351
220
218
212
32
33
36
60
180
235
223
92
32
33
57
60
181
224
222
226
32
56
57
60
354
223
236
227
32
33
41
65
141
138
226
95
32
33
57
65
142
227
225
223
32
56
57
65
357
226
139
224
32
34
39
63
252
237
229
98
32
34
58
63
254
230
228
232
32
56
58
63
360
229
239
233
32
34
43
67
255
247
232
101
32
34
58
67
257
233
231
229
32
56
58
67
363
232
248
230
32
36
42
66
210
244
235
104
32
36
60
66
211
236
234
222
32
56
60
66
366
235
245
224
32
37
39
63
262
228
238
107
32
37
61
63
263
239
237
241
32
56
61
63
369
238
230
242
32
37
44
68
216
243
241
110
32
37
61
68
217
242
240
238
32
56
61
68
372
241
245
239
32
42
44
68
219
240
244
113
32
42
66
68
220
245
243
234
32
56
66
68
375
244
242
236
32
43
47
71
201
204
247
116
32
43
67
71
202
248
246
231
32
56
67
71
378
247
205
233
33
45
46
70
258
183
250
119
33
45
69
70
259
251
249
144
33
57
69
70
381
250
184
145
34
38
39
63
186
228
253
122
34
38
62
63
187
254
252
256
34
58
62
63
384
253
229
257
34
38
43
67
189
231
256
125
34
38
62
67
190
257
255
253
34
58
62
67
387
256
232
254
35
45
46
70
249
195
259
128
35
45
69
70
250
260
258
162
35
59
69
70
390
259
196
163
37
39
40
64
192
213
262
131
37
39
63
64
193
263
261
237
37
61
63
64
393
262
214
238
48
53
56
80
337
271
265
134
48
53
77
80
338
266
264
268
48
72
77
80
396
265
272
269
48
53
71
95
336
279
268
137
48
53
77
95
338
269
267
265
48
72
77
95
399
268
281
266
48
56
65
89
357
273
271
140
48
56
80
89
359
272
270
264
48
72
80
89
402
271
275
266
48
57
65
89
357
270
274
143
48
57
81
89
358
275
273
277
48
72
81
89
405
274
272
278
48
57
69
93
382
280
277
146
48
57
81
93
383
278
276
274
48
72
81
93
408
277
281
275
48
69
71
95
297
267
280
149
48
69
93
95
298
281
279
276
48
72
93
95
411
280
269
278
49
50
54
78
292
289
283
152
49
50
74
78
293
284
282
286
49
73
74
78
414
283
290
287
49
50
71
95
297
288
286
155
49
50
74
95
299
287
285
283
49
73
74
95
417
286
290
284
49
54
71
95
339
285
289
158
49
54
78
95
341
290
288
282
49
73
78
95
420
289
287
284
50
54
59
83
340
295
292
161
50
54
78
83
341
293
291
282
50
74
78
83
423
292
296
283
50
59
69
93
391
298
295
164
50
59
83
93
392
296
294
291
50
74
83
93
426
295
299
293
50
69
71
95
279
285
298
167
50
69
93
95
280
299
297
294
50
74
93
95
429
298
286
296
51
52
67
91
334
321
301
170
51
52
76
91
335
302
300
304
51
75
76
91
432
301
323
305
51
52
70
94
327
315
304
173
51
52
76
94
329
305
303
301
51
75
76
94
435
304
317
302
51
55
60
84
343
312
307
176
51
55
79
84
344
308
306
310
51
75
79
84
438
307
314
311
51
55
64
88
345
324
310
179
51
55
79
88
347
311
309
307
51
75
79
88
441
310
326
308
51
57
60
84
354
306
313
182
51
57
81
84
355
314
312
316
51
75
81
84
444
313
308
317
51
57
70
94
381
303
316
185
51
57
81
94
383
317
315
313
51
75
81
94
447
316
305
314
51
62
63
87
384
325
319
188
51
62
86
87
385
320
318
322
51
75
86
87
450
319
326
323
51
62
67
91
387
300
322
191
51
62
86
91
388
323
321
319
51
75
86
91
453
322
302
320
51
63
64
88
393
309
325
194
51
63
87
88
394
326
324
318
51
75
87
88
456
325
311
320
52
59
70
94
390
303
328
197
52
59
83
94
392
329
327
331
52
76
83
94
459
328
304
332
52
59
71
95
339
333
331
200
52
59
83
95
340
332
330
328
52
76
83
95
462
331
335
329
52
67
71
95
378
330
334
203
52
67
91
95
379
335
333
300
52
76
91
95
465
334
332
301
53
56
71
95
378
267
337
206
53
56
80
95
380
338
336
264
53
77
80
95
468
337
268
265
54
59
71
95
330
288
340
209
54
59
83
95
331
341
339
291
54
78
83
95
471
340
289
292
55
60
66
90
366
352
343
212
55
60
84
90
367
344
342
306
55
79
84
90
474
343
353
307
55
61
64
88
393
309
346
215
55
61
85
88
395
347
345
349
55
79
85
88
477
346
310
350
55
61
68
92
372
351
349
218
55
61
85
92
373
350
348
346
55
79
85
92
480
349
353
347
55
66
68
92
375
348
352
221
55
66
90
92
376
353
351
342
55
79
90
92
483
352
350
344
56
57
60
84
312
367
355
224
56
57
81
84
313
356
354
358
56
80
81
84
486
355
368
359
56
57
65
89
273
270
358
227
56
57
81
89
274
359
357
355
56
80
81
89
489
358
271
356
56
58
63
87
384
369
361
230
56
58
82
87
386
362
360
364
56
80
82
87
492
361
371
365
56
58
67
91
387
379
364
233
56
58
82
91
389
365
363
361
56
80
82
91
495
364
380
362
56
60
66
90
342
376
367
236
56
60
84
90
343
368
366
354
56
80
84
90
498
367
377
356
56
61
63
87
394
360
370
239
56
61
85
87
395
371
369
373
56
80
85
87
501
370
362
374
56
61
68
92
348
375
373
242
56
61
85
92
349
374
372
370
56
80
85
92
504
373
377
371
56
66
68
92
351
372
376
245
56
66
90
92
352
377
375
366
56
80
90
92
507
376
374
368
56
67
71
95
333
336
379
248
56
67
91
95
334
380
378
363
56
80
91
95
510
379
337
365
57
69
70
94
390
315
382
251
57
69
93
94
391
383
381
276
57
81
93
94
513
382
316
277
58
62
63
87
318
360
385
254
58
62
86
87
319
386
384
388
58
82
86
87
516
385
361
389
58
62
67
91
321
363
388
257
58
62
86
91
322
389
387
385
58
82
86
91
519
388
364
386
59
69
70
94
381
327
391
260
59
69
93
94
382
392
390
294
59
83
93
94
522
391
328
295
61
63
64
88
324
345
394
263
61
63
87
88
325
395
393
369
61
85
87
88
525
394
346
370
72
77
80
8
469
403
397
266
72
77
5
8
470
398
396
400
72
0
5
8
0
397
404
401
72
77
95
23
468
411
400
269
72
77
5
23
470
401
399
397
72
0
5
23
3
400
413
398
72
80
89
17
489
405
403
272
72
80
8
17
491
404
402
396
72
0
8
17
6
403
407
398
72
81
89
17
489
402
406
275
72
81
9
17
490
407
405
409
72
0
9
17
9
406
404
410
72
81
93
21
514
412
409
278
72
81
9
21
515
410
408
406
72
0
9
21
12
409
413
407
72
93
95
23
429
399
412
281
72
93
21
23
430
413
411
408
72
0
21
23
15
412
401
410
73
74
78
6
424
421
415
284
73
74
2
6
425
416
414
418
73
1
2
6
18
415
422
419
73
74
95
23
429
420
418
287
73
74
2
23
431
419
417
415
73
1
2
23
21
418
422
416
73
78
95
23
471
417
421
290
73
78
6
23
473
422
420
414
73
1
6
23
24
421
419
416
74
78
83
11
472
427
424
293
74
78
6
11
473
425
423
414
74
2
6
11
27
424
428
415
74
83
93
21
523
430
427
296
74
83
11
21
524
428
426
423
74
2
11
21
30
427
431
425
74
93
95
23
411
417
430
299
74
93
21
23
412
431
429
426
74
2
21
23
33
430
418
428
75
76
91
19
466
453
433
302
75
76
4
19
467
434
432
436
75
3
4
19
36
433
455
437
75
76
94
22
459
447
436
305
75
76
4
22
461
437
435
433
75
3
4
22
39
436
449
434
75
79
84
12
475
444
439
308
75
79
7
12
476
440
438
442
75
3
7
12
42
439
446
443
75
79
88
16
477
456
442
311
75
79
7
16
479
443
441
439
75
3
7
16
45
442
458
440
75
81
84
12
486
438
445
314
75
81
9
12
487
446
444
448
75
3
9
12
48
445
440
449
75
81
94
22
513
435
448
317
75
81
9
22
515
449
447
445
75
3
9
22
51
448
437
446
75
86
87
15
516
457
451
320
75
86
14
15
517
452
450
454
75
3
14
15
54
451
458
455
75
86
91
19
519
432
454
323
75
86
14
19
520
455
453
451
75
3
14
19
57
454
434
452
75
87
88
16
525
441
457
326
75
87
15
16
526
458
456
450
75
3
15
16
60
457
443
452
76
83
94
22
522
435
460
329
76
83
11
22
524
461
459
463
76
4
11
22
63
460
436
464
76
83
95
23
471
465
463
332
76
83
11
23
472
464
462
460
76
4
11
23
66
463
467
461
76
91
95
23
510
462
466
335
76
91
19
23
511
467
465
432
76
4
19
23
69
466
464
433
77
80
95
23
510
399
469
338
77
80
8
23
512
470
468
396
77
5
8
23
72
469
400
397
78
83
95
23
462
420
472
341
78
83
11
23
463
473
471
423
78
6
11
23
75
472
421
424
79
84
90
18
498
484
475
344
79
84
12
18
499
476
474
438
79
7
12
18
78
475
485
439
79
85
88
16
525
441
478
347
79
85
13
16
527
479
477
481
79
7
13
16
81
478
442
482
79
85
92
20
504
483
481
350
79
85
13
20
505
482
480
478
79
7
13
20
84
481
485
479
79
90
92
20
507
480
484
353
79
90
18
20
508
485
483
474
79
7
18
20
87
484
482
476
80
81
84
12
444
499
487
356
80
81
9
12
445
488
486
490
80
8
9
12
90
487
500
491
80
81
89
17
405
402
490
359
80
81
9
17
406
491
489
487
80
8
9
17
93
490
403
488
80
82
87
15
516
501
493
362
80
82
10
15
518
494
492
496
80
8
10
15
96
493
503
497
80
82
91
19
519
511
496
365
80
82
10
19
521
497
495
493
80
8
10
19
99
496
512
494
80
84
90
18
474
508
499
368
80
84
12
18
475
500
498
486
80
8
12
18
102
499
509
488
80
85
87
15
526
492
502
371
80
85
13
15
527
503
501
505
80
8
13
15
105
502
494
506
80
85
92
20
480
507
505
374
80
85
13
20
481
506
504
502
80
8
13
20
108
505
509
503
80
90
92
20
483
504
508
377
80
90
18
20
484
509
507
498
80
8
18
20
111
508
506
500
80
91
95
23
465
468
511
380
80
91
19
23
466
512
510
495
80
8
19
23
114
511
469
497
81
93
94
22
522
447
514
383
81
93
21
22
523
515
513
408
81
9
21
22
117
514
448
409
82
86
87
15
450
492
517
386
82
86
14
15
451
518
516
520
82
10
14
15
120
517
493
521
82
86
91
19
453
495
520
389
82
86
14
19
454
521
519
517
82
10
14
19
123
520
496
518
83
93
94
22
513
459
523
392
83
93
21
22
514
524
522
426
83
11
21
22
126
523
460
427
85
87
88
16
456
477
526
395
85
87
15
16
457
527
525
501
85
13
15
16
129
526
478
502
528
