1
96
0
0
0
0
0
0
0
0
0
0
0
0
0
0
0
0
0
0
0
0
0
0
0
0
1
1
1
1
1
1
1
1
1
1
1
1
1
1
1
1
1
1
1
1
1
1
1
1
2
2
2
2
2
2
2
2
2
2
2
2
2
2
2
2
2
2
2
2
2
2
2
2
3
3
3
3
3
3
3
3
3
3
3
3
3
3
3
3
3
3
3
3
3
3
3
3
96
528
0
2
3
27
40
7
1
398
0
2
26
27
41
2
0
4
0
24
26
27
132
1
8
5
0
2
22
46
27
18
4
401
0
2
26
46
28
5
3
1
0
24
26
46
135
4
20
2
0
3
21
45
39
21
7
404
0
3
27
45
40
8
6
0
0
24
27
45
138
7
23
2
0
6
13
37
55
22
10
407
0
6
30
37
56
11
9
13
0
24
30
37
141
10
23
14
0
6
20
44
54
15
13
410
0
6
30
44
56
14
12
10
0
24
30
44
144
13
17
11
0
11
20
44
102
12
16
413
0
11
35
44
104
17
15
19
0
24
35
44
147
16
14
20
0
11
22
46
105
3
19
416
0
11
35
46
107
20
18
16
0
24
35
46
150
19
5
17
0
13
21
45
84
6
22
419
0
13
37
45
85
23
21
9
0
24
37
45
153
22
8
11
1
2
21
45
39
33
25
422
1
2
26
45
41
26
24
28
1
25
26
45
156
25
35
29
1
2
22
46
3
36
28
425
1
2
26
46
4
29
27
25
1
25
26
46
159
28
38
26
1
4
14
38
43
37
31
428
1
4
28
38
44
32
30
34
1
25
28
38
162
31
38
35
1
4
21
45
42
24
34
431
1
4
28
45
44
35
33
31
1
25
28
45
165
34
26
32
1
14
22
46
105
27
37
434
1
14
38
46
106
38
36
30
1
25
38
46
168
37
29
32
2
3
21
45
6
24
40
437
2
3
27
45
7
41
39
0
2
26
27
45
171
40
25
1
4
14
21
45
126
33
43
440
4
14
38
45
128
44
42
30
4
28
38
45
174
43
34
31
5
12
13
37
109
52
46
443
5
12
36
37
110
47
45
49
5
29
36
37
177
46
53
50
5
12
20
44
72
51
49
446
5
12
36
44
73
50
48
46
5
29
36
44
180
49
53
47
5
13
20
44
54
48
52
449
5
13
37
44
55
53
51
45
5
29
37
44
183
52
50
47
6
13
20
44
51
12
55
452
6
13
37
44
52
56
54
9
6
30
37
44
186
55
13
10
7
10
15
39
100
63
58
455
7
10
34
39
101
59
57
61
7
31
34
39
189
58
65
62
7
10
23
47
96
66
61
458
7
10
34
47
98
62
60
58
7
31
34
47
192
61
68
59
7
14
15
39
124
57
64
461
7
14
38
39
125
65
63
67
7
31
38
39
195
64
59
68
7
14
23
47
96
60
67
464
7
14
38
47
97
68
66
64
7
31
38
47
198
67
62
65
8
12
17
41
112
75
70
467
8
12
36
41
113
71
69
73
8
32
36
41
201
70
77
74
8
12
20
44
48
78
73
470
8
12
36
44
49
74
72
70
8
32
36
44
204
73
80
71
8
15
17
41
99
69
76
473
8
15
39
41
100
77
75
79
8
32
39
41
207
76
71
80
8
15
20
44
123
72
79
476
8
15
39
44
124
80
78
76
8
32
39
44
210
79
74
77
9
13
16
40
118
88
82
479
9
13
37
40
119
83
81
85
9
33
37
40
213
82
89
86
9
13
21
45
21
90
85
482
9
13
37
45
22
86
84
82
9
33
37
45
216
85
92
83
9
16
19
43
117
91
88
485
9
16
40
43
118
89
87
81
9
33
40
43
219
88
92
83
9
19
21
45
129
84
91
488
9
19
43
45
130
92
90
87
9
33
43
45
222
91
86
89
10
14
17
41
127
99
94
491
10
14
38
41
128
95
93
97
10
34
38
41
225
94
101
98
10
14
23
47
66
60
97
494
10
14
38
47
67
98
96
94
10
34
38
47
228
97
61
95
10
15
17
41
75
93
100
497
10
15
39
41
76
101
99
57
10
34
39
41
231
100
95
58
11
14
20
44
123
15
103
500
11
14
38
44
125
104
102
106
11
35
38
44
234
103
16
107
11
14
22
46
36
18
106
503
11
14
38
46
37
107
105
103
11
35
38
46
237
106
19
104
12
13
18
42
121
115
109
506
12
13
37
42
122
110
108
45
12
36
37
42
240
109
116
46
12
17
19
43
130
114
112
509
12
17
41
43
131
113
111
69
12
36
41
43
243
112
116
70
12
18
19
43
120
111
115
512
12
18
42
43
121
116
114
108
12
36
42
43
246
115
113
110
13
16
19
43
87
120
118
515
13
16
40
43
88
119
117
81
13
37
40
43
249
118
122
82
13
18
19
43
114
117
121
518
13
18
42
43
115
122
120
108
13
37
42
43
252
121
119
109
14
15
20
44
78
102
124
521
14
15
39
44
79
125
123
63
14
38
39
44
255
124
103
64
14
17
21
45
129
42
127
524
14
17
41
45
131
128
126
93
14
38
41
45
258
127
43
94
17
19
21
45
90
126
130
527
17
19
43
45
91
131
129
111
17
41
43
45
261
130
127
112
24
26
27
51
172
139
133
2
24
26
50
51
173
134
132
136
24
48
50
51
264
133
140
137
24
26
46
70
159
150
136
5
24
26
50
70
160
137
135
133
24
48
50
70
267
136
152
134
24
27
45
69
171
153
139
8
24
27
51
69
172
140
138
132
24
48
51
69
270
139
155
134
24
30
37
61
187
154
142
11
24
30
54
61
188
143
141
145
24
48
54
61
273
142
155
146
24
30
44
68
186
147
145
14
24
30
54
68
188
146
144
142
24
48
54
68
276
145
149
143
24
35
44
68
234
144
148
17
24
35
59
68
236
149
147
151
24
48
59
68
279
148
146
152
24
35
46
70
237
135
151
20
24
35
59
70
239
152
150
148
24
48
59
70
282
151
137
149
24
37
45
69
216
138
154
23
24
37
61
69
217
155
153
141
24
48
61
69
285
154
140
143
25
26
45
69
171
165
157
26
25
26
50
69
173
158
156
160
25
49
50
69
288
157
167
161
25
26
46
70
135
168
160
29
25
26
50
70
136
161
159
157
25
49
50
70
291
160
170
158
25
28
38
62
175
169
163
32
25
28
52
62
176
164
162
166
25
49
52
62
294
163
170
167
25
28
45
69
174
156
166
35
25
28
52
69
176
167
165
163
25
49
52
69
297
166
158
164
25
38
46
70
237
159
169
38
25
38
62
70
238
170
168
162
25
49
62
70
300
169
161
164
26
27
45
69
138
156
172
41
26
27
51
69
139
173
171
132
26
50
51
69
303
172
157
133
28
38
45
69
258
165
175
44
28
38
62
69
260
176
174
162
28
52
62
69
306
175
166
163
29
36
37
61
241
184
178
47
29
36
60
61
242
179
177
181
29
53
60
61
309
178
185
182
29
36
44
68
204
183
181
50
29
36
60
68
205
182
180
178
29
53
60
68
312
181
185
179
29
37
44
68
186
180
184
53
29
37
61
68
187
185
183
177
29
53
61
68
315
184
182
179
30
37
44
68
183
144
187
56
30
37
61
68
184
188
186
141
30
54
61
68
318
187
145
142
31
34
39
63
232
195
190
59
31
34
58
63
233
191
189
193
31
55
58
63
321
190
197
194
31
34
47
71
228
198
193
62
31
34
58
71
230
194
192
190
31
55
58
71
324
193
200
191
31
38
39
63
256
189
196
65
31
38
62
63
257
197
195
199
31
55
62
63
327
196
191
200
31
38
47
71
228
192
199
68
31
38
62
71
229
200
198
196
31
55
62
71
330
199
194
197
32
36
41
65
244
207
202
71
32
36
60
65
245
203
201
205
32
56
60
65
333
202
209
206
32
36
44
68
180
210
205
74
32
36
60
68
181
206
204
202
32
56
60
68
336
205
212
203
32
39
41
65
231
201
208
77
32
39
63
65
232
209
207
211
32
56
63
65
339
208
203
212
32
39
44
68
255
204
211
80
32
39
63
68
256
212
210
208
32
56
63
68
342
211
206
209
33
37
40
64
250
220
214
83
33
37
61
64
251
215
213
217
33
57
61
64
345
214
221
218
33
37
45
69
153
222
217
86
33
37
61
69
154
218
216
214
33
57
61
69
348
217
224
215
33
40
43
67
249
223
220
89
33
40
64
67
250
221
219
213
33
57
64
67
351
220
224
215
33
43
45
69
261
216
223
92
33
43
67
69
262
224
222
219
33
57
67
69
354
223
218
221
34
38
41
65
259
231
226
95
34
38
62
65
260
227
225
229
34
58
62
65
357
226
233
230
34
38
47
71
198
192
229
98
34
38
62
71
199
230
228
226
34
58
62
71
360
229
193
227
34
39
41
65
207
225
232
101
34
39
63
65
208
233
231
189
34
58
63
65
363
232
227
190
35
38
44
68
255
147
235
104
35
38
62
68
257
236
234
238
35
59
62
68
366
235
148
239
35
38
46
70
168
150
238
107
35
38
62
70
169
239
237
235
35
59
62
70
369
238
151
236
36
37
42
66
253
247
241
110
36
37
61
66
254
242
240
177
36
60
61
66
372
241
248
178
36
41
43
67
262
246
244
113
36
41
65
67
263
245
243
201
36
60
65
67
375
244
248
202
36
42
43
67
252
243
247
116
36
42
66
67
253
248
246
240
36
60
66
67
378
247
245
242
37
40
43
67
219
252
250
119
37
40
64
67
220
251
249
213
37
61
64
67
381
250
254
214
37
42
43
67
246
249
253
122
37
42
66
67
247
254
252
240
37
61
66
67
384
253
251
241
38
39
44
68
210
234
256
125
38
39
63
68
211
257
255
195
38
62
63
68
387
256
235
196
38
41
45
69
261
174
259
128
38
41
65
69
263
260
258
225
38
62
65
69
390
259
175
226
41
43
45
69
222
258
262
131
41
43
67
69
223
263
261
243
41
65
67
69
393
262
259
244
48
50
51
75
304
271
265
134
48
50
74
75
305
266
264
268
48
72
74
75
396
265
272
269
48
50
70
94
291
282
268
137
48
50
74
94
292
269
267
265
48
72
74
94
399
268
284
266
48
51
69
93
303
285
271
140
48
51
75
93
304
272
270
264
48
72
75
93
402
271
287
266
48
54
61
85
319
286
274
143
48
54
78
85
320
275
273
277
48
72
78
85
405
274
287
278
48
54
68
92
318
279
277
146
48
54
78
92
320
278
276
274
48
72
78
92
408
277
281
275
48
59
68
92
366
276
280
149
48
59
83
92
368
281
279
283
48
72
83
92
411
280
278
284
48
59
70
94
369
267
283
152
48
59
83
94
371
284
282
280
48
72
83
94
414
283
269
281
48
61
69
93
348
270
286
155
48
61
85
93
349
287
285
273
48
72
85
93
417
286
272
275
49
50
69
93
303
297
289
158
49
50
74
93
305
290
288
292
49
73
74
93
420
289
299
293
49
50
70
94
267
300
292
161
49
50
74
94
268
293
291
289
49
73
74
94
423
292
302
290
49
52
62
86
307
301
295
164
49
52
76
86
308
296
294
298
49
73
76
86
426
295
302
299
49
52
69
93
306
288
298
167
49
52
76
93
308
299
297
295
49
73
76
93
429
298
290
296
49
62
70
94
369
291
301
170
49
62
86
94
370
302
300
294
49
73
86
94
432
301
293
296
50
51
69
93
270
288
304
173
50
51
75
93
271
305
303
264
50
74
75
93
435
304
289
265
52
62
69
93
390
297
307
176
52
62
86
93
392
308
306
294
52
76
86
93
438
307
298
295
53
60
61
85
373
316
310
179
53
60
84
85
374
311
309
313
53
77
84
85
441
310
317
314
53
60
68
92
336
315
313
182
53
60
84
92
337
314
312
310
53
77
84
92
444
313
317
311
53
61
68
92
318
312
316
185
53
61
85
92
319
317
315
309
53
77
85
92
447
316
314
311
54
61
68
92
315
276
319
188
54
61
85
92
316
320
318
273
54
78
85
92
450
319
277
274
55
58
63
87
364
327
322
191
55
58
82
87
365
323
321
325
55
79
82
87
453
322
329
326
55
58
71
95
360
330
325
194
55
58
82
95
362
326
324
322
55
79
82
95
456
325
332
323
55
62
63
87
388
321
328
197
55
62
86
87
389
329
327
331
55
79
86
87
459
328
323
332
55
62
71
95
360
324
331
200
55
62
86
95
361
332
330
328
55
79
86
95
462
331
326
329
56
60
65
89
376
339
334
203
56
60
84
89
377
335
333
337
56
80
84
89
465
334
341
338
56
60
68
92
312
342
337
206
56
60
84
92
313
338
336
334
56
80
84
92
468
337
344
335
56
63
65
89
363
333
340
209
56
63
87
89
364
341
339
343
56
80
87
89
471
340
335
344
56
63
68
92
387
336
343
212
56
63
87
92
388
344
342
340
56
80
87
92
474
343
338
341
57
61
64
88
382
352
346
215
57
61
85
88
383
347
345
349
57
81
85
88
477
346
353
350
57
61
69
93
285
354
349
218
57
61
85
93
286
350
348
346
57
81
85
93
480
349
356
347
57
64
67
91
381
355
352
221
57
64
88
91
382
353
351
345
57
81
88
91
483
352
356
347
57
67
69
93
393
348
355
224
57
67
91
93
394
356
354
351
57
81
91
93
486
355
350
353
58
62
65
89
391
363
358
227
58
62
86
89
392
359
357
361
58
82
86
89
489
358
365
362
58
62
71
95
330
324
361
230
58
62
86
95
331
362
360
358
58
82
86
95
492
361
325
359
58
63
65
89
339
357
364
233
58
63
87
89
340
365
363
321
58
82
87
89
495
364
359
322
59
62
68
92
387
279
367
236
59
62
86
92
389
368
366
370
59
83
86
92
498
367
280
371
59
62
70
94
300
282
370
239
59
62
86
94
301
371
369
367
59
83
86
94
501
370
283
368
60
61
66
90
385
379
373
242
60
61
85
90
386
374
372
309
60
84
85
90
504
373
380
310
60
65
67
91
394
378
376
245
60
65
89
91
395
377
375
333
60
84
89
91
507
376
380
334
60
66
67
91
384
375
379
248
60
66
90
91
385
380
378
372
60
84
90
91
510
379
377
374
61
64
67
91
351
384
382
251
61
64
88
91
352
383
381
345
61
85
88
91
513
382
386
346
61
66
67
91
378
381
385
254
61
66
90
91
379
386
384
372
61
85
90
91
516
385
383
373
62
63
68
92
342
366
388
257
62
63
87
92
343
389
387
327
62
86
87
92
519
388
367
328
62
65
69
93
393
306
391
260
62
65
89
93
395
392
390
357
62
86
89
93
522
391
307
358
65
67
69
93
354
390
394
263
65
67
91
93
355
395
393
375
65
89
91
93
525
394
391
376
72
74
75
3
436
403
397
266
72
74
2
3
437
398
396
400
72
0
2
3
0
397
404
401
72
74
94
22
423
414
400
269
72
74
2
22
424
401
399
397
72
0
2
22
3
400
416
398
72
75
93
21
435
417
403
272
72
75
3
21
436
404
402
396
72
0
3
21
6
403
419
398
72
78
85
13
451
418
406
275
72
78
6
13
452
407
405
409
72
0
6
13
9
406
419
410
72
78
92
20
450
411
409
278
72
78
6
20
452
410
408
406
72
0
6
20
12
409
413
407
72
83
92
20
498
408
412
281
72
83
11
20
500
413
411
415
72
0
11
20
15
412
410
416
72
83
94
22
501
399
415
284
72
83
11
22
503
416
414
412
72
0
11
22
18
415
401
413
72
85
93
21
480
402
418
287
72
85
13
21
481
419
417
405
72
0
13
21
21
418
404
407
73
74
93
21
435
429
421
290
73
74
2
21
437
422
420
424
73
1
2
21
24
421
431
425
73
74
94
22
399
432
424
293
73
74
2
22
400
425
423
421
73
1
2
22
27
424
434
422
73
76
86
14
439
433
427
296
73
76
4
14
440
428
426
430
73
1
4
14
30
427
434
431
73
76
93
21
438
420
430
299
73
76
4
21
440
431
429
427
73
1
4
21
33
430
422
428
73
86
94
22
501
423
433
302
73
86
14
22
502
434
432
426
73
1
14
22
36
433
425
428
74
75
93
21
402
420
436
305
74
75
3
21
403
437
435
396
74
2
3
21
39
436
421
397
76
86
93
21
522
429
439
308
76
86
14
21
524
440
438
426
76
4
14
21
42
439
430
427
77
84
85
13
505
448
442
311
77
84
12
13
506
443
441
445
77
5
12
13
45
442
449
446
77
84
92
20
468
447
445
314
77
84
12
20
469
446
444
442
77
5
12
20
48
445
449
443
77
85
92
20
450
444
448
317
77
85
13
20
451
449
447
441
77
5
13
20
51
448
446
443
78
85
92
20
447
408
451
320
78
85
13
20
448
452
450
405
78
6
13
20
54
451
409
406
79
82
87
15
496
459
454
323
79
82
10
15
497
455
453
457
79
7
10
15
57
454
461
458
79
82
95
23
492
462
457
326
79
82
10
23
494
458
456
454
79
7
10
23
60
457
464
455
79
86
87
15
520
453
460
329
79
86
14
15
521
461
459
463
79
7
14
15
63
460
455
464
79
86
95
23
492
456
463
332
79
86
14
23
493
464
462
460
79
7
14
23
66
463
458
461
80
84
89
17
508
471
466
335
80
84
12
17
509
467
465
469
80
8
12
17
69
466
473
470
80
84
92
20
444
474
469
338
80
84
12
20
445
470
468
466
80
8
12
20
72
469
476
467
80
87
89
17
495
465
472
341
80
87
15
17
496
473
471
475
80
8
15
17
75
472
467
476
80
87
92
20
519
468
475
344
80
87
15
20
520
476
474
472
80
8
15
20
78
475
470
473
81
85
88
16
514
484
478
347
81
85
13
16
515
479
477
481
81
9
13
16
81
478
485
482
81
85
93
21
417
486
481
350
81
85
13
21
418
482
480
478
81
9
13
21
84
481
488
479
81
88
91
19
513
487
484
353
81
88
16
19
514
485
483
477
81
9
16
19
87
484
488
479
81
91
93
21
525
480
487
356
81
91
19
21
526
488
486
483
81
9
19
21
90
487
482
485
82
86
89
17
523
495
490
359
82
86
14
17
524
491
489
493
82
10
14
17
93
490
497
494
82
86
95
23
462
456
493
362
82
86
14
23
463
494
492
490
82
10
14
23
96
493
457
491
82
87
89
17
471
489
496
365
82
87
15
17
472
497
495
453
82
10
15
17
99
496
491
454
83
86
92
20
519
411
499
368
83
86
14
20
521
500
498
502
83
11
14
20
102
499
412
503
83
86
94
22
432
414
502
371
83
86
14
22
433
503
501
499
83
11
14
22
105
502
415
500
84
85
90
18
517
511
505
374
84
85
13
18
518
506
504
441
84
12
13
18
108
505
512
442
84
89
91
19
526
510
508
377
84
89
17
19
527
509
507
465
84
12
17
19
111
508
512
466
84
90
91
19
516
507
511
380
84
90
18
19
517
512
510
504
84
12
18
19
114
511
509
506
85
88
91
19
483
516
514
383
85
88
16
19
484
515
513
477
85
13
16
19
117
514
518
478
85
90
91
19
510
513
517
386
85
90
18
19
511
518
516
504
85
13
18
19
120
517
515
505
86
87
92
20
474
498
520
389
86
87
15
20
475
521
519
459
86
14
15
20
123
520
499
460
86
89
93
21
525
438
523
392
86
89
17
21
527
524
522
489
86
14
17
21
126
523
439
490
89
91
93
21
486
522
526
395
89
91
19
21
487
527
525
507
89
17
19
21
129
526
523
508
528
