1
96
0
0
0
0
0
0
0
0
0
0
0
0
0
0
0
0
0
0
0
0
0
0
0
0
1
1
1
1
1
1
1
1
1
1
1
1
1
1
1
1
1
1
1
1
1
1
1
1
2
2
2
2
2
2
2
2
2
2
2
2
2
2
2
2
2
2
2
2
2
2
2
2
3
3
3
3
3
3
3
3
3
3
3
3
3
3
3
3
3
3
3
3
3
3
3
3
96
528
0
3
17
41
45
6
1
398
0
3
27
41
47
2
0
4
0
24
27
41
132
1
8
5
0
3
22
46
36
9
4
401
0
3
27
46
38
5
3
1
0
24
27
46
135
4
11
2
0
14
17
41
108
0
7
404
0
14
38
41
109
8
6
10
0
24
38
41
138
7
2
11
0
14
22
46
111
3
10
407
0
14
38
46
112
11
9
7
0
24
38
46
141
10
5
8
1
2
19
43
34
18
13
410
1
2
26
43
35
14
12
16
1
25
26
43
144
13
20
17
1
2
22
46
30
24
16
413
1
2
26
46
32
17
15
13
1
25
26
46
147
16
26
14
1
8
19
43
91
12
19
416
1
8
32
43
92
20
18
22
1
25
32
43
150
19
14
23
1
8
20
44
90
25
22
419
1
8
32
44
92
23
21
19
1
25
32
44
153
22
26
20
1
20
22
46
129
15
25
422
1
20
44
46
131
26
24
21
1
25
44
46
156
25
17
23
2
12
20
44
66
33
28
425
2
12
36
44
67
29
27
31
2
26
36
44
159
28
35
32
2
12
22
46
105
15
31
428
2
12
36
46
106
32
30
28
2
26
36
46
162
31
16
29
2
19
20
44
90
27
34
431
2
19
43
44
91
35
33
12
2
26
43
44
165
34
29
13
3
4
22
46
54
3
37
434
3
4
28
46
56
38
36
40
3
27
28
46
168
37
4
41
3
4
23
47
57
51
40
437
3
4
28
47
59
41
39
37
3
27
28
47
171
40
53
38
3
5
16
40
70
48
43
440
3
5
29
40
71
44
42
46
3
27
29
40
174
43
50
47
3
5
17
41
63
0
46
443
3
5
29
41
65
47
45
43
3
27
29
41
177
46
1
44
3
6
16
40
72
42
49
446
3
6
30
40
74
50
48
52
3
27
30
40
180
49
44
53
3
6
23
47
78
39
52
449
3
6
30
47
80
53
51
49
3
27
30
47
183
52
41
50
4
11
22
46
115
36
55
452
4
11
35
46
116
56
54
58
4
28
35
46
186
55
37
59
4
11
23
47
114
39
58
455
4
11
35
47
116
59
57
55
4
28
35
47
189
58
40
56
5
10
12
36
106
67
61
458
5
10
34
36
107
62
60
64
5
29
34
36
192
61
68
65
5
10
17
41
108
45
64
461
5
10
34
41
110
65
63
61
5
29
34
41
195
64
46
62
5
12
20
44
27
69
67
464
5
12
36
44
28
68
66
60
5
29
36
44
198
67
71
62
5
16
20
44
120
66
70
467
5
16
40
44
121
71
69
42
5
29
40
44
201
70
68
43
6
15
16
40
121
48
73
470
6
15
39
40
122
74
72
76
6
30
39
40
204
73
49
77
6
15
18
42
124
79
76
473
6
15
39
42
125
77
75
73
6
30
39
42
207
76
80
74
6
18
23
47
126
51
79
476
6
18
42
47
128
80
78
75
6
30
42
47
210
79
52
77
7
9
13
37
94
88
82
479
7
9
33
37
95
83
81
85
7
31
33
37
213
82
89
86
7
9
18
42
97
87
85
482
7
9
33
42
98
86
84
82
7
31
33
42
216
85
89
83
7
13
18
42
118
84
88
485
7
13
37
42
119
89
87
81
7
31
37
42
219
88
86
83
8
19
20
44
33
21
91
488
8
19
43
44
34
92
90
18
8
32
43
44
222
91
22
19
9
13
20
44
117
100
94
491
9
13
37
44
119
95
93
81
9
33
37
44
225
94
101
82
9
18
22
46
127
102
97
494
9
18
42
46
128
98
96
84
9
33
42
46
228
97
104
85
9
20
21
45
130
103
100
497
9
20
44
45
131
101
99
93
9
33
44
45
231
100
104
95
9
21
22
46
129
96
103
500
9
21
45
46
130
104
102
99
9
33
45
46
234
103
98
101
10
12
22
46
30
111
106
503
10
12
36
46
31
107
105
60
10
34
36
46
237
106
113
61
10
14
17
41
6
63
109
506
10
14
38
41
7
110
108
112
10
34
38
41
240
109
64
113
10
14
22
46
9
105
112
509
10
14
38
46
10
113
111
109
10
34
38
46
243
112
107
110
11
22
23
47
126
57
115
512
11
22
46
47
127
116
114
54
11
35
46
47
246
115
58
55
13
18
20
44
123
93
118
515
13
18
42
44
124
119
117
87
13
37
42
44
249
118
94
88
15
16
20
44
69
123
121
518
15
16
40
44
70
122
120
72
15
39
40
44
252
121
125
73
15
18
20
44
117
120
124
521
15
18
42
44
118
125
123
75
15
39
42
44
255
124
122
76
18
22
23
47
114
78
127
524
18
22
46
47
115
128
126
96
18
42
46
47
258
127
79
97
20
21
22
46
102
24
130
527
20
21
45
46
103
131
129
99
20
44
45
46
261
130
25
100
24
27
41
65
177
138
133
2
24
27
51
65
179
134
132
136
24
48
51
65
264
133
140
137
24
27
46
70
168
141
136
5
24
27
51
70
170
137
135
133
24
48
51
70
267
136
143
134
24
38
41
65
240
132
139
8
24
38
62
65
241
140
138
142
24
48
62
65
270
139
134
143
24
38
46
70
243
135
142
11
24
38
62
70
244
143
141
139
24
48
62
70
273
142
137
140
25
26
43
67
166
150
145
14
25
26
50
67
167
146
144
148
25
49
50
67
276
145
152
149
25
26
46
70
162
156
148
17
25
26
50
70
164
149
147
145
25
49
50
70
279
148
158
146
25
32
43
67
223
144
151
20
25
32
56
67
224
152
150
154
25
49
56
67
282
151
146
155
25
32
44
68
222
157
154
23
25
32
56
68
224
155
153
151
25
49
56
68
285
154
158
152
25
44
46
70
261
147
157
26
25
44
68
70
263
158
156
153
25
49
68
70
288
157
149
155
26
36
44
68
198
165
160
29
26
36
60
68
199
161
159
163
26
50
60
68
291
160
167
164
26
36
46
70
237
147
163
32
26
36
60
70
238
164
162
160
26
50
60
70
294
163
148
161
26
43
44
68
222
159
166
35
26
43
67
68
223
167
165
144
26
50
67
68
297
166
161
145
27
28
46
70
186
135
169
38
27
28
52
70
188
170
168
172
27
51
52
70
300
169
136
173
27
28
47
71
189
183
172
41
27
28
52
71
191
173
171
169
27
51
52
71
303
172
185
170
27
29
40
64
202
180
175
44
27
29
53
64
203
176
174
178
27
51
53
64
306
175
182
179
27
29
41
65
195
132
178
47
27
29
53
65
197
179
177
175
27
51
53
65
309
178
133
176
27
30
40
64
204
174
181
50
27
30
54
64
206
182
180
184
27
51
54
64
312
181
176
185
27
30
47
71
210
171
184
53
27
30
54
71
212
185
183
181
27
51
54
71
315
184
173
182
28
35
46
70
247
168
187
56
28
35
59
70
248
188
186
190
28
52
59
70
318
187
169
191
28
35
47
71
246
171
190
59
28
35
59
71
248
191
189
187
28
52
59
71
321
190
172
188
29
34
36
60
238
199
193
62
29
34
58
60
239
194
192
196
29
53
58
60
324
193
200
197
29
34
41
65
240
177
196
65
29
34
58
65
242
197
195
193
29
53
58
65
327
196
178
194
29
36
44
68
159
201
199
68
29
36
60
68
160
200
198
192
29
53
60
68
330
199
203
194
29
40
44
68
252
198
202
71
29
40
64
68
253
203
201
174
29
53
64
68
333
202
200
175
30
39
40
64
253
180
205
74
30
39
63
64
254
206
204
208
30
54
63
64
336
205
181
209
30
39
42
66
256
211
208
77
30
39
63
66
257
209
207
205
30
54
63
66
339
208
212
206
30
42
47
71
258
183
211
80
30
42
66
71
260
212
210
207
30
54
66
71
342
211
184
209
31
33
37
61
226
220
214
83
31
33
57
61
227
215
213
217
31
55
57
61
345
214
221
218
31
33
42
66
229
219
217
86
31
33
57
66
230
218
216
214
31
55
57
66
348
217
221
215
31
37
42
66
250
216
220
89
31
37
61
66
251
221
219
213
31
55
61
66
351
220
218
215
32
43
44
68
165
153
223
92
32
43
67
68
166
224
222
150
32
56
67
68
354
223
154
151
33
37
44
68
249
232
226
95
33
37
61
68
251
227
225
213
33
57
61
68
357
226
233
214
33
42
46
70
259
234
229
98
33
42
66
70
260
230
228
216
33
57
66
70
360
229
236
217
33
44
45
69
262
235
232
101
33
44
68
69
263
233
231
225
33
57
68
69
363
232
236
227
33
45
46
70
261
228
235
104
33
45
69
70
262
236
234
231
33
57
69
70
366
235
230
233
34
36
46
70
162
243
238
107
34
36
60
70
163
239
237
192
34
58
60
70
369
238
245
193
34
38
41
65
138
195
241
110
34
38
62
65
139
242
240
244
34
58
62
65
372
241
196
245
34
38
46
70
141
237
244
113
34
38
62
70
142
245
243
241
34
58
62
70
375
244
239
242
35
46
47
71
258
189
247
116
35
46
70
71
259
248
246
186
35
59
70
71
378
247
190
187
37
42
44
68
255
225
250
119
37
42
66
68
256
251
249
219
37
61
66
68
381
250
226
220
39
40
44
68
201
255
253
122
39
40
64
68
202
254
252
204
39
63
64
68
384
253
257
205
39
42
44
68
249
252
256
125
39
42
66
68
250
257
255
207
39
63
66
68
387
256
254
208
42
46
47
71
246
210
259
128
42
46
70
71
247
260
258
228
42
66
70
71
390
259
211
229
44
45
46
70
234
156
262
131
44
45
69
70
235
263
261
231
44
68
69
70
393
262
157
232
48
51
65
89
309
270
265
134
48
51
75
89
311
266
264
268
48
72
75
89
396
265
272
269
48
51
70
94
300
273
268
137
48
51
75
94
302
269
267
265
48
72
75
94
399
268
275
266
48
62
65
89
372
264
271
140
48
62
86
89
373
272
270
274
48
72
86
89
402
271
266
275
48
62
70
94
375
267
274
143
48
62
86
94
376
275
273
271
48
72
86
94
405
274
269
272
49
50
67
91
298
282
277
146
49
50
74
91
299
278
276
280
49
73
74
91
408
277
284
281
49
50
70
94
294
288
280
149
49
50
74
94
296
281
279
277
49
73
74
94
411
280
290
278
49
56
67
91
355
276
283
152
49
56
80
91
356
284
282
286
49
73
80
91
414
283
278
287
49
56
68
92
354
289
286
155
49
56
80
92
356
287
285
283
49
73
80
92
417
286
290
284
49
68
70
94
393
279
289
158
49
68
92
94
395
290
288
285
49
73
92
94
420
289
281
287
50
60
68
92
330
297
292
161
50
60
84
92
331
293
291
295
50
74
84
92
423
292
299
296
50
60
70
94
369
279
295
164
50
60
84
94
370
296
294
292
50
74
84
94
426
295
280
293
50
67
68
92
354
291
298
167
50
67
91
92
355
299
297
276
50
74
91
92
429
298
293
277
51
52
70
94
318
267
301
170
51
52
76
94
320
302
300
304
51
75
76
94
432
301
268
305
51
52
71
95
321
315
304
173
51
52
76
95
323
305
303
301
51
75
76
95
435
304
317
302
51
53
64
88
334
312
307
176
51
53
77
88
335
308
306
310
51
75
77
88
438
307
314
311
51
53
65
89
327
264
310
179
51
53
77
89
329
311
309
307
51
75
77
89
441
310
265
308
51
54
64
88
336
306
313
182
51
54
78
88
338
314
312
316
51
75
78
88
444
313
308
317
51
54
71
95
342
303
316
185
51
54
78
95
344
317
315
313
51
75
78
95
447
316
305
314
52
59
70
94
379
300
319
188
52
59
83
94
380
320
318
322
52
76
83
94
450
319
301
323
52
59
71
95
378
303
322
191
52
59
83
95
380
323
321
319
52
76
83
95
453
322
304
320
53
58
60
84
370
331
325
194
53
58
82
84
371
326
324
328
53
77
82
84
456
325
332
329
53
58
65
89
372
309
328
197
53
58
82
89
374
329
327
325
53
77
82
89
459
328
310
326
53
60
68
92
291
333
331
200
53
60
84
92
292
332
330
324
53
77
84
92
462
331
335
326
53
64
68
92
384
330
334
203
53
64
88
92
385
335
333
306
53
77
88
92
465
334
332
307
54
63
64
88
385
312
337
206
54
63
87
88
386
338
336
340
54
78
87
88
468
337
313
341
54
63
66
90
388
343
340
209
54
63
87
90
389
341
339
337
54
78
87
90
471
340
344
338
54
66
71
95
390
315
343
212
54
66
90
95
392
344
342
339
54
78
90
95
474
343
316
341
55
57
61
85
358
352
346
215
55
57
81
85
359
347
345
349
55
79
81
85
477
346
353
350
55
57
66
90
361
351
349
218
55
57
81
90
362
350
348
346
55
79
81
90
480
349
353
347
55
61
66
90
382
348
352
221
55
61
85
90
383
353
351
345
55
79
85
90
483
352
350
347
56
67
68
92
297
285
355
224
56
67
91
92
298
356
354
282
56
80
91
92
486
355
286
283
57
61
68
92
381
364
358
227
57
61
85
92
383
359
357
345
57
81
85
92
489
358
365
346
57
66
70
94
391
366
361
230
57
66
90
94
392
362
360
348
57
81
90
94
492
361
368
349
57
68
69
93
394
367
364
233
57
68
92
93
395
365
363
357
57
81
92
93
495
364
368
359
57
69
70
94
393
360
367
236
57
69
93
94
394
368
366
363
57
81
93
94
498
367
362
365
58
60
70
94
294
375
370
239
58
60
84
94
295
371
369
324
58
82
84
94
501
370
377
325
58
62
65
89
270
327
373
242
58
62
86
89
271
374
372
376
58
82
86
89
504
373
328
377
58
62
70
94
273
369
376
245
58
62
86
94
274
377
375
373
58
82
86
94
507
376
371
374
59
70
71
95
390
321
379
248
59
70
94
95
391
380
378
318
59
83
94
95
510
379
322
319
61
66
68
92
387
357
382
251
61
66
90
92
388
383
381
351
61
85
90
92
513
382
358
352
63
64
68
92
333
387
385
254
63
64
88
92
334
386
384
336
63
87
88
92
516
385
389
337
63
66
68
92
381
384
388
257
63
66
90
92
382
389
387
339
63
87
90
92
519
388
386
340
66
70
71
95
378
342
391
260
66
70
94
95
379
392
390
360
66
90
94
95
522
391
343
361
68
69
70
94
366
288
394
263
68
69
93
94
367
395
393
363
68
92
93
94
525
394
289
364
72
75
89
17
441
402
397
266
72
75
3
17
443
398
396
400
72
0
3
17
0
397
404
401
72
75
94
22
432
405
400
269
72
75
3
22
434
401
399
397
72
0
3
22
3
400
407
398
72
86
89
17
504
396
403
272
72
86
14
17
505
404
402
406
72
0
14
17
6
403
398
407
72
86
94
22
507
399
406
275
72
86
14
22
508
407
405
403
72
0
14
22
9
406
401
404
73
74
91
19
430
414
409
278
73
74
2
19
431
410
408
412
73
1
2
19
12
409
416
413
73
74
94
22
426
420
412
281
73
74
2
22
428
413
411
409
73
1
2
22
15
412
422
410
73
80
91
19
487
408
415
284
73
80
8
19
488
416
414
418
73
1
8
19
18
415
410
419
73
80
92
20
486
421
418
287
73
80
8
20
488
419
417
415
73
1
8
20
21
418
422
416
73
92
94
22
525
411
421
290
73
92
20
22
527
422
420
417
73
1
20
22
24
421
413
419
74
84
92
20
462
429
424
293
74
84
12
20
463
425
423
427
74
2
12
20
27
424
431
428
74
84
94
22
501
411
427
296
74
84
12
22
502
428
426
424
74
2
12
22
30
427
412
425
74
91
92
20
486
423
430
299
74
91
19
20
487
431
429
408
74
2
19
20
33
430
425
409
75
76
94
22
450
399
433
302
75
76
4
22
452
434
432
436
75
3
4
22
36
433
400
437
75
76
95
23
453
447
436
305
75
76
4
23
455
437
435
433
75
3
4
23
39
436
449
434
75
77
88
16
466
444
439
308
75
77
5
16
467
440
438
442
75
3
5
16
42
439
446
443
75
77
89
17
459
396
442
311
75
77
5
17
461
443
441
439
75
3
5
17
45
442
397
440
75
78
88
16
468
438
445
314
75
78
6
16
470
446
444
448
75
3
6
16
48
445
440
449
75
78
95
23
474
435
448
317
75
78
6
23
476
449
447
445
75
3
6
23
51
448
437
446
76
83
94
22
511
432
451
320
76
83
11
22
512
452
450
454
76
4
11
22
54
451
433
455
76
83
95
23
510
435
454
323
76
83
11
23
512
455
453
451
76
4
11
23
57
454
436
452
77
82
84
12
502
463
457
326
77
82
10
12
503
458
456
460
77
5
10
12
60
457
464
461
77
82
89
17
504
441
460
329
77
82
10
17
506
461
459
457
77
5
10
17
63
460
442
458
77
84
92
20
423
465
463
332
77
84
12
20
424
464
462
456
77
5
12
20
66
463
467
458
77
88
92
20
516
462
466
335
77
88
16
20
517
467
465
438
77
5
16
20
69
466
464
439
78
87
88
16
517
444
469
338
78
87
15
16
518
470
468
472
78
6
15
16
72
469
445
473
78
87
90
18
520
475
472
341
78
87
15
18
521
473
471
469
78
6
15
18
75
472
476
470
78
90
95
23
522
447
475
344
78
90
18
23
524
476
474
471
78
6
18
23
78
475
448
473
79
81
85
13
490
484
478
347
79
81
9
13
491
479
477
481
79
7
9
13
81
478
485
482
79
81
90
18
493
483
481
350
79
81
9
18
494
482
480
478
79
7
9
18
84
481
485
479
79
85
90
18
514
480
484
353
79
85
13
18
515
485
483
477
79
7
13
18
87
484
482
479
80
91
92
20
429
417
487
356
80
91
19
20
430
488
486
414
80
8
19
20
90
487
418
415
81
85
92
20
513
496
490
359
81
85
13
20
515
491
489
477
81
9
13
20
93
490
497
478
81
90
94
22
523
498
493
362
81
90
18
22
524
494
492
480
81
9
18
22
96
493
500
481
81
92
93
21
526
499
496
365
81
92
20
21
527
497
495
489
81
9
20
21
99
496
500
491
81
93
94
22
525
492
499
368
81
93
21
22
526
500
498
495
81
9
21
22
102
499
494
497
82
84
94
22
426
507
502
371
82
84
12
22
427
503
501
456
82
10
12
22
105
502
509
457
82
86
89
17
402
459
505
374
82
86
14
17
403
506
504
508
82
10
14
17
108
505
460
509
82
86
94
22
405
501
508
377
82
86
14
22
406
509
507
505
82
10
14
22
111
508
503
506
83
94
95
23
522
453
511
380
83
94
22
23
523
512
510
450
83
11
22
23
114
511
454
451
85
90
92
20
519
489
514
383
85
90
18
20
520
515
513
483
85
13
18
20
117
514
490
484
87
88
92
20
465
519
517
386
87
88
16
20
466
518
516
468
87
15
16
20
120
517
521
469
87
90
92
20
513
516
520
389
87
90
18
20
514
521
519
471
87
15
18
20
123
520
518
472
90
94
95
23
510
474
523
392
90
94
22
23
511
524
522
492
90
18
22
23
126
523
475
493
92
93
94
22
498
420
526
395
92
93
21
22
499
527
525
495
92
20
21
22
129
526
421
496
528
