1
96
0
0
0
0
0
0
0
0
0
0
0
0
0
0
0
0
0
0
0
0
0
0
0
0
1
1
1
1
1
1
1
1
1
1
1
1
1
1
1
1
1
1
1
1
1
1
1
1
2
2
2
2
2
2
2
2
2
2
2
2
2
2
2
2
2
2
2
2
2
2
2
2
3
3
3
3
3
3
3
3
3
3
3
3
3
3
3
3
3
3
3
3
3
3
3
3
96
528
0
6
9
33
75
7
1
398
0
6
30
33
77
2
0
4
0
24
30
33
132
1
8
5
0
6
22
46
30
24
4
401
0
6
30
46
31
5
3
1
0
24
30
46
135
4
26
2
0
9
11
35
78
9
7
404
0
9
33
35
79
8
6
0
0
24
33
35
138
7
11
2
0
10
11
35
91
6
10
407
0
10
34
35
92
11
9
13
0
24
34
35
141
10
8
14
0
10
14
38
94
15
13
410
0
10
34
38
95
14
12
10
0
24
34
38
144
13
17
11
0
13
14
38
112
12
16
413
0
13
37
38
113
17
15
19
0
24
37
38
147
16
14
20
0
13
21
45
114
21
19
416
0
13
37
45
116
20
18
16
0
24
37
45
150
19
23
17
0
16
21
45
87
18
22
419
0
16
40
45
88
23
21
25
0
24
40
45
153
22
20
26
0
16
22
46
33
3
25
422
0
16
40
46
34
26
24
22
0
24
40
46
156
25
5
23
1
6
16
40
69
34
28
425
1
6
30
40
70
29
27
31
1
25
30
40
159
28
35
32
1
6
22
46
3
33
31
428
1
6
30
46
4
32
30
28
1
25
30
46
162
31
35
29
1
16
22
46
24
30
34
431
1
16
40
46
25
35
33
27
1
25
40
46
165
34
32
29
2
11
16
40
106
43
37
434
2
11
35
40
107
38
36
40
2
26
35
40
168
37
44
41
2
11
19
43
81
42
40
437
2
11
35
43
82
41
39
37
2
26
35
43
171
40
44
38
2
16
19
43
84
39
43
440
2
16
40
43
85
44
42
36
2
26
40
43
174
43
41
38
3
4
8
32
55
52
46
443
3
4
28
32
56
47
45
49
3
27
28
32
177
46
53
50
3
4
16
40
64
51
49
446
3
4
28
40
65
50
48
46
3
27
28
40
180
49
53
47
3
8
16
40
88
48
52
449
3
8
32
40
89
53
51
45
3
27
32
40
183
52
50
47
4
8
21
45
87
60
55
452
4
8
32
45
89
56
54
45
4
28
32
45
186
55
62
46
4
11
17
41
105
63
58
455
4
11
35
41
107
59
57
61
4
28
35
41
189
58
65
62
4
11
21
45
102
54
61
458
4
11
35
45
104
62
60
58
4
28
35
45
192
61
56
59
4
16
17
41
105
57
64
461
4
16
40
41
106
65
63
48
4
28
40
41
195
64
59
49
5
6
7
31
76
73
67
464
5
6
30
31
77
68
66
70
5
29
30
31
198
67
74
71
5
6
16
40
27
72
70
467
5
6
30
40
28
71
69
67
5
29
30
40
201
70
74
68
5
7
16
40
85
69
73
470
5
7
31
40
86
74
72
66
5
29
31
40
204
73
71
68
6
7
9
33
79
0
76
473
6
7
31
33
80
77
75
66
6
30
31
33
207
76
1
67
7
9
11
35
6
82
79
476
7
9
33
35
7
80
78
75
7
31
33
35
210
79
83
76
7
11
19
43
39
84
82
479
7
11
35
43
40
83
81
78
7
31
35
43
213
82
86
80
7
16
19
43
42
81
85
482
7
16
40
43
43
86
84
72
7
31
40
43
216
85
83
73
8
16
21
45
21
54
88
485
8
16
40
45
22
89
87
51
8
32
40
45
219
88
55
52
10
11
20
44
99
96
91
488
10
11
35
44
101
92
90
9
10
34
35
44
222
91
98
10
10
14
18
42
121
97
94
491
10
14
38
42
122
95
93
12
10
34
38
42
225
94
98
13
10
18
20
44
130
90
97
494
10
18
42
44
131
98
96
93
10
34
42
44
228
97
92
95
11
12
20
44
109
90
100
497
11
12
36
44
110
101
99
103
11
35
36
44
231
100
91
104
11
12
21
45
108
60
103
500
11
12
36
45
110
104
102
100
11
35
36
45
234
103
61
101
11
16
17
41
63
57
106
503
11
16
40
41
64
107
105
36
11
35
40
41
237
106
58
37
12
20
21
45
123
102
109
506
12
20
44
45
124
110
108
99
12
36
44
45
240
109
103
100
13
14
15
39
118
115
112
509
13
14
38
39
119
113
111
15
13
37
38
39
243
112
116
16
13
15
21
45
123
18
115
512
13
15
39
45
125
116
114
111
13
37
39
45
246
115
19
113
14
15
23
47
126
120
118
515
14
15
39
47
128
119
117
111
14
38
39
47
249
118
122
112
14
18
23
47
129
117
121
518
14
18
42
47
131
122
120
93
14
38
42
47
252
121
119
94
15
20
21
45
108
114
124
521
15
20
44
45
109
125
123
127
15
39
44
45
255
124
115
128
15
20
23
47
129
117
127
524
15
20
44
47
130
128
126
124
15
39
44
47
258
127
118
125
18
20
23
47
126
120
130
527
18
20
44
47
127
131
129
96
18
42
44
47
261
130
121
97
24
30
33
57
207
139
133
2
24
30
54
57
209
134
132
136
24
48
54
57
264
133
140
137
24
30
46
70
162
156
136
5
24
30
54
70
163
137
135
133
24
48
54
70
267
136
158
134
24
33
35
59
210
141
139
8
24
33
57
59
211
140
138
132
24
48
57
59
270
139
143
134
24
34
35
59
223
138
142
11
24
34
58
59
224
143
141
145
24
48
58
59
273
142
140
146
24
34
38
62
226
147
145
14
24
34
58
62
227
146
144
142
24
48
58
62
276
145
149
143
24
37
38
62
244
144
148
17
24
37
61
62
245
149
147
151
24
48
61
62
279
148
146
152
24
37
45
69
246
153
151
20
24
37
61
69
248
152
150
148
24
48
61
69
282
151
155
149
24
40
45
69
219
150
154
23
24
40
64
69
220
155
153
157
24
48
64
69
285
154
152
158
24
40
46
70
165
135
157
26
24
40
64
70
166
158
156
154
24
48
64
70
288
157
137
155
25
30
40
64
201
166
160
29
25
30
54
64
202
161
159
163
25
49
54
64
291
160
167
164
25
30
46
70
135
165
163
32
25
30
54
70
136
164
162
160
25
49
54
70
294
163
167
161
25
40
46
70
156
162
166
35
25
40
64
70
157
167
165
159
25
49
64
70
297
166
164
161
26
35
40
64
238
175
169
38
26
35
59
64
239
170
168
172
26
50
59
64
300
169
176
173
26
35
43
67
213
174
172
41
26
35
59
67
214
173
171
169
26
50
59
67
303
172
176
170
26
40
43
67
216
171
175
44
26
40
64
67
217
176
174
168
26
50
64
67
306
175
173
170
27
28
32
56
187
184
178
47
27
28
52
56
188
179
177
181
27
51
52
56
309
178
185
182
27
28
40
64
196
183
181
50
27
28
52
64
197
182
180
178
27
51
52
64
312
181
185
179
27
32
40
64
220
180
184
53
27
32
56
64
221
185
183
177
27
51
56
64
315
184
182
179
28
32
45
69
219
192
187
56
28
32
56
69
221
188
186
177
28
52
56
69
318
187
194
178
28
35
41
65
237
195
190
59
28
35
59
65
239
191
189
193
28
52
59
65
321
190
197
194
28
35
45
69
234
186
193
62
28
35
59
69
236
194
192
190
28
52
59
69
324
193
188
191
28
40
41
65
237
189
196
65
28
40
64
65
238
197
195
180
28
52
64
65
327
196
191
181
29
30
31
55
208
205
199
68
29
30
54
55
209
200
198
202
29
53
54
55
330
199
206
203
29
30
40
64
159
204
202
71
29
30
54
64
160
203
201
199
29
53
54
64
333
202
206
200
29
31
40
64
217
201
205
74
29
31
55
64
218
206
204
198
29
53
55
64
336
205
203
200
30
31
33
57
211
132
208
77
30
31
55
57
212
209
207
198
30
54
55
57
339
208
133
199
31
33
35
59
138
214
211
80
31
33
57
59
139
212
210
207
31
55
57
59
342
211
215
208
31
35
43
67
171
216
214
83
31
35
59
67
172
215
213
210
31
55
59
67
345
214
218
212
31
40
43
67
174
213
217
86
31
40
64
67
175
218
216
204
31
55
64
67
348
217
215
205
32
40
45
69
153
186
220
89
32
40
64
69
154
221
219
183
32
56
64
69
351
220
187
184
34
35
44
68
231
228
223
92
34
35
59
68
233
224
222
141
34
58
59
68
354
223
230
142
34
38
42
66
253
229
226
95
34
38
62
66
254
227
225
144
34
58
62
66
357
226
230
145
34
42
44
68
262
222
229
98
34
42
66
68
263
230
228
225
34
58
66
68
360
229
224
227
35
36
44
68
241
222
232
101
35
36
60
68
242
233
231
235
35
59
60
68
363
232
223
236
35
36
45
69
240
192
235
104
35
36
60
69
242
236
234
232
35
59
60
69
366
235
193
233
35
40
41
65
195
189
238
107
35
40
64
65
196
239
237
168
35
59
64
65
369
238
190
169
36
44
45
69
255
234
241
110
36
44
68
69
256
242
240
231
36
60
68
69
372
241
235
232
37
38
39
63
250
247
244
113
37
38
62
63
251
245
243
147
37
61
62
63
375
244
248
148
37
39
45
69
255
150
247
116
37
39
63
69
257
248
246
243
37
61
63
69
378
247
151
245
38
39
47
71
258
252
250
119
38
39
63
71
260
251
249
243
38
62
63
71
381
250
254
244
38
42
47
71
261
249
253
122
38
42
66
71
263
254
252
225
38
62
66
71
384
253
251
226
39
44
45
69
240
246
256
125
39
44
68
69
241
257
255
259
39
63
68
69
387
256
247
260
39
44
47
71
261
249
259
128
39
44
68
71
262
260
258
256
39
63
68
71
390
259
250
257
42
44
47
71
258
252
262
131
42
44
68
71
259
263
261
228
42
66
68
71
393
262
253
229
48
54
57
81
339
271
265
134
48
54
78
81
341
266
264
268
48
72
78
81
396
265
272
269
48
54
70
94
294
288
268
137
48
54
78
94
295
269
267
265
48
72
78
94
399
268
290
266
48
57
59
83
342
273
271
140
48
57
81
83
343
272
270
264
48
72
81
83
402
271
275
266
48
58
59
83
355
270
274
143
48
58
82
83
356
275
273
277
48
72
82
83
405
274
272
278
48
58
62
86
358
279
277
146
48
58
82
86
359
278
276
274
48
72
82
86
408
277
281
275
48
61
62
86
376
276
280
149
48
61
85
86
377
281
279
283
48
72
85
86
411
280
278
284
48
61
69
93
378
285
283
152
48
61
85
93
380
284
282
280
48
72
85
93
414
283
287
281
48
64
69
93
351
282
286
155
48
64
88
93
352
287
285
289
48
72
88
93
417
286
284
290
48
64
70
94
297
267
289
158
48
64
88
94
298
290
288
286
48
72
88
94
420
289
269
287
49
54
64
88
333
298
292
161
49
54
78
88
334
293
291
295
49
73
78
88
423
292
299
296
49
54
70
94
267
297
295
164
49
54
78
94
268
296
294
292
49
73
78
94
426
295
299
293
49
64
70
94
288
294
298
167
49
64
88
94
289
299
297
291
49
73
88
94
429
298
296
293
50
59
64
88
370
307
301
170
50
59
83
88
371
302
300
304
50
74
83
88
432
301
308
305
50
59
67
91
345
306
304
173
50
59
83
91
346
305
303
301
50
74
83
91
435
304
308
302
50
64
67
91
348
303
307
176
50
64
88
91
349
308
306
300
50
74
88
91
438
307
305
302
51
52
56
80
319
316
310
179
51
52
76
80
320
311
309
313
51
75
76
80
441
310
317
314
51
52
64
88
328
315
313
182
51
52
76
88
329
314
312
310
51
75
76
88
444
313
317
311
51
56
64
88
352
312
316
185
51
56
80
88
353
317
315
309
51
75
80
88
447
316
314
311
52
56
69
93
351
324
319
188
52
56
80
93
353
320
318
309
52
76
80
93
450
319
326
310
52
59
65
89
369
327
322
191
52
59
83
89
371
323
321
325
52
76
83
89
453
322
329
326
52
59
69
93
366
318
325
194
52
59
83
93
368
326
324
322
52
76
83
93
456
325
320
323
52
64
65
89
369
321
328
197
52
64
88
89
370
329
327
312
52
76
88
89
459
328
323
313
53
54
55
79
340
337
331
200
53
54
78
79
341
332
330
334
53
77
78
79
462
331
338
335
53
54
64
88
291
336
334
203
53
54
78
88
292
335
333
331
53
77
78
88
465
334
338
332
53
55
64
88
349
333
337
206
53
55
79
88
350
338
336
330
53
77
79
88
468
337
335
332
54
55
57
81
343
264
340
209
54
55
79
81
344
341
339
330
54
78
79
81
471
340
265
331
55
57
59
83
270
346
343
212
55
57
81
83
271
344
342
339
55
79
81
83
474
343
347
340
55
59
67
91
303
348
346
215
55
59
83
91
304
347
345
342
55
79
83
91
477
346
350
344
55
64
67
91
306
345
349
218
55
64
88
91
307
350
348
336
55
79
88
91
480
349
347
337
56
64
69
93
285
318
352
221
56
64
88
93
286
353
351
315
56
80
88
93
483
352
319
316
58
59
68
92
363
360
355
224
58
59
83
92
365
356
354
273
58
82
83
92
486
355
362
274
58
62
66
90
385
361
358
227
58
62
86
90
386
359
357
276
58
82
86
90
489
358
362
277
58
66
68
92
394
354
361
230
58
66
90
92
395
362
360
357
58
82
90
92
492
361
356
359
59
60
68
92
373
354
364
233
59
60
84
92
374
365
363
367
59
83
84
92
495
364
355
368
59
60
69
93
372
324
367
236
59
60
84
93
374
368
366
364
59
83
84
93
498
367
325
365
59
64
65
89
327
321
370
239
59
64
88
89
328
371
369
300
59
83
88
89
501
370
322
301
60
68
69
93
387
366
373
242
60
68
92
93
388
374
372
363
60
84
92
93
504
373
367
364
61
62
63
87
382
379
376
245
61
62
86
87
383
377
375
279
61
85
86
87
507
376
380
280
61
63
69
93
387
282
379
248
61
63
87
93
389
380
378
375
61
85
87
93
510
379
283
377
62
63
71
95
390
384
382
251
62
63
87
95
392
383
381
375
62
86
87
95
513
382
386
376
62
66
71
95
393
381
385
254
62
66
90
95
395
386
384
357
62
86
90
95
516
385
383
358
63
68
69
93
372
378
388
257
63
68
92
93
373
389
387
391
63
87
92
93
519
388
379
392
63
68
71
95
393
381
391
260
63
68
92
95
394
392
390
388
63
87
92
95
522
391
382
389
66
68
71
95
390
384
394
263
66
68
92
95
391
395
393
360
66
90
92
95
525
394
385
361
72
78
81
9
471
403
397
266
72
78
6
9
473
398
396
400
72
0
6
9
0
397
404
401
72
78
94
22
426
420
400
269
72
78
6
22
427
401
399
397
72
0
6
22
3
400
422
398
72
81
83
11
474
405
403
272
72
81
9
11
475
404
402
396
72
0
9
11
6
403
407
398
72
82
83
11
487
402
406
275
72
82
10
11
488
407
405
409
72
0
10
11
9
406
404
410
72
82
86
14
490
411
409
278
72
82
10
14
491
410
408
406
72
0
10
14
12
409
413
407
72
85
86
14
508
408
412
281
72
85
13
14
509
413
411
415
72
0
13
14
15
412
410
416
72
85
93
21
510
417
415
284
72
85
13
21
512
416
414
412
72
0
13
21
18
415
419
413
72
88
93
21
483
414
418
287
72
88
16
21
484
419
417
421
72
0
16
21
21
418
416
422
72
88
94
22
429
399
421
290
72
88
16
22
430
422
420
418
72
0
16
22
24
421
401
419
73
78
88
16
465
430
424
293
73
78
6
16
466
425
423
427
73
1
6
16
27
424
431
428
73
78
94
22
399
429
427
296
73
78
6
22
400
428
426
424
73
1
6
22
30
427
431
425
73
88
94
22
420
426
430
299
73
88
16
22
421
431
429
423
73
1
16
22
33
430
428
425
74
83
88
16
502
439
433
302
74
83
11
16
503
434
432
436
74
2
11
16
36
433
440
437
74
83
91
19
477
438
436
305
74
83
11
19
478
437
435
433
74
2
11
19
39
436
440
434
74
88
91
19
480
435
439
308
74
88
16
19
481
440
438
432
74
2
16
19
42
439
437
434
75
76
80
8
451
448
442
311
75
76
4
8
452
443
441
445
75
3
4
8
45
442
449
446
75
76
88
16
460
447
445
314
75
76
4
16
461
446
444
442
75
3
4
16
48
445
449
443
75
80
88
16
484
444
448
317
75
80
8
16
485
449
447
441
75
3
8
16
51
448
446
443
76
80
93
21
483
456
451
320
76
80
8
21
485
452
450
441
76
4
8
21
54
451
458
442
76
83
89
17
501
459
454
323
76
83
11
17
503
455
453
457
76
4
11
17
57
454
461
458
76
83
93
21
498
450
457
326
76
83
11
21
500
458
456
454
76
4
11
21
60
457
452
455
76
88
89
17
501
453
460
329
76
88
16
17
502
461
459
444
76
4
16
17
63
460
455
445
77
78
79
7
472
469
463
332
77
78
6
7
473
464
462
466
77
5
6
7
66
463
470
467
77
78
88
16
423
468
466
335
77
78
6
16
424
467
465
463
77
5
6
16
69
466
470
464
77
79
88
16
481
465
469
338
77
79
7
16
482
470
468
462
77
5
7
16
72
469
467
464
78
79
81
9
475
396
472
341
78
79
7
9
476
473
471
462
78
6
7
9
75
472
397
463
79
81
83
11
402
478
475
344
79
81
9
11
403
476
474
471
79
7
9
11
78
475
479
472
79
83
91
19
435
480
478
347
79
83
11
19
436
479
477
474
79
7
11
19
81
478
482
476
79
88
91
19
438
477
481
350
79
88
16
19
439
482
480
468
79
7
16
19
84
481
479
469
80
88
93
21
417
450
484
353
80
88
16
21
418
485
483
447
80
8
16
21
87
484
451
448
82
83
92
20
495
492
487
356
82
83
11
20
497
488
486
405
82
10
11
20
90
487
494
406
82
86
90
18
517
493
490
359
82
86
14
18
518
491
489
408
82
10
14
18
93
490
494
409
82
90
92
20
526
486
493
362
82
90
18
20
527
494
492
489
82
10
18
20
96
493
488
491
83
84
92
20
505
486
496
365
83
84
12
20
506
497
495
499
83
11
12
20
99
496
487
500
83
84
93
21
504
456
499
368
83
84
12
21
506
500
498
496
83
11
12
21
102
499
457
497
83
88
89
17
459
453
502
371
83
88
16
17
460
503
501
432
83
11
16
17
105
502
454
433
84
92
93
21
519
498
505
374
84
92
20
21
520
506
504
495
84
12
20
21
108
505
499
496
85
86
87
15
514
511
508
377
85
86
14
15
515
509
507
411
85
13
14
15
111
508
512
412
85
87
93
21
519
414
511
380
85
87
15
21
521
512
510
507
85
13
15
21
114
511
415
509
86
87
95
23
522
516
514
383
86
87
15
23
524
515
513
507
86
14
15
23
117
514
518
508
86
90
95
23
525
513
517
386
86
90
18
23
527
518
516
489
86
14
18
23
120
517
515
490
87
92
93
21
504
510
520
389
87
92
20
21
505
521
519
523
87
15
20
21
123
520
511
524
87
92
95
23
525
513
523
392
87
92
20
23
526
524
522
520
87
15
20
23
126
523
514
521
90
92
95
23
522
516
526
395
90
92
20
23
523
527
525
492
90
18
20
23
129
526
517
493
528
