1
96
0
0
0
0
0
0
0
0
0
0
0
0
0
0
0
0
0
0
0
0
0
0
0
0
1
1
1
1
1
1
1
1
1
1
1
1
1
1
1
1
1
1
1
1
1
1
1
1
2
2
2
2
2
2
2
2
2
2
2
2
2
2
2
2
2
2
2
2
2
2
2
2
3
3
3
3
3
3
3
3
3
3
3
3
3
3
3
3
3
3
3
3
3
3
3
3
96
528
0
1
4
28
15
6
1
398
0
1
25
28
17
2
0
4
0
24
25
28
132
1
8
5
0
1
16
40
33
13
4
401
0
1
25
40
35
5
3
1
0
24
25
40
135
4
14
2
0
2
4
28
15
0
7
404
0
2
26
28
16
8
6
10
0
24
26
28
138
7
2
11
0
2
18
42
18
12
10
407
0
2
26
42
19
11
9
7
0
24
26
42
141
10
14
8
0
16
18
42
130
9
13
410
0
16
40
42
131
14
12
3
0
24
40
42
144
13
11
5
1
2
4
28
6
0
16
413
1
2
26
28
7
17
15
19
1
25
26
28
147
16
1
20
1
2
18
42
9
37
19
416
1
2
26
42
10
20
18
16
1
25
26
42
150
19
38
17
1
3
5
29
40
28
22
419
1
3
27
29
41
23
21
25
1
25
27
29
153
22
29
26
1
3
23
47
45
36
25
422
1
3
27
47
47
26
24
22
1
25
27
47
156
25
38
23
1
5
6
30
49
31
28
425
1
5
29
30
50
29
27
21
1
25
29
30
159
28
32
23
1
6
9
33
76
34
31
428
1
6
30
33
77
32
30
27
1
25
30
33
162
31
35
29
1
9
16
40
106
3
34
431
1
9
33
40
107
35
33
30
1
25
33
40
165
34
4
32
1
18
23
47
129
24
37
434
1
18
42
47
130
38
36
18
1
25
42
47
168
37
26
20
3
5
16
40
64
42
40
437
3
5
29
40
65
41
39
21
3
27
29
40
171
40
44
22
3
12
16
40
118
39
43
440
3
12
36
40
119
44
42
46
3
27
36
40
174
43
41
47
3
12
23
47
117
24
46
443
3
12
36
47
119
47
45
43
3
27
36
47
177
46
25
44
5
6
22
46
72
57
49
446
5
6
30
46
74
50
48
27
5
29
30
46
180
49
59
28
5
8
10
34
94
58
52
449
5
8
32
34
95
53
51
55
5
29
32
34
183
52
59
56
5
8
13
37
97
61
55
452
5
8
32
37
98
56
54
52
5
29
32
37
186
55
62
53
5
10
22
46
90
48
58
455
5
10
34
46
91
59
57
51
5
29
34
46
189
58
50
53
5
13
19
43
102
67
61
458
5
13
37
43
103
62
60
54
5
29
37
43
192
61
68
56
5
16
20
44
105
66
64
461
5
16
40
44
106
65
63
39
5
29
40
44
195
64
68
40
5
19
20
44
108
63
67
464
5
19
43
44
109
68
66
60
5
29
43
44
198
67
65
62
6
7
11
35
87
78
70
467
6
7
31
35
89
71
69
73
6
30
31
35
201
70
80
74
6
7
22
46
90
48
73
470
6
7
31
46
92
74
72
70
6
30
31
46
204
73
49
71
6
9
13
37
103
85
76
473
6
9
33
37
104
77
75
30
6
30
33
37
207
76
86
31
6
10
11
35
87
69
79
476
6
10
34
35
88
80
78
82
6
30
34
35
210
79
71
83
6
10
15
39
115
84
82
479
6
10
34
39
116
83
81
79
6
30
34
39
213
82
86
80
6
13
15
39
121
81
85
482
6
13
37
39
122
86
84
75
6
30
37
39
216
85
83
77
7
10
11
35
78
69
88
485
7
10
34
35
79
89
87
91
7
31
34
35
219
88
70
92
7
10
22
46
57
72
91
488
7
10
34
46
58
92
90
88
7
31
34
46
222
91
73
89
8
10
14
38
112
100
94
491
8
10
34
38
113
95
93
51
8
32
34
38
225
94
101
52
8
13
21
45
123
99
97
494
8
13
37
45
125
98
96
54
8
32
37
45
228
97
101
55
8
14
21
45
126
96
100
497
8
14
38
45
128
101
99
93
8
32
38
45
231
100
98
95
9
13
19
43
60
109
103
500
9
13
37
43
61
104
102
75
9
33
37
43
234
103
110
76
9
16
20
44
63
108
106
503
9
16
40
44
64
107
105
33
9
33
40
44
237
106
110
34
9
19
20
44
66
105
109
506
9
19
43
44
67
110
108
102
9
33
43
44
240
109
107
104
10
14
17
41
127
114
112
509
10
14
38
41
128
113
111
93
10
34
38
41
243
112
116
94
10
15
17
41
120
111
115
512
10
15
39
41
121
116
114
81
10
34
39
41
246
115
113
82
12
16
23
47
129
45
118
515
12
16
40
47
131
119
117
42
12
36
40
47
249
118
46
43
13
15
17
41
114
124
121
518
13
15
39
41
115
122
120
84
13
37
39
41
252
121
125
85
13
17
21
45
126
96
124
521
13
17
41
45
127
125
123
120
13
37
41
45
255
124
97
122
14
17
21
45
123
99
127
524
14
17
41
45
124
128
126
111
14
38
41
45
258
127
100
112
16
18
23
47
36
117
130
527
16
18
42
47
37
131
129
12
16
40
42
47
261
130
118
13
24
25
28
52
147
138
133
2
24
25
49
52
149
134
132
136
24
48
49
52
264
133
140
137
24
25
40
64
165
145
136
5
24
25
49
64
167
137
135
133
24
48
49
64
267
136
146
134
24
26
28
52
147
132
139
8
24
26
50
52
148
140
138
142
24
48
50
52
270
139
134
143
24
26
42
66
150
144
142
11
24
26
50
66
151
143
141
139
24
48
50
66
273
142
146
140
24
40
42
66
262
141
145
14
24
40
64
66
263
146
144
135
24
48
64
66
276
145
143
137
25
26
28
52
138
132
148
17
25
26
50
52
139
149
147
151
25
49
50
52
279
148
133
152
25
26
42
66
141
169
151
20
25
26
50
66
142
152
150
148
25
49
50
66
282
151
170
149
25
27
29
53
172
160
154
23
25
27
51
53
173
155
153
157
25
49
51
53
285
154
161
158
25
27
47
71
177
168
157
26
25
27
51
71
179
158
156
154
25
49
51
71
288
157
170
155
25
29
30
54
181
163
160
29
25
29
53
54
182
161
159
153
25
49
53
54
291
160
164
155
25
30
33
57
208
166
163
32
25
30
54
57
209
164
162
159
25
49
54
57
294
163
167
161
25
33
40
64
238
135
166
35
25
33
57
64
239
167
165
162
25
49
57
64
297
166
136
164
25
42
47
71
261
156
169
38
25
42
66
71
262
170
168
150
25
49
66
71
300
169
158
152
27
29
40
64
196
174
172
41
27
29
53
64
197
173
171
153
27
51
53
64
303
172
176
154
27
36
40
64
250
171
175
44
27
36
60
64
251
176
174
178
27
51
60
64
306
175
173
179
27
36
47
71
249
156
178
47
27
36
60
71
251
179
177
175
27
51
60
71
309
178
157
176
29
30
46
70
204
189
181
50
29
30
54
70
206
182
180
159
29
53
54
70
312
181
191
160
29
32
34
58
226
190
184
53
29
32
56
58
227
185
183
187
29
53
56
58
315
184
191
188
29
32
37
61
229
193
187
56
29
32
56
61
230
188
186
184
29
53
56
61
318
187
194
185
29
34
46
70
222
180
190
59
29
34
58
70
223
191
189
183
29
53
58
70
321
190
182
185
29
37
43
67
234
199
193
62
29
37
61
67
235
194
192
186
29
53
61
67
324
193
200
188
29
40
44
68
237
198
196
65
29
40
64
68
238
197
195
171
29
53
64
68
327
196
200
172
29
43
44
68
240
195
199
68
29
43
67
68
241
200
198
192
29
53
67
68
330
199
197
194
30
31
35
59
219
210
202
71
30
31
55
59
221
203
201
205
30
54
55
59
333
202
212
206
30
31
46
70
222
180
205
74
30
31
55
70
224
206
204
202
30
54
55
70
336
205
181
203
30
33
37
61
235
217
208
77
30
33
57
61
236
209
207
162
30
54
57
61
339
208
218
163
30
34
35
59
219
201
211
80
30
34
58
59
220
212
210
214
30
54
58
59
342
211
203
215
30
34
39
63
247
216
214
83
30
34
58
63
248
215
213
211
30
54
58
63
345
214
218
212
30
37
39
63
253
213
217
86
30
37
61
63
254
218
216
207
30
54
61
63
348
217
215
209
31
34
35
59
210
201
220
89
31
34
58
59
211
221
219
223
31
55
58
59
351
220
202
224
31
34
46
70
189
204
223
92
31
34
58
70
190
224
222
220
31
55
58
70
354
223
205
221
32
34
38
62
244
232
226
95
32
34
58
62
245
227
225
183
32
56
58
62
357
226
233
184
32
37
45
69
255
231
229
98
32
37
61
69
257
230
228
186
32
56
61
69
360
229
233
187
32
38
45
69
258
228
232
101
32
38
62
69
260
233
231
225
32
56
62
69
363
232
230
227
33
37
43
67
192
241
235
104
33
37
61
67
193
236
234
207
33
57
61
67
366
235
242
208
33
40
44
68
195
240
238
107
33
40
64
68
196
239
237
165
33
57
64
68
369
238
242
166
33
43
44
68
198
237
241
110
33
43
67
68
199
242
240
234
33
57
67
68
372
241
239
236
34
38
41
65
259
246
244
113
34
38
62
65
260
245
243
225
34
58
62
65
375
244
248
226
34
39
41
65
252
243
247
116
34
39
63
65
253
248
246
213
34
58
63
65
378
247
245
214
36
40
47
71
261
177
250
119
36
40
64
71
263
251
249
174
36
60
64
71
381
250
178
175
37
39
41
65
246
256
253
122
37
39
63
65
247
254
252
216
37
61
63
65
384
253
257
217
37
41
45
69
258
228
256
125
37
41
65
69
259
257
255
252
37
61
65
69
387
256
229
254
38
41
45
69
255
231
259
128
38
41
65
69
256
260
258
243
38
62
65
69
390
259
232
244
40
42
47
71
168
249
262
131
40
42
66
71
169
263
261
144
40
64
66
71
393
262
250
145
48
49
52
76
279
270
265
134
48
49
73
76
281
266
264
268
48
72
73
76
396
265
272
269
48
49
64
88
297
277
268
137
48
49
73
88
299
269
267
265
48
72
73
88
399
268
278
266
48
50
52
76
279
264
271
140
48
50
74
76
280
272
270
274
48
72
74
76
402
271
266
275
48
50
66
90
282
276
274
143
48
50
74
90
283
275
273
271
48
72
74
90
405
274
278
272
48
64
66
90
394
273
277
146
48
64
88
90
395
278
276
267
48
72
88
90
408
277
275
269
49
50
52
76
270
264
280
149
49
50
74
76
271
281
279
283
49
73
74
76
411
280
265
284
49
50
66
90
273
301
283
152
49
50
74
90
274
284
282
280
49
73
74
90
414
283
302
281
49
51
53
77
304
292
286
155
49
51
75
77
305
287
285
289
49
73
75
77
417
286
293
290
49
51
71
95
309
300
289
158
49
51
75
95
311
290
288
286
49
73
75
95
420
289
302
287
49
53
54
78
313
295
292
161
49
53
77
78
314
293
291
285
49
73
77
78
423
292
296
287
49
54
57
81
340
298
295
164
49
54
78
81
341
296
294
291
49
73
78
81
426
295
299
293
49
57
64
88
370
267
298
167
49
57
81
88
371
299
297
294
49
73
81
88
429
298
268
296
49
66
71
95
393
288
301
170
49
66
90
95
394
302
300
282
49
73
90
95
432
301
290
284
51
53
64
88
328
306
304
173
51
53
77
88
329
305
303
285
51
75
77
88
435
304
308
286
51
60
64
88
382
303
307
176
51
60
84
88
383
308
306
310
51
75
84
88
438
307
305
311
51
60
71
95
381
288
310
179
51
60
84
95
383
311
309
307
51
75
84
95
441
310
289
308
53
54
70
94
336
321
313
182
53
54
78
94
338
314
312
291
53
77
78
94
444
313
323
292
53
56
58
82
358
322
316
185
53
56
80
82
359
317
315
319
53
77
80
82
447
316
323
320
53
56
61
85
361
325
319
188
53
56
80
85
362
320
318
316
53
77
80
85
450
319
326
317
53
58
70
94
354
312
322
191
53
58
82
94
355
323
321
315
53
77
82
94
453
322
314
317
53
61
67
91
366
331
325
194
53
61
85
91
367
326
324
318
53
77
85
91
456
325
332
320
53
64
68
92
369
330
328
197
53
64
88
92
370
329
327
303
53
77
88
92
459
328
332
304
53
67
68
92
372
327
331
200
53
67
91
92
373
332
330
324
53
77
91
92
462
331
329
326
54
55
59
83
351
342
334
203
54
55
79
83
353
335
333
337
54
78
79
83
465
334
344
338
54
55
70
94
354
312
337
206
54
55
79
94
356
338
336
334
54
78
79
94
468
337
313
335
54
57
61
85
367
349
340
209
54
57
81
85
368
341
339
294
54
78
81
85
471
340
350
295
54
58
59
83
351
333
343
212
54
58
82
83
352
344
342
346
54
78
82
83
474
343
335
347
54
58
63
87
379
348
346
215
54
58
82
87
380
347
345
343
54
78
82
87
477
346
350
344
54
61
63
87
385
345
349
218
54
61
85
87
386
350
348
339
54
78
85
87
480
349
347
341
55
58
59
83
342
333
352
221
55
58
82
83
343
353
351
355
55
79
82
83
483
352
334
356
55
58
70
94
321
336
355
224
55
58
82
94
322
356
354
352
55
79
82
94
486
355
337
353
56
58
62
86
376
364
358
227
56
58
82
86
377
359
357
315
56
80
82
86
489
358
365
316
56
61
69
93
387
363
361
230
56
61
85
93
389
362
360
318
56
80
85
93
492
361
365
319
56
62
69
93
390
360
364
233
56
62
86
93
392
365
363
357
56
80
86
93
495
364
362
359
57
61
67
91
324
373
367
236
57
61
85
91
325
368
366
339
57
81
85
91
498
367
374
340
57
64
68
92
327
372
370
239
57
64
88
92
328
371
369
297
57
81
88
92
501
370
374
298
57
67
68
92
330
369
373
242
57
67
91
92
331
374
372
366
57
81
91
92
504
373
371
368
58
62
65
89
391
378
376
245
58
62
86
89
392
377
375
357
58
82
86
89
507
376
380
358
58
63
65
89
384
375
379
248
58
63
87
89
385
380
378
345
58
82
87
89
510
379
377
346
60
64
71
95
393
309
382
251
60
64
88
95
395
383
381
306
60
84
88
95
513
382
310
307
61
63
65
89
378
388
385
254
61
63
87
89
379
386
384
348
61
85
87
89
516
385
389
349
61
65
69
93
390
360
388
257
61
65
89
93
391
389
387
384
61
85
89
93
519
388
361
386
62
65
69
93
387
363
391
260
62
65
89
93
388
392
390
375
62
86
89
93
522
391
364
376
64
66
71
95
300
381
394
263
64
66
90
95
301
395
393
276
64
88
90
95
525
394
382
277
72
73
76
4
411
402
397
266
72
73
1
4
413
398
396
400
72
0
1
4
0
397
404
401
72
73
88
16
429
409
400
269
72
73
1
16
431
401
399
397
72
0
1
16
3
400
410
398
72
74
76
4
411
396
403
272
72
74
2
4
412
404
402
406
72
0
2
4
6
403
398
407
72
74
90
18
414
408
406
275
72
74
2
18
415
407
405
403
72
0
2
18
9
406
410
404
72
88
90
18
526
405
409
278
72
88
16
18
527
410
408
399
72
0
16
18
12
409
407
401
73
74
76
4
402
396
412
281
73
74
2
4
403
413
411
415
73
1
2
4
15
412
397
416
73
74
90
18
405
433
415
284
73
74
2
18
406
416
414
412
73
1
2
18
18
415
434
413
73
75
77
5
436
424
418
287
73
75
3
5
437
419
417
421
73
1
3
5
21
418
425
422
73
75
95
23
441
432
421
290
73
75
3
23
443
422
420
418
73
1
3
23
24
421
434
419
73
77
78
6
445
427
424
293
73
77
5
6
446
425
423
417
73
1
5
6
27
424
428
419
73
78
81
9
472
430
427
296
73
78
6
9
473
428
426
423
73
1
6
9
30
427
431
425
73
81
88
16
502
399
430
299
73
81
9
16
503
431
429
426
73
1
9
16
33
430
400
428
73
90
95
23
525
420
433
302
73
90
18
23
526
434
432
414
73
1
18
23
36
433
422
416
75
77
88
16
460
438
436
305
75
77
5
16
461
437
435
417
75
3
5
16
39
436
440
418
75
84
88
16
514
435
439
308
75
84
12
16
515
440
438
442
75
3
12
16
42
439
437
443
75
84
95
23
513
420
442
311
75
84
12
23
515
443
441
439
75
3
12
23
45
442
421
440
77
78
94
22
468
453
445
314
77
78
6
22
470
446
444
423
77
5
6
22
48
445
455
424
77
80
82
10
490
454
448
317
77
80
8
10
491
449
447
451
77
5
8
10
51
448
455
452
77
80
85
13
493
457
451
320
77
80
8
13
494
452
450
448
77
5
8
13
54
451
458
449
77
82
94
22
486
444
454
323
77
82
10
22
487
455
453
447
77
5
10
22
57
454
446
449
77
85
91
19
498
463
457
326
77
85
13
19
499
458
456
450
77
5
13
19
60
457
464
452
77
88
92
20
501
462
460
329
77
88
16
20
502
461
459
435
77
5
16
20
63
460
464
436
77
91
92
20
504
459
463
332
77
91
19
20
505
464
462
456
77
5
19
20
66
463
461
458
78
79
83
11
483
474
466
335
78
79
7
11
485
467
465
469
78
6
7
11
69
466
476
470
78
79
94
22
486
444
469
338
78
79
7
22
488
470
468
466
78
6
7
22
72
469
445
467
78
81
85
13
499
481
472
341
78
81
9
13
500
473
471
426
78
6
9
13
75
472
482
427
78
82
83
11
483
465
475
344
78
82
10
11
484
476
474
478
78
6
10
11
78
475
467
479
78
82
87
15
511
480
478
347
78
82
10
15
512
479
477
475
78
6
10
15
81
478
482
476
78
85
87
15
517
477
481
350
78
85
13
15
518
482
480
471
78
6
13
15
84
481
479
473
79
82
83
11
474
465
484
353
79
82
10
11
475
485
483
487
79
7
10
11
87
484
466
488
79
82
94
22
453
468
487
356
79
82
10
22
454
488
486
484
79
7
10
22
90
487
469
485
80
82
86
14
508
496
490
359
80
82
10
14
509
491
489
447
80
8
10
14
93
490
497
448
80
85
93
21
519
495
493
362
80
85
13
21
521
494
492
450
80
8
13
21
96
493
497
451
80
86
93
21
522
492
496
365
80
86
14
21
524
497
495
489
80
8
14
21
99
496
494
491
81
85
91
19
456
505
499
368
81
85
13
19
457
500
498
471
81
9
13
19
102
499
506
472
81
88
92
20
459
504
502
371
81
88
16
20
460
503
501
429
81
9
16
20
105
502
506
430
81
91
92
20
462
501
505
374
81
91
19
20
463
506
504
498
81
9
19
20
108
505
503
500
82
86
89
17
523
510
508
377
82
86
14
17
524
509
507
489
82
10
14
17
111
508
512
490
82
87
89
17
516
507
511
380
82
87
15
17
517
512
510
477
82
10
15
17
114
511
509
478
84
88
95
23
525
441
514
383
84
88
16
23
527
515
513
438
84
12
16
23
117
514
442
439
85
87
89
17
510
520
517
386
85
87
15
17
511
518
516
480
85
13
15
17
120
517
521
481
85
89
93
21
522
492
520
389
85
89
17
21
523
521
519
516
85
13
17
21
123
520
493
518
86
89
93
21
519
495
523
392
86
89
17
21
520
524
522
507
86
14
17
21
126
523
496
508
88
90
95
23
432
513
526
395
88
90
18
23
433
527
525
408
88
16
18
23
129
526
514
409
528
