1
96
0
0
0
0
0
0
0
0
0
0
0
0
0
0
0
0
0
0
0
0
0
0
0
0
1
1
1
1
1
1
1
1
1
1
1
1
1
1
1
1
1
1
1
1
1
1
1
1
2
2
2
2
2
2
2
2
2
2
2
2
2
2
2
2
2
2
2
2
2
2
2
2
3
3
3
3
3
3
3
3
3
3
3
3
3
3
3
3
3
3
3
3
3
3
3
3
96
528
0
4
20
44
75
15
1
398
0
4
28
44
77
2
0
4
0
24
28
44
132
1
17
5
0
4
21
45
69
9
4
401
0
4
28
45
71
5
3
1
0
24
28
45
135
4
11
2
0
7
16
40
33
12
7
404
0
7
31
40
34
8
6
10
0
24
31
40
138
7
14
11
0
7
21
45
84
3
10
407
0
7
31
45
86
11
9
7
0
24
31
45
141
10
5
8
0
15
16
40
130
6
13
410
0
15
39
40
131
14
12
16
0
24
39
40
144
13
8
17
0
15
20
44
102
0
16
413
0
15
39
44
103
17
15
13
0
24
39
44
147
16
2
14
1
5
14
38
51
25
19
416
1
5
29
38
52
20
18
22
1
25
29
38
150
19
26
23
1
5
17
41
78
24
22
419
1
5
29
41
80
23
21
19
1
25
29
41
153
22
26
20
1
14
17
41
120
21
25
422
1
14
38
41
121
26
24
18
1
25
38
41
156
25
23
20
2
3
16
40
63
33
28
425
2
3
27
40
65
29
27
31
2
26
27
40
159
28
35
32
2
3
22
46
60
45
31
428
2
3
27
46
62
32
30
28
2
26
27
46
162
31
47
29
2
7
16
40
6
27
34
431
2
7
31
40
7
35
33
37
2
26
31
40
165
34
29
38
2
7
23
47
87
42
37
434
2
7
31
47
89
38
36
34
2
26
31
47
168
37
44
35
2
13
17
41
123
46
40
437
2
13
37
41
124
41
39
43
2
26
37
41
171
40
47
44
2
13
23
47
126
36
43
440
2
13
37
47
127
44
42
40
2
26
37
47
174
43
38
41
2
17
22
46
96
30
46
443
2
17
41
46
97
47
45
39
2
26
41
46
177
46
32
41
3
5
9
33
79
64
49
446
3
5
29
33
80
50
48
52
3
27
29
33
180
49
65
53
3
5
14
38
18
57
52
449
3
5
29
38
19
53
51
49
3
27
29
38
183
52
59
50
3
6
8
32
82
61
55
452
3
6
30
32
83
56
54
58
3
27
30
32
186
55
62
59
3
6
14
38
81
51
58
455
3
6
30
38
83
59
57
55
3
27
30
38
189
58
53
56
3
8
22
46
96
30
61
458
3
8
32
46
98
62
60
54
3
27
32
46
192
61
31
56
3
9
16
40
106
27
64
461
3
9
33
40
107
65
63
48
3
27
33
40
195
64
28
50
4
10
17
41
114
73
67
464
4
10
34
41
116
68
66
70
4
28
34
41
198
67
74
71
4
10
21
45
84
3
70
467
4
10
34
45
85
71
69
67
4
28
34
45
201
70
4
68
4
17
19
43
108
76
73
470
4
17
41
43
109
74
72
66
4
28
41
43
204
73
77
68
4
19
20
44
111
0
76
473
4
19
43
44
112
77
75
72
4
28
43
44
207
76
1
74
5
9
17
41
109
21
79
476
5
9
33
41
110
80
78
48
5
29
33
41
210
79
22
49
6
8
14
38
90
57
82
479
6
8
32
38
92
83
81
54
6
30
32
38
213
82
58
55
7
10
21
45
69
9
85
482
7
10
34
45
70
86
84
88
7
31
34
45
216
85
10
89
7
10
23
47
117
36
88
485
7
10
34
47
119
89
87
85
7
31
34
47
219
88
37
86
8
11
14
38
121
81
91
488
8
11
35
38
122
92
90
94
8
32
35
38
222
91
82
95
8
11
17
41
120
97
94
491
8
11
35
41
122
95
93
91
8
32
35
41
225
94
98
92
8
17
22
46
45
60
97
494
8
17
41
46
46
98
96
93
8
32
41
46
228
97
61
95
9
15
18
42
129
105
100
497
9
15
39
42
131
101
99
103
9
33
39
42
231
100
107
104
9
15
20
44
15
111
103
500
9
15
39
44
16
104
102
100
9
33
39
44
234
103
113
101
9
16
18
42
129
99
106
503
9
16
40
42
130
107
105
63
9
33
40
42
237
106
101
64
9
17
19
43
72
112
109
506
9
17
41
43
73
110
108
78
9
33
41
43
240
109
113
79
9
19
20
44
75
102
112
509
9
19
43
44
76
113
111
108
9
33
43
44
243
112
104
110
10
12
17
41
123
66
115
512
10
12
36
41
125
116
114
118
10
34
36
41
246
115
67
119
10
12
23
47
126
87
118
515
10
12
36
47
128
119
117
115
10
34
36
47
249
118
88
116
11
14
17
41
24
93
121
518
11
14
38
41
25
122
120
90
11
35
38
41
252
121
94
91
12
13
17
41
39
114
124
521
12
13
37
41
40
125
123
127
12
36
37
41
255
124
115
128
12
13
23
47
42
117
127
524
12
13
37
47
43
128
126
124
12
36
37
47
258
127
118
125
15
16
18
42
105
99
130
527
15
16
40
42
106
131
129
12
15
39
40
42
261
130
100
13
24
28
44
68
207
147
133
2
24
28
52
68
209
134
132
136
24
48
52
68
264
133
149
137
24
28
45
69
201
141
136
5
24
28
52
69
203
137
135
133
24
48
52
69
267
136
143
134
24
31
40
64
165
144
139
8
24
31
55
64
166
140
138
142
24
48
55
64
270
139
146
143
24
31
45
69
216
135
142
11
24
31
55
69
218
143
141
139
24
48
55
69
273
142
137
140
24
39
40
64
262
138
145
14
24
39
63
64
263
146
144
148
24
48
63
64
276
145
140
149
24
39
44
68
234
132
148
17
24
39
63
68
235
149
147
145
24
48
63
68
279
148
134
146
25
29
38
62
183
157
151
20
25
29
53
62
184
152
150
154
25
49
53
62
282
151
158
155
25
29
41
65
210
156
154
23
25
29
53
65
212
155
153
151
25
49
53
65
285
154
158
152
25
38
41
65
252
153
157
26
25
38
62
65
253
158
156
150
25
49
62
65
288
157
155
152
26
27
40
64
195
165
160
29
26
27
51
64
197
161
159
163
26
50
51
64
291
160
167
164
26
27
46
70
192
177
163
32
26
27
51
70
194
164
162
160
26
50
51
70
294
163
179
161
26
31
40
64
138
159
166
35
26
31
55
64
139
167
165
169
26
50
55
64
297
166
161
170
26
31
47
71
219
174
169
38
26
31
55
71
221
170
168
166
26
50
55
71
300
169
176
167
26
37
41
65
255
178
172
41
26
37
61
65
256
173
171
175
26
50
61
65
303
172
179
176
26
37
47
71
258
168
175
44
26
37
61
71
259
176
174
172
26
50
61
71
306
175
170
173
26
41
46
70
228
162
178
47
26
41
65
70
229
179
177
171
26
50
65
70
309
178
164
173
27
29
33
57
211
196
181
50
27
29
53
57
212
182
180
184
27
51
53
57
312
181
197
185
27
29
38
62
150
189
184
53
27
29
53
62
151
185
183
181
27
51
53
62
315
184
191
182
27
30
32
56
214
193
187
56
27
30
54
56
215
188
186
190
27
51
54
56
318
187
194
191
27
30
38
62
213
183
190
59
27
30
54
62
215
191
189
187
27
51
54
62
321
190
185
188
27
32
46
70
228
162
193
62
27
32
56
70
230
194
192
186
27
51
56
70
324
193
163
188
27
33
40
64
238
159
196
65
27
33
57
64
239
197
195
180
27
51
57
64
327
196
160
182
28
34
41
65
246
205
199
68
28
34
58
65
248
200
198
202
28
52
58
65
330
199
206
203
28
34
45
69
216
135
202
71
28
34
58
69
217
203
201
199
28
52
58
69
333
202
136
200
28
41
43
67
240
208
205
74
28
41
65
67
241
206
204
198
28
52
65
67
336
205
209
200
28
43
44
68
243
132
208
77
28
43
67
68
244
209
207
204
28
52
67
68
339
208
133
206
29
33
41
65
241
153
211
80
29
33
57
65
242
212
210
180
29
53
57
65
342
211
154
181
30
32
38
62
222
189
214
83
30
32
56
62
224
215
213
186
30
54
56
62
345
214
190
187
31
34
45
69
201
141
217
86
31
34
58
69
202
218
216
220
31
55
58
69
348
217
142
221
31
34
47
71
249
168
220
89
31
34
58
71
251
221
219
217
31
55
58
71
351
220
169
218
32
35
38
62
253
213
223
92
32
35
59
62
254
224
222
226
32
56
59
62
354
223
214
227
32
35
41
65
252
229
226
95
32
35
59
65
254
227
225
223
32
56
59
65
357
226
230
224
32
41
46
70
177
192
229
98
32
41
65
70
178
230
228
225
32
56
65
70
360
229
193
227
33
39
42
66
261
237
232
101
33
39
63
66
263
233
231
235
33
57
63
66
363
232
239
236
33
39
44
68
147
243
235
104
33
39
63
68
148
236
234
232
33
57
63
68
366
235
245
233
33
40
42
66
261
231
238
107
33
40
64
66
262
239
237
195
33
57
64
66
369
238
233
196
33
41
43
67
204
244
241
110
33
41
65
67
205
242
240
210
33
57
65
67
372
241
245
211
33
43
44
68
207
234
244
113
33
43
67
68
208
245
243
240
33
57
67
68
375
244
236
242
34
36
41
65
255
198
247
116
34
36
60
65
257
248
246
250
34
58
60
65
378
247
199
251
34
36
47
71
258
219
250
119
34
36
60
71
260
251
249
247
34
58
60
71
381
250
220
248
35
38
41
65
156
225
253
122
35
38
62
65
157
254
252
222
35
59
62
65
384
253
226
223
36
37
41
65
171
246
256
125
36
37
61
65
172
257
255
259
36
60
61
65
387
256
247
260
36
37
47
71
174
249
259
128
36
37
61
71
175
260
258
256
36
60
61
71
390
259
250
257
39
40
42
66
237
231
262
131
39
40
64
66
238
263
261
144
39
63
64
66
393
262
232
145
48
52
68
92
339
279
265
134
48
52
76
92
341
266
264
268
48
72
76
92
396
265
281
269
48
52
69
93
333
273
268
137
48
52
76
93
335
269
267
265
48
72
76
93
399
268
275
266
48
55
64
88
297
276
271
140
48
55
79
88
298
272
270
274
48
72
79
88
402
271
278
275
48
55
69
93
348
267
274
143
48
55
79
93
350
275
273
271
48
72
79
93
405
274
269
272
48
63
64
88
394
270
277
146
48
63
87
88
395
278
276
280
48
72
87
88
408
277
272
281
48
63
68
92
366
264
280
149
48
63
87
92
367
281
279
277
48
72
87
92
411
280
266
278
49
53
62
86
315
289
283
152
49
53
77
86
316
284
282
286
49
73
77
86
414
283
290
287
49
53
65
89
342
288
286
155
49
53
77
89
344
287
285
283
49
73
77
89
417
286
290
284
49
62
65
89
384
285
289
158
49
62
86
89
385
290
288
282
49
73
86
89
420
289
287
284
50
51
64
88
327
297
292
161
50
51
75
88
329
293
291
295
50
74
75
88
423
292
299
296
50
51
70
94
324
309
295
164
50
51
75
94
326
296
294
292
50
74
75
94
426
295
311
293
50
55
64
88
270
291
298
167
50
55
79
88
271
299
297
301
50
74
79
88
429
298
293
302
50
55
71
95
351
306
301
170
50
55
79
95
353
302
300
298
50
74
79
95
432
301
308
299
50
61
65
89
387
310
304
173
50
61
85
89
388
305
303
307
50
74
85
89
435
304
311
308
50
61
71
95
390
300
307
176
50
61
85
95
391
308
306
304
50
74
85
95
438
307
302
305
50
65
70
94
360
294
310
179
50
65
89
94
361
311
309
303
50
74
89
94
441
310
296
305
51
53
57
81
343
328
313
182
51
53
77
81
344
314
312
316
51
75
77
81
444
313
329
317
51
53
62
86
282
321
316
185
51
53
77
86
283
317
315
313
51
75
77
86
447
316
323
314
51
54
56
80
346
325
319
188
51
54
78
80
347
320
318
322
51
75
78
80
450
319
326
323
51
54
62
86
345
315
322
191
51
54
78
86
347
323
321
319
51
75
78
86
453
322
317
320
51
56
70
94
360
294
325
194
51
56
80
94
362
326
324
318
51
75
80
94
456
325
295
320
51
57
64
88
370
291
328
197
51
57
81
88
371
329
327
312
51
75
81
88
459
328
292
314
52
58
65
89
378
337
331
200
52
58
82
89
380
332
330
334
52
76
82
89
462
331
338
335
52
58
69
93
348
267
334
203
52
58
82
93
349
335
333
331
52
76
82
93
465
334
268
332
52
65
67
91
372
340
337
206
52
65
89
91
373
338
336
330
52
76
89
91
468
337
341
332
52
67
68
92
375
264
340
209
52
67
91
92
376
341
339
336
52
76
91
92
471
340
265
338
53
57
65
89
373
285
343
212
53
57
81
89
374
344
342
312
53
77
81
89
474
343
286
313
54
56
62
86
354
321
346
215
54
56
80
86
356
347
345
318
54
78
80
86
477
346
322
319
55
58
69
93
333
273
349
218
55
58
82
93
334
350
348
352
55
79
82
93
480
349
274
353
55
58
71
95
381
300
352
221
55
58
82
95
383
353
351
349
55
79
82
95
483
352
301
350
56
59
62
86
385
345
355
224
56
59
83
86
386
356
354
358
56
80
83
86
486
355
346
359
56
59
65
89
384
361
358
227
56
59
83
89
386
359
357
355
56
80
83
89
489
358
362
356
56
65
70
94
309
324
361
230
56
65
89
94
310
362
360
357
56
80
89
94
492
361
325
359
57
63
66
90
393
369
364
233
57
63
87
90
395
365
363
367
57
81
87
90
495
364
371
368
57
63
68
92
279
375
367
236
57
63
87
92
280
368
366
364
57
81
87
92
498
367
377
365
57
64
66
90
393
363
370
239
57
64
88
90
394
371
369
327
57
81
88
90
501
370
365
328
57
65
67
91
336
376
373
242
57
65
89
91
337
374
372
342
57
81
89
91
504
373
377
343
57
67
68
92
339
366
376
245
57
67
91
92
340
377
375
372
57
81
91
92
507
376
368
374
58
60
65
89
387
330
379
248
58
60
84
89
389
380
378
382
58
82
84
89
510
379
331
383
58
60
71
95
390
351
382
251
58
60
84
95
392
383
381
379
58
82
84
95
513
382
352
380
59
62
65
89
288
357
385
254
59
62
86
89
289
386
384
354
59
83
86
89
516
385
358
355
60
61
65
89
303
378
388
257
60
61
85
89
304
389
387
391
60
84
85
89
519
388
379
392
60
61
71
95
306
381
391
260
60
61
85
95
307
392
390
388
60
84
85
95
522
391
382
389
63
64
66
90
369
363
394
263
63
64
88
90
370
395
393
276
63
87
88
90
525
394
364
277
72
76
92
20
471
411
397
266
72
76
4
20
473
398
396
400
72
0
4
20
0
397
413
401
72
76
93
21
465
405
400
269
72
76
4
21
467
401
399
397
72
0
4
21
3
400
407
398
72
79
88
16
429
408
403
272
72
79
7
16
430
404
402
406
72
0
7
16
6
403
410
407
72
79
93
21
480
399
406
275
72
79
7
21
482
407
405
403
72
0
7
21
9
406
401
404
72
87
88
16
526
402
409
278
72
87
15
16
527
410
408
412
72
0
15
16
12
409
404
413
72
87
92
20
498
396
412
281
72
87
15
20
499
413
411
409
72
0
15
20
15
412
398
410
73
77
86
14
447
421
415
284
73
77
5
14
448
416
414
418
73
1
5
14
18
415
422
419
73
77
89
17
474
420
418
287
73
77
5
17
476
419
417
415
73
1
5
17
21
418
422
416
73
86
89
17
516
417
421
290
73
86
14
17
517
422
420
414
73
1
14
17
24
421
419
416
74
75
88
16
459
429
424
293
74
75
3
16
461
425
423
427
74
2
3
16
27
424
431
428
74
75
94
22
456
441
427
296
74
75
3
22
458
428
426
424
74
2
3
22
30
427
443
425
74
79
88
16
402
423
430
299
74
79
7
16
403
431
429
433
74
2
7
16
33
430
425
434
74
79
95
23
483
438
433
302
74
79
7
23
485
434
432
430
74
2
7
23
36
433
440
431
74
85
89
17
519
442
436
305
74
85
13
17
520
437
435
439
74
2
13
17
39
436
443
440
74
85
95
23
522
432
439
308
74
85
13
23
523
440
438
436
74
2
13
23
42
439
434
437
74
89
94
22
492
426
442
311
74
89
17
22
493
443
441
435
74
2
17
22
45
442
428
437
75
77
81
9
475
460
445
314
75
77
5
9
476
446
444
448
75
3
5
9
48
445
461
449
75
77
86
14
414
453
448
317
75
77
5
14
415
449
447
445
75
3
5
14
51
448
455
446
75
78
80
8
478
457
451
320
75
78
6
8
479
452
450
454
75
3
6
8
54
451
458
455
75
78
86
14
477
447
454
323
75
78
6
14
479
455
453
451
75
3
6
14
57
454
449
452
75
80
94
22
492
426
457
326
75
80
8
22
494
458
456
450
75
3
8
22
60
457
427
452
75
81
88
16
502
423
460
329
75
81
9
16
503
461
459
444
75
3
9
16
63
460
424
446
76
82
89
17
510
469
463
332
76
82
10
17
512
464
462
466
76
4
10
17
66
463
470
467
76
82
93
21
480
399
466
335
76
82
10
21
481
467
465
463
76
4
10
21
69
466
400
464
76
89
91
19
504
472
469
338
76
89
17
19
505
470
468
462
76
4
17
19
72
469
473
464
76
91
92
20
507
396
472
341
76
91
19
20
508
473
471
468
76
4
19
20
75
472
397
470
77
81
89
17
505
417
475
344
77
81
9
17
506
476
474
444
77
5
9
17
78
475
418
445
78
80
86
14
486
453
478
347
78
80
8
14
488
479
477
450
78
6
8
14
81
478
454
451
79
82
93
21
465
405
481
350
79
82
10
21
466
482
480
484
79
7
10
21
84
481
406
485
79
82
95
23
513
432
484
353
79
82
10
23
515
485
483
481
79
7
10
23
87
484
433
482
80
83
86
14
517
477
487
356
80
83
11
14
518
488
486
490
80
8
11
14
90
487
478
491
80
83
89
17
516
493
490
359
80
83
11
17
518
491
489
487
80
8
11
17
93
490
494
488
80
89
94
22
441
456
493
362
80
89
17
22
442
494
492
489
80
8
17
22
96
493
457
491
81
87
90
18
525
501
496
365
81
87
15
18
527
497
495
499
81
9
15
18
99
496
503
500
81
87
92
20
411
507
499
368
81
87
15
20
412
500
498
496
81
9
15
20
102
499
509
497
81
88
90
18
525
495
502
371
81
88
16
18
526
503
501
459
81
9
16
18
105
502
497
460
81
89
91
19
468
508
505
374
81
89
17
19
469
506
504
474
81
9
17
19
108
505
509
475
81
91
92
20
471
498
508
377
81
91
19
20
472
509
507
504
81
9
19
20
111
508
500
506
82
84
89
17
519
462
511
380
82
84
12
17
521
512
510
514
82
10
12
17
114
511
463
515
82
84
95
23
522
483
514
383
82
84
12
23
524
515
513
511
82
10
12
23
117
514
484
512
83
86
89
17
420
489
517
386
83
86
14
17
421
518
516
486
83
11
14
17
120
517
490
487
84
85
89
17
435
510
520
389
84
85
13
17
436
521
519
523
84
12
13
17
123
520
511
524
84
85
95
23
438
513
523
392
84
85
13
23
439
524
522
520
84
12
13
23
126
523
514
521
87
88
90
18
501
495
526
395
87
88
16
18
502
527
525
408
87
15
16
18
129
526
496
409
528
