1
96
0
0
0
0
0
0
0
0
0
0
0
0
0
0
0
0
0
0
0
0
0
0
0
0
1
1
1
1
1
1
1
1
1
1
1
1
1
1
1
1
1
1
1
1
1
1
1
1
2
2
2
2
2
2
2
2
2
2
2
2
2
2
2
2
2
2
2
2
2
2
2
2
3
3
3
3
3
3
3
3
3
3
3
3
3
3
3
3
3
3
3
3
3
3
3
3
96
528
0
2
8
32
37
13
1
398
0
2
26
32
38
2
0
4
0
24
26
32
132
1
14
5
0
2
14
38
39
6
4
401
0
2
26
38
41
5
3
1
0
24
26
38
135
4
8
2
0
7
14
38
79
3
7
404
0
7
31
38
80
8
6
10
0
24
31
38
138
7
5
11
0
7
17
41
78
15
10
407
0
7
31
41
80
11
9
7
0
24
31
41
141
10
17
8
0
8
15
39
88
16
13
410
0
8
32
39
89
14
12
0
0
24
32
39
144
13
17
2
0
15
17
41
87
9
16
413
0
15
39
41
88
17
15
12
0
24
39
41
147
16
11
14
1
2
5
29
34
25
19
416
1
2
26
29
35
20
18
22
1
25
26
29
150
19
26
23
1
2
18
42
42
31
22
419
1
2
26
42
44
23
21
19
1
25
26
42
153
22
32
20
1
5
8
32
70
28
25
422
1
5
29
32
71
26
24
18
1
25
29
32
156
25
29
20
1
8
22
46
84
30
28
425
1
8
32
46
86
29
27
24
1
25
32
46
159
28
32
26
1
18
22
46
130
27
31
428
1
18
42
46
131
32
30
21
1
25
42
46
162
31
29
23
2
5
20
44
69
36
34
431
2
5
29
44
71
35
33
18
2
26
29
44
165
34
38
19
2
8
20
44
69
33
37
434
2
8
32
44
70
38
36
0
2
26
32
44
168
37
35
1
2
13
14
38
111
3
40
437
2
13
37
38
112
41
39
43
2
26
37
38
171
40
4
44
2
13
18
42
121
21
43
440
2
13
37
42
122
44
42
40
2
26
37
42
174
43
22
41
3
6
10
34
73
52
46
443
3
6
30
34
74
47
45
49
3
27
30
34
177
46
53
50
3
6
21
45
75
57
49
446
3
6
30
45
77
50
48
46
3
27
30
45
180
49
59
47
3
10
11
35
109
55
52
449
3
10
34
35
110
53
51
45
3
27
34
35
183
52
56
47
3
11
19
43
114
58
55
452
3
11
35
43
116
56
54
51
3
27
35
43
186
55
59
53
3
19
21
45
126
48
58
455
3
19
43
45
127
59
57
54
3
27
43
45
189
58
50
56
4
9
13
37
90
67
61
458
4
9
33
37
92
62
60
64
4
28
33
37
192
61
68
65
4
9
23
47
99
66
64
461
4
9
33
47
101
65
63
61
4
28
33
47
195
64
68
62
4
13
23
47
120
63
67
464
4
13
37
47
122
68
66
60
4
28
37
47
198
67
65
62
5
8
20
44
36
33
70
467
5
8
32
44
37
71
69
24
5
29
32
44
201
70
34
25
6
10
14
38
108
76
73
470
6
10
34
38
110
74
72
45
6
30
34
38
204
73
77
46
6
14
21
45
123
48
76
473
6
14
38
45
125
77
75
72
6
30
38
45
207
76
49
74
7
14
17
41
81
9
79
476
7
14
38
41
82
80
78
6
7
31
38
41
210
79
10
7
8
14
17
41
78
87
82
479
8
14
38
41
79
83
81
85
8
32
38
41
213
82
89
86
8
14
22
46
105
27
85
482
8
14
38
46
106
86
84
82
8
32
38
46
216
85
28
83
8
15
17
41
15
81
88
485
8
15
39
41
16
89
87
12
8
32
39
41
219
88
83
13
9
11
13
37
112
60
91
488
9
11
35
37
113
92
90
94
9
33
35
37
222
91
61
95
9
11
16
40
115
102
94
491
9
11
35
40
116
95
93
91
9
33
35
40
225
94
104
92
9
12
22
46
118
105
97
494
9
12
36
46
119
98
96
100
9
33
36
46
228
97
107
101
9
12
23
47
117
63
100
497
9
12
36
47
119
101
99
97
9
33
36
47
231
100
64
98
9
14
16
40
124
93
103
500
9
14
38
40
125
104
102
106
9
33
38
40
234
103
95
107
9
14
22
46
84
96
106
503
9
14
38
46
85
107
105
103
9
33
38
46
237
106
98
104
10
11
14
38
111
72
109
506
10
11
35
38
113
110
108
51
10
34
35
38
240
109
73
52
11
13
14
38
39
108
112
509
11
13
37
38
40
113
111
90
11
35
37
38
243
112
109
91
11
16
19
43
127
54
115
512
11
16
40
43
128
116
114
93
11
35
40
43
246
115
55
94
12
22
23
47
129
99
118
515
12
22
46
47
130
119
117
96
12
36
46
47
249
118
100
97
13
18
23
47
129
66
121
518
13
18
42
47
131
122
120
42
13
37
42
47
252
121
67
43
14
16
21
45
126
75
124
521
14
16
40
45
128
125
123
102
14
38
40
45
255
124
76
103
16
19
21
45
57
123
127
524
16
19
43
45
58
128
126
114
16
40
43
45
258
127
124
115
18
22
23
47
117
120
130
527
18
22
46
47
118
131
129
30
18
42
46
47
261
130
121
31
24
26
32
56
169
145
133
2
24
26
50
56
170
134
132
136
24
48
50
56
264
133
146
137
24
26
38
62
171
138
136
5
24
26
50
62
173
137
135
133
24
48
50
62
267
136
140
134
24
31
38
62
211
135
139
8
24
31
55
62
212
140
138
142
24
48
55
62
270
139
137
143
24
31
41
65
210
147
142
11
24
31
55
65
212
143
141
139
24
48
55
65
273
142
149
140
24
32
39
63
220
148
145
14
24
32
56
63
221
146
144
132
24
48
56
63
276
145
149
134
24
39
41
65
219
141
148
17
24
39
63
65
220
149
147
144
24
48
63
65
279
148
143
146
25
26
29
53
166
157
151
20
25
26
50
53
167
152
150
154
25
49
50
53
282
151
158
155
25
26
42
66
174
163
154
23
25
26
50
66
176
155
153
151
25
49
50
66
285
154
164
152
25
29
32
56
202
160
157
26
25
29
53
56
203
158
156
150
25
49
53
56
288
157
161
152
25
32
46
70
216
162
160
29
25
32
56
70
218
161
159
156
25
49
56
70
291
160
164
158
25
42
46
70
262
159
163
32
25
42
66
70
263
164
162
153
25
49
66
70
294
163
161
155
26
29
44
68
201
168
166
35
26
29
53
68
203
167
165
150
26
50
53
68
297
166
170
151
26
32
44
68
201
165
169
38
26
32
56
68
202
170
168
132
26
50
56
68
300
169
167
133
26
37
38
62
243
135
172
41
26
37
61
62
244
173
171
175
26
50
61
62
303
172
136
176
26
37
42
66
253
153
175
44
26
37
61
66
254
176
174
172
26
50
61
66
306
175
154
173
27
30
34
58
205
184
178
47
27
30
54
58
206
179
177
181
27
51
54
58
309
178
185
182
27
30
45
69
207
189
181
50
27
30
54
69
209
182
180
178
27
51
54
69
312
181
191
179
27
34
35
59
241
187
184
53
27
34
58
59
242
185
183
177
27
51
58
59
315
184
188
179
27
35
43
67
246
190
187
56
27
35
59
67
248
188
186
183
27
51
59
67
318
187
191
185
27
43
45
69
258
180
190
59
27
43
67
69
259
191
189
186
27
51
67
69
321
190
182
188
28
33
37
61
222
199
193
62
28
33
57
61
224
194
192
196
28
52
57
61
324
193
200
197
28
33
47
71
231
198
196
65
28
33
57
71
233
197
195
193
28
52
57
71
327
196
200
194
28
37
47
71
252
195
199
68
28
37
61
71
254
200
198
192
28
52
61
71
330
199
197
194
29
32
44
68
168
165
202
71
29
32
56
68
169
203
201
156
29
53
56
68
333
202
166
157
30
34
38
62
240
208
205
74
30
34
58
62
242
206
204
177
30
54
58
62
336
205
209
178
30
38
45
69
255
180
208
77
30
38
62
69
257
209
207
204
30
54
62
69
339
208
181
206
31
38
41
65
213
141
211
80
31
38
62
65
214
212
210
138
31
55
62
65
342
211
142
139
32
38
41
65
210
219
214
83
32
38
62
65
211
215
213
217
32
56
62
65
345
214
221
218
32
38
46
70
237
159
217
86
32
38
62
70
238
218
216
214
32
56
62
70
348
217
160
215
32
39
41
65
147
213
220
89
32
39
63
65
148
221
219
144
32
56
63
65
351
220
215
145
33
35
37
61
244
192
223
92
33
35
59
61
245
224
222
226
33
57
59
61
354
223
193
227
33
35
40
64
247
234
226
95
33
35
59
64
248
227
225
223
33
57
59
64
357
226
236
224
33
36
46
70
250
237
229
98
33
36
60
70
251
230
228
232
33
57
60
70
360
229
239
233
33
36
47
71
249
195
232
101
33
36
60
71
251
233
231
229
33
57
60
71
363
232
196
230
33
38
40
64
256
225
235
104
33
38
62
64
257
236
234
238
33
57
62
64
366
235
227
239
33
38
46
70
216
228
238
107
33
38
62
70
217
239
237
235
33
57
62
70
369
238
230
236
34
35
38
62
243
204
241
110
34
35
59
62
245
242
240
183
34
58
59
62
372
241
205
184
35
37
38
62
171
240
244
113
35
37
61
62
172
245
243
222
35
59
61
62
375
244
241
223
35
40
43
67
259
186
247
116
35
40
64
67
260
248
246
225
35
59
64
67
378
247
187
226
36
46
47
71
261
231
250
119
36
46
70
71
262
251
249
228
36
60
70
71
381
250
232
229
37
42
47
71
261
198
253
122
37
42
66
71
263
254
252
174
37
61
66
71
384
253
199
175
38
40
45
69
258
207
256
125
38
40
64
69
260
257
255
234
38
62
64
69
387
256
208
235
40
43
45
69
189
255
259
128
40
43
67
69
190
260
258
246
40
64
67
69
390
259
256
247
42
46
47
71
249
252
262
131
42
46
70
71
250
263
261
162
42
66
70
71
393
262
253
163
48
50
56
80
301
277
265
134
48
50
74
80
302
266
264
268
48
72
74
80
396
265
278
269
48
50
62
86
303
270
268
137
48
50
74
86
305
269
267
265
48
72
74
86
399
268
272
266
48
55
62
86
343
267
271
140
48
55
79
86
344
272
270
274
48
72
79
86
402
271
269
275
48
55
65
89
342
279
274
143
48
55
79
89
344
275
273
271
48
72
79
89
405
274
281
272
48
56
63
87
352
280
277
146
48
56
80
87
353
278
276
264
48
72
80
87
408
277
281
266
48
63
65
89
351
273
280
149
48
63
87
89
352
281
279
276
48
72
87
89
411
280
275
278
49
50
53
77
298
289
283
152
49
50
74
77
299
284
282
286
49
73
74
77
414
283
290
287
49
50
66
90
306
295
286
155
49
50
74
90
308
287
285
283
49
73
74
90
417
286
296
284
49
53
56
80
334
292
289
158
49
53
77
80
335
290
288
282
49
73
77
80
420
289
293
284
49
56
70
94
348
294
292
161
49
56
80
94
350
293
291
288
49
73
80
94
423
292
296
290
49
66
70
94
394
291
295
164
49
66
90
94
395
296
294
285
49
73
90
94
426
295
293
287
50
53
68
92
333
300
298
167
50
53
77
92
335
299
297
282
50
74
77
92
429
298
302
283
50
56
68
92
333
297
301
170
50
56
80
92
334
302
300
264
50
74
80
92
432
301
299
265
50
61
62
86
375
267
304
173
50
61
85
86
376
305
303
307
50
74
85
86
435
304
268
308
50
61
66
90
385
285
307
176
50
61
85
90
386
308
306
304
50
74
85
90
438
307
286
305
51
54
58
82
337
316
310
179
51
54
78
82
338
311
309
313
51
75
78
82
441
310
317
314
51
54
69
93
339
321
313
182
51
54
78
93
341
314
312
310
51
75
78
93
444
313
323
311
51
58
59
83
373
319
316
185
51
58
82
83
374
317
315
309
51
75
82
83
447
316
320
311
51
59
67
91
378
322
319
188
51
59
83
91
380
320
318
315
51
75
83
91
450
319
323
317
51
67
69
93
390
312
322
191
51
67
91
93
391
323
321
318
51
75
91
93
453
322
314
320
52
57
61
85
354
331
325
194
52
57
81
85
356
326
324
328
52
76
81
85
456
325
332
329
52
57
71
95
363
330
328
197
52
57
81
95
365
329
327
325
52
76
81
95
459
328
332
326
52
61
71
95
384
327
331
200
52
61
85
95
386
332
330
324
52
76
85
95
462
331
329
326
53
56
68
92
300
297
334
203
53
56
80
92
301
335
333
288
53
77
80
92
465
334
298
289
54
58
62
86
372
340
337
206
54
58
82
86
374
338
336
309
54
78
82
86
468
337
341
310
54
62
69
93
387
312
340
209
54
62
86
93
389
341
339
336
54
78
86
93
471
340
313
338
55
62
65
89
345
273
343
212
55
62
86
89
346
344
342
270
55
79
86
89
474
343
274
271
56
62
65
89
342
351
346
215
56
62
86
89
343
347
345
349
56
80
86
89
477
346
353
350
56
62
70
94
369
291
349
218
56
62
86
94
370
350
348
346
56
80
86
94
480
349
292
347
56
63
65
89
279
345
352
221
56
63
87
89
280
353
351
276
56
80
87
89
483
352
347
277
57
59
61
85
376
324
355
224
57
59
83
85
377
356
354
358
57
81
83
85
486
355
325
359
57
59
64
88
379
366
358
227
57
59
83
88
380
359
357
355
57
81
83
88
489
358
368
356
57
60
70
94
382
369
361
230
57
60
84
94
383
362
360
364
57
81
84
94
492
361
371
365
57
60
71
95
381
327
364
233
57
60
84
95
383
365
363
361
57
81
84
95
495
364
328
362
57
62
64
88
388
357
367
236
57
62
86
88
389
368
366
370
57
81
86
88
498
367
359
371
57
62
70
94
348
360
370
239
57
62
86
94
349
371
369
367
57
81
86
94
501
370
362
368
58
59
62
86
375
336
373
242
58
59
83
86
377
374
372
315
58
82
83
86
504
373
337
316
59
61
62
86
303
372
376
245
59
61
85
86
304
377
375
354
59
83
85
86
507
376
373
355
59
64
67
91
391
318
379
248
59
64
88
91
392
380
378
357
59
83
88
91
510
379
319
358
60
70
71
95
393
363
382
251
60
70
94
95
394
383
381
360
60
84
94
95
513
382
364
361
61
66
71
95
393
330
385
254
61
66
90
95
395
386
384
306
61
85
90
95
516
385
331
307
62
64
69
93
390
339
388
257
62
64
88
93
392
389
387
366
62
86
88
93
519
388
340
367
64
67
69
93
321
387
391
260
64
67
91
93
322
392
390
378
64
88
91
93
522
391
388
379
66
70
71
95
381
384
394
263
66
70
94
95
382
395
393
294
66
90
94
95
525
394
385
295
72
74
80
8
433
409
397
266
72
74
2
8
434
398
396
400
72
0
2
8
0
397
410
401
72
74
86
14
435
402
400
269
72
74
2
14
437
401
399
397
72
0
2
14
3
400
404
398
72
79
86
14
475
399
403
272
72
79
7
14
476
404
402
406
72
0
7
14
6
403
401
407
72
79
89
17
474
411
406
275
72
79
7
17
476
407
405
403
72
0
7
17
9
406
413
404
72
80
87
15
484
412
409
278
72
80
8
15
485
410
408
396
72
0
8
15
12
409
413
398
72
87
89
17
483
405
412
281
72
87
15
17
484
413
411
408
72
0
15
17
15
412
407
410
73
74
77
5
430
421
415
284
73
74
2
5
431
416
414
418
73
1
2
5
18
415
422
419
73
74
90
18
438
427
418
287
73
74
2
18
440
419
417
415
73
1
2
18
21
418
428
416
73
77
80
8
466
424
421
290
73
77
5
8
467
422
420
414
73
1
5
8
24
421
425
416
73
80
94
22
480
426
424
293
73
80
8
22
482
425
423
420
73
1
8
22
27
424
428
422
73
90
94
22
526
423
427
296
73
90
18
22
527
428
426
417
73
1
18
22
30
427
425
419
74
77
92
20
465
432
430
299
74
77
5
20
467
431
429
414
74
2
5
20
33
430
434
415
74
80
92
20
465
429
433
302
74
80
8
20
466
434
432
396
74
2
8
20
36
433
431
397
74
85
86
14
507
399
436
305
74
85
13
14
508
437
435
439
74
2
13
14
39
436
400
440
74
85
90
18
517
417
439
308
74
85
13
18
518
440
438
436
74
2
13
18
42
439
418
437
75
78
82
10
469
448
442
311
75
78
6
10
470
443
441
445
75
3
6
10
45
442
449
446
75
78
93
21
471
453
445
314
75
78
6
21
473
446
444
442
75
3
6
21
48
445
455
443
75
82
83
11
505
451
448
317
75
82
10
11
506
449
447
441
75
3
10
11
51
448
452
443
75
83
91
19
510
454
451
320
75
83
11
19
512
452
450
447
75
3
11
19
54
451
455
449
75
91
93
21
522
444
454
323
75
91
19
21
523
455
453
450
75
3
19
21
57
454
446
452
76
81
85
13
486
463
457
326
76
81
9
13
488
458
456
460
76
4
9
13
60
457
464
461
76
81
95
23
495
462
460
329
76
81
9
23
497
461
459
457
76
4
9
23
63
460
464
458
76
85
95
23
516
459
463
332
76
85
13
23
518
464
462
456
76
4
13
23
66
463
461
458
77
80
92
20
432
429
466
335
77
80
8
20
433
467
465
420
77
5
8
20
69
466
430
421
78
82
86
14
504
472
469
338
78
82
10
14
506
470
468
441
78
6
10
14
72
469
473
442
78
86
93
21
519
444
472
341
78
86
14
21
521
473
471
468
78
6
14
21
75
472
445
470
79
86
89
17
477
405
475
344
79
86
14
17
478
476
474
402
79
7
14
17
78
475
406
403
80
86
89
17
474
483
478
347
80
86
14
17
475
479
477
481
80
8
14
17
81
478
485
482
80
86
94
22
501
423
481
350
80
86
14
22
502
482
480
478
80
8
14
22
84
481
424
479
80
87
89
17
411
477
484
353
80
87
15
17
412
485
483
408
80
8
15
17
87
484
479
409
81
83
85
13
508
456
487
356
81
83
11
13
509
488
486
490
81
9
11
13
90
487
457
491
81
83
88
16
511
498
490
359
81
83
11
16
512
491
489
487
81
9
11
16
93
490
500
488
81
84
94
22
514
501
493
362
81
84
12
22
515
494
492
496
81
9
12
22
96
493
503
497
81
84
95
23
513
459
496
365
81
84
12
23
515
497
495
493
81
9
12
23
99
496
460
494
81
86
88
16
520
489
499
368
81
86
14
16
521
500
498
502
81
9
14
16
102
499
491
503
81
86
94
22
480
492
502
371
81
86
14
22
481
503
501
499
81
9
14
22
105
502
494
500
82
83
86
14
507
468
505
374
82
83
11
14
509
506
504
447
82
10
11
14
108
505
469
448
83
85
86
14
435
504
508
377
83
85
13
14
436
509
507
486
83
11
13
14
111
508
505
487
83
88
91
19
523
450
511
380
83
88
16
19
524
512
510
489
83
11
16
19
114
511
451
490
84
94
95
23
525
495
514
383
84
94
22
23
526
515
513
492
84
12
22
23
117
514
496
493
85
90
95
23
525
462
517
386
85
90
18
23
527
518
516
438
85
13
18
23
120
517
463
439
86
88
93
21
522
471
520
389
86
88
16
21
524
521
519
498
86
14
16
21
123
520
472
499
88
91
93
21
453
519
523
392
88
91
19
21
454
524
522
510
88
16
19
21
126
523
520
511
90
94
95
23
513
516
526
395
90
94
22
23
514
527
525
426
90
18
22
23
129
526
517
427
528
