1
96
0
0
0
0
0
0
0
0
0
0
0
0
0
0
0
0
0
0
0
0
0
0
0
0
1
1
1
1
1
1
1
1
1
1
1
1
1
1
1
1
1
1
1
1
1
1
1
1
2
2
2
2
2
2
2
2
2
2
2
2
2
2
2
2
2
2
2
2
2
2
2
2
3
3
3
3
3
3
3
3
3
3
3
3
3
3
3
3
3
3
3
3
3
3
3
3
96
528
0
2
4
28
34
7
1
398
0
2
26
28
35
2
0
4
0
24
26
28
132
1
8
5
0
2
23
47
39
9
4
401
0
2
26
47
41
5
3
1
0
24
26
47
135
4
11
2
0
4
5
29
52
10
7
404
0
4
28
29
53
8
6
0
0
24
28
29
138
7
11
2
0
5
23
47
75
3
10
407
0
5
29
47
77
11
9
6
0
24
29
47
141
10
5
8
1
3
7
31
43
18
13
410
1
3
27
31
44
14
12
16
1
25
27
31
144
13
20
17
1
3
20
44
45
24
16
413
1
3
27
44
47
17
15
13
1
25
27
44
147
16
26
14
1
4
7
31
61
12
19
416
1
4
28
31
62
20
18
22
1
25
28
31
150
19
14
23
1
4
21
45
70
31
22
419
1
4
28
45
71
23
21
19
1
25
28
45
153
22
32
20
1
9
20
44
111
15
25
422
1
9
33
44
113
26
24
28
1
25
33
44
156
25
17
29
1
9
22
46
63
30
28
425
1
9
33
46
64
29
27
25
1
25
33
46
159
28
32
26
1
21
22
46
69
27
31
428
1
21
45
46
70
32
30
21
1
25
45
46
162
31
29
23
2
4
16
40
57
36
34
431
2
4
28
40
59
35
33
0
2
26
28
40
165
34
38
1
2
6
16
40
57
33
37
434
2
6
30
40
58
38
36
40
2
26
30
40
168
37
35
41
2
6
23
47
81
3
40
437
2
6
30
47
83
41
39
37
2
26
30
47
171
40
4
38
3
7
23
47
75
48
43
440
3
7
31
47
76
44
42
12
3
27
31
47
174
43
50
13
3
17
20
44
130
15
46
443
3
17
41
44
131
47
45
49
3
27
41
44
177
46
16
50
3
17
23
47
129
42
49
446
3
17
41
47
131
50
48
46
3
27
41
47
180
49
44
47
4
5
11
35
72
66
52
449
4
5
29
35
74
53
51
6
4
28
29
35
183
52
68
7
4
6
9
33
79
64
55
452
4
6
30
33
80
56
54
58
4
28
30
33
186
55
65
59
4
6
16
40
36
33
58
455
4
6
30
40
37
59
57
55
4
28
30
40
189
58
34
56
4
7
10
34
91
67
61
458
4
7
31
34
92
62
60
18
4
28
31
34
192
61
68
19
4
9
22
46
27
69
64
461
4
9
33
46
28
65
63
54
4
28
33
46
195
64
71
56
4
10
11
35
115
51
67
464
4
10
34
35
116
68
66
60
4
28
34
35
198
67
53
62
4
21
22
46
30
63
70
467
4
21
45
46
31
71
69
21
4
28
45
46
201
70
65
22
5
7
11
35
84
51
73
470
5
7
31
35
86
74
72
76
5
29
31
35
204
73
52
77
5
7
23
47
42
9
76
473
5
7
31
47
43
77
75
73
5
29
31
47
207
76
10
74
6
9
12
36
109
82
79
476
6
9
33
36
110
80
78
54
6
30
33
36
210
79
83
55
6
12
23
47
117
39
82
479
6
12
36
47
119
83
81
78
6
30
36
47
213
82
40
80
7
8
11
35
97
72
85
482
7
8
32
35
98
86
84
88
7
31
32
35
216
85
73
89
7
8
18
42
106
93
88
485
7
8
32
42
107
89
87
85
7
31
32
42
219
88
95
86
7
10
15
39
114
94
91
488
7
10
34
39
116
92
90
60
7
31
34
39
222
91
95
61
7
15
18
42
120
87
94
491
7
15
39
42
121
95
93
90
7
31
39
42
225
94
89
92
8
11
15
39
114
99
97
494
8
11
35
39
115
98
96
84
8
32
35
39
228
97
101
85
8
13
15
39
121
96
100
497
8
13
37
39
122
101
99
103
8
32
37
39
231
100
98
104
8
13
19
43
123
105
103
500
8
13
37
43
125
104
102
100
8
32
37
43
234
103
107
101
8
18
19
43
123
102
106
503
8
18
42
43
124
107
105
87
8
32
42
43
237
106
104
88
9
12
14
38
118
112
109
506
9
12
36
38
119
110
108
78
9
33
36
38
240
109
113
79
9
14
20
44
127
24
112
509
9
14
38
44
128
113
111
108
9
33
38
44
243
112
25
110
10
11
15
39
96
90
115
512
10
11
35
39
97
116
114
66
10
34
35
39
246
115
91
67
12
14
23
47
126
81
118
515
12
14
38
47
128
119
117
108
12
36
38
47
249
118
82
109
13
15
18
42
93
124
121
518
13
15
39
42
94
122
120
99
13
37
39
42
252
121
125
100
13
18
19
43
105
102
124
521
13
18
42
43
106
125
123
120
13
37
42
43
255
124
103
122
14
20
23
47
129
117
127
524
14
20
44
47
130
128
126
111
14
38
44
47
258
127
118
112
17
20
23
47
126
48
130
527
17
20
44
47
127
131
129
45
17
41
44
47
261
130
49
46
24
26
28
52
166
139
133
2
24
26
50
52
167
134
132
136
24
48
50
52
264
133
140
137
24
26
47
71
171
141
136
5
24
26
50
71
173
137
135
133
24
48
50
71
267
136
143
134
24
28
29
53
184
142
139
8
24
28
52
53
185
140
138
132
24
48
52
53
270
139
143
134
24
29
47
71
207
135
142
11
24
29
53
71
209
143
141
138
24
48
53
71
273
142
137
140
25
27
31
55
175
150
145
14
25
27
51
55
176
146
144
148
25
49
51
55
276
145
152
149
25
27
44
68
177
156
148
17
25
27
51
68
179
149
147
145
25
49
51
68
279
148
158
146
25
28
31
55
193
144
151
20
25
28
52
55
194
152
150
154
25
49
52
55
282
151
146
155
25
28
45
69
202
163
154
23
25
28
52
69
203
155
153
151
25
49
52
69
285
154
164
152
25
33
44
68
243
147
157
26
25
33
57
68
245
158
156
160
25
49
57
68
288
157
149
161
25
33
46
70
195
162
160
29
25
33
57
70
196
161
159
157
25
49
57
70
291
160
164
158
25
45
46
70
201
159
163
32
25
45
69
70
202
164
162
153
25
49
69
70
294
163
161
155
26
28
40
64
189
168
166
35
26
28
52
64
191
167
165
132
26
50
52
64
297
166
170
133
26
30
40
64
189
165
169
38
26
30
54
64
190
170
168
172
26
50
54
64
300
169
167
173
26
30
47
71
213
135
172
41
26
30
54
71
215
173
171
169
26
50
54
71
303
172
136
170
27
31
47
71
207
180
175
44
27
31
55
71
208
176
174
144
27
51
55
71
306
175
182
145
27
41
44
68
262
147
178
47
27
41
65
68
263
179
177
181
27
51
65
68
309
178
148
182
27
41
47
71
261
174
181
50
27
41
65
71
263
182
180
178
27
51
65
71
312
181
176
179
28
29
35
59
204
198
184
53
28
29
53
59
206
185
183
138
28
52
53
59
315
184
200
139
28
30
33
57
211
196
187
56
28
30
54
57
212
188
186
190
28
52
54
57
318
187
197
191
28
30
40
64
168
165
190
59
28
30
54
64
169
191
189
187
28
52
54
64
321
190
166
188
28
31
34
58
223
199
193
62
28
31
55
58
224
194
192
150
28
52
55
58
324
193
200
151
28
33
46
70
159
201
196
65
28
33
57
70
160
197
195
186
28
52
57
70
327
196
203
188
28
34
35
59
247
183
199
68
28
34
58
59
248
200
198
192
28
52
58
59
330
199
185
194
28
45
46
70
162
195
202
71
28
45
69
70
163
203
201
153
28
52
69
70
333
202
197
154
29
31
35
59
216
183
205
74
29
31
55
59
218
206
204
208
29
53
55
59
336
205
184
209
29
31
47
71
174
141
208
77
29
31
55
71
175
209
207
205
29
53
55
71
339
208
142
206
30
33
36
60
241
214
211
80
30
33
57
60
242
212
210
186
30
54
57
60
342
211
215
187
30
36
47
71
249
171
214
83
30
36
60
71
251
215
213
210
30
54
60
71
345
214
172
212
31
32
35
59
229
204
217
86
31
32
56
59
230
218
216
220
31
55
56
59
348
217
205
221
31
32
42
66
238
225
220
89
31
32
56
66
239
221
219
217
31
55
56
66
351
220
227
218
31
34
39
63
246
226
223
92
31
34
58
63
248
224
222
192
31
55
58
63
354
223
227
193
31
39
42
66
252
219
226
95
31
39
63
66
253
227
225
222
31
55
63
66
357
226
221
224
32
35
39
63
246
231
229
98
32
35
59
63
247
230
228
216
32
56
59
63
360
229
233
217
32
37
39
63
253
228
232
101
32
37
61
63
254
233
231
235
32
56
61
63
363
232
230
236
32
37
43
67
255
237
235
104
32
37
61
67
257
236
234
232
32
56
61
67
366
235
239
233
32
42
43
67
255
234
238
107
32
42
66
67
256
239
237
219
32
56
66
67
369
238
236
220
33
36
38
62
250
244
241
110
33
36
60
62
251
242
240
210
33
57
60
62
372
241
245
211
33
38
44
68
259
156
244
113
33
38
62
68
260
245
243
240
33
57
62
68
375
244
157
242
34
35
39
63
228
222
247
116
34
35
59
63
229
248
246
198
34
58
59
63
378
247
223
199
36
38
47
71
258
213
250
119
36
38
62
71
260
251
249
240
36
60
62
71
381
250
214
241
37
39
42
66
225
256
253
122
37
39
63
66
226
254
252
231
37
61
63
66
384
253
257
232
37
42
43
67
237
234
256
125
37
42
66
67
238
257
255
252
37
61
66
67
387
256
235
254
38
44
47
71
261
249
259
128
38
44
68
71
262
260
258
243
38
62
68
71
390
259
250
244
41
44
47
71
258
180
262
131
41
44
68
71
259
263
261
177
41
65
68
71
393
262
181
178
48
50
52
76
298
271
265
134
48
50
74
76
299
266
264
268
48
72
74
76
396
265
272
269
48
50
71
95
303
273
268
137
48
50
74
95
305
269
267
265
48
72
74
95
399
268
275
266
48
52
53
77
316
274
271
140
48
52
76
77
317
272
270
264
48
72
76
77
402
271
275
266
48
53
71
95
339
267
274
143
48
53
77
95
341
275
273
270
48
72
77
95
405
274
269
272
49
51
55
79
307
282
277
146
49
51
75
79
308
278
276
280
49
73
75
79
408
277
284
281
49
51
68
92
309
288
280
149
49
51
75
92
311
281
279
277
49
73
75
92
411
280
290
278
49
52
55
79
325
276
283
152
49
52
76
79
326
284
282
286
49
73
76
79
414
283
278
287
49
52
69
93
334
295
286
155
49
52
76
93
335
287
285
283
49
73
76
93
417
286
296
284
49
57
68
92
375
279
289
158
49
57
81
92
377
290
288
292
49
73
81
92
420
289
281
293
49
57
70
94
327
294
292
161
49
57
81
94
328
293
291
289
49
73
81
94
423
292
296
290
49
69
70
94
333
291
295
164
49
69
93
94
334
296
294
285
49
73
93
94
426
295
293
287
50
52
64
88
321
300
298
167
50
52
76
88
323
299
297
264
50
74
76
88
429
298
302
265
50
54
64
88
321
297
301
170
50
54
78
88
322
302
300
304
50
74
78
88
432
301
299
305
50
54
71
95
345
267
304
173
50
54
78
95
347
305
303
301
50
74
78
95
435
304
268
302
51
55
71
95
339
312
307
176
51
55
79
95
340
308
306
276
51
75
79
95
438
307
314
277
51
65
68
92
394
279
310
179
51
65
89
92
395
311
309
313
51
75
89
92
441
310
280
314
51
65
71
95
393
306
313
182
51
65
89
95
395
314
312
310
51
75
89
95
444
313
308
311
52
53
59
83
336
330
316
185
52
53
77
83
338
317
315
270
52
76
77
83
447
316
332
271
52
54
57
81
343
328
319
188
52
54
78
81
344
320
318
322
52
76
78
81
450
319
329
323
52
54
64
88
300
297
322
191
52
54
78
88
301
323
321
319
52
76
78
88
453
322
298
320
52
55
58
82
355
331
325
194
52
55
79
82
356
326
324
282
52
76
79
82
456
325
332
283
52
57
70
94
291
333
328
197
52
57
81
94
292
329
327
318
52
76
81
94
459
328
335
320
52
58
59
83
379
315
331
200
52
58
82
83
380
332
330
324
52
76
82
83
462
331
317
326
52
69
70
94
294
327
334
203
52
69
93
94
295
335
333
285
52
76
93
94
465
334
329
286
53
55
59
83
348
315
337
206
53
55
79
83
350
338
336
340
53
77
79
83
468
337
316
341
53
55
71
95
306
273
340
209
53
55
79
95
307
341
339
337
53
77
79
95
471
340
274
338
54
57
60
84
373
346
343
212
54
57
81
84
374
344
342
318
54
78
81
84
474
343
347
319
54
60
71
95
381
303
346
215
54
60
84
95
383
347
345
342
54
78
84
95
477
346
304
344
55
56
59
83
361
336
349
218
55
56
80
83
362
350
348
352
55
79
80
83
480
349
337
353
55
56
66
90
370
357
352
221
55
56
80
90
371
353
351
349
55
79
80
90
483
352
359
350
55
58
63
87
378
358
355
224
55
58
82
87
380
356
354
324
55
79
82
87
486
355
359
325
55
63
66
90
384
351
358
227
55
63
87
90
385
359
357
354
55
79
87
90
489
358
353
356
56
59
63
87
378
363
361
230
56
59
83
87
379
362
360
348
56
80
83
87
492
361
365
349
56
61
63
87
385
360
364
233
56
61
85
87
386
365
363
367
56
80
85
87
495
364
362
368
56
61
67
91
387
369
367
236
56
61
85
91
389
368
366
364
56
80
85
91
498
367
371
365
56
66
67
91
387
366
370
239
56
66
90
91
388
371
369
351
56
80
90
91
501
370
368
352
57
60
62
86
382
376
373
242
57
60
84
86
383
374
372
342
57
81
84
86
504
373
377
343
57
62
68
92
391
288
376
245
57
62
86
92
392
377
375
372
57
81
86
92
507
376
289
374
58
59
63
87
360
354
379
248
58
59
83
87
361
380
378
330
58
82
83
87
510
379
355
331
60
62
71
95
390
345
382
251
60
62
86
95
392
383
381
372
60
84
86
95
513
382
346
373
61
63
66
90
357
388
385
254
61
63
87
90
358
386
384
363
61
85
87
90
516
385
389
364
61
66
67
91
369
366
388
257
61
66
90
91
370
389
387
384
61
85
90
91
519
388
367
386
62
68
71
95
393
381
391
260
62
68
92
95
394
392
390
375
62
86
92
95
522
391
382
376
65
68
71
95
390
312
394
263
65
68
92
95
391
395
393
309
65
89
92
95
525
394
313
310
72
74
76
4
430
403
397
266
72
74
2
4
431
398
396
400
72
0
2
4
0
397
404
401
72
74
95
23
435
405
400
269
72
74
2
23
437
401
399
397
72
0
2
23
3
400
407
398
72
76
77
5
448
406
403
272
72
76
4
5
449
404
402
396
72
0
4
5
6
403
407
398
72
77
95
23
471
399
406
275
72
77
5
23
473
407
405
402
72
0
5
23
9
406
401
404
73
75
79
7
439
414
409
278
73
75
3
7
440
410
408
412
73
1
3
7
12
409
416
413
73
75
92
20
441
420
412
281
73
75
3
20
443
413
411
409
73
1
3
20
15
412
422
410
73
76
79
7
457
408
415
284
73
76
4
7
458
416
414
418
73
1
4
7
18
415
410
419
73
76
93
21
466
427
418
287
73
76
4
21
467
419
417
415
73
1
4
21
21
418
428
416
73
81
92
20
507
411
421
290
73
81
9
20
509
422
420
424
73
1
9
20
24
421
413
425
73
81
94
22
459
426
424
293
73
81
9
22
460
425
423
421
73
1
9
22
27
424
428
422
73
93
94
22
465
423
427
296
73
93
21
22
466
428
426
417
73
1
21
22
30
427
425
419
74
76
88
16
453
432
430
299
74
76
4
16
455
431
429
396
74
2
4
16
33
430
434
397
74
78
88
16
453
429
433
302
74
78
6
16
454
434
432
436
74
2
6
16
36
433
431
437
74
78
95
23
477
399
436
305
74
78
6
23
479
437
435
433
74
2
6
23
39
436
400
434
75
79
95
23
471
444
439
308
75
79
7
23
472
440
438
408
75
3
7
23
42
439
446
409
75
89
92
20
526
411
442
311
75
89
17
20
527
443
441
445
75
3
17
20
45
442
412
446
75
89
95
23
525
438
445
314
75
89
17
23
527
446
444
442
75
3
17
23
48
445
440
443
76
77
83
11
468
462
448
317
76
77
5
11
470
449
447
402
76
4
5
11
51
448
464
403
76
78
81
9
475
460
451
320
76
78
6
9
476
452
450
454
76
4
6
9
54
451
461
455
76
78
88
16
432
429
454
323
76
78
6
16
433
455
453
451
76
4
6
16
57
454
430
452
76
79
82
10
487
463
457
326
76
79
7
10
488
458
456
414
76
4
7
10
60
457
464
415
76
81
94
22
423
465
460
329
76
81
9
22
424
461
459
450
76
4
9
22
63
460
467
452
76
82
83
11
511
447
463
332
76
82
10
11
512
464
462
456
76
4
10
11
66
463
449
458
76
93
94
22
426
459
466
335
76
93
21
22
427
467
465
417
76
4
21
22
69
466
461
418
77
79
83
11
480
447
469
338
77
79
7
11
482
470
468
472
77
5
7
11
72
469
448
473
77
79
95
23
438
405
472
341
77
79
7
23
439
473
471
469
77
5
7
23
75
472
406
470
78
81
84
12
505
478
475
344
78
81
9
12
506
476
474
450
78
6
9
12
78
475
479
451
78
84
95
23
513
435
478
347
78
84
12
23
515
479
477
474
78
6
12
23
81
478
436
476
79
80
83
11
493
468
481
350
79
80
8
11
494
482
480
484
79
7
8
11
84
481
469
485
79
80
90
18
502
489
484
353
79
80
8
18
503
485
483
481
79
7
8
18
87
484
491
482
79
82
87
15
510
490
487
356
79
82
10
15
512
488
486
456
79
7
10
15
90
487
491
457
79
87
90
18
516
483
490
359
79
87
15
18
517
491
489
486
79
7
15
18
93
490
485
488
80
83
87
15
510
495
493
362
80
83
11
15
511
494
492
480
80
8
11
15
96
493
497
481
80
85
87
15
517
492
496
365
80
85
13
15
518
497
495
499
80
8
13
15
99
496
494
500
80
85
91
19
519
501
499
368
80
85
13
19
521
500
498
496
80
8
13
19
102
499
503
497
80
90
91
19
519
498
502
371
80
90
18
19
520
503
501
483
80
8
18
19
105
502
500
484
81
84
86
14
514
508
505
374
81
84
12
14
515
506
504
474
81
9
12
14
108
505
509
475
81
86
92
20
523
420
508
377
81
86
14
20
524
509
507
504
81
9
14
20
111
508
421
506
82
83
87
15
492
486
511
380
82
83
11
15
493
512
510
462
82
10
11
15
114
511
487
463
84
86
95
23
522
477
514
383
84
86
14
23
524
515
513
504
84
12
14
23
117
514
478
505
85
87
90
18
489
520
517
386
85
87
15
18
490
518
516
495
85
13
15
18
120
517
521
496
85
90
91
19
501
498
520
389
85
90
18
19
502
521
519
516
85
13
18
19
123
520
499
518
86
92
95
23
525
513
523
392
86
92
20
23
526
524
522
507
86
14
20
23
126
523
514
508
89
92
95
23
522
444
526
395
89
92
20
23
523
527
525
441
89
17
20
23
129
526
445
442
528
