1
96
0
0
0
0
0
0
0
0
0
0
0
0
0
0
0
0
0
0
0
0
0
0
0
0
1
1
1
1
1
1
1
1
1
1
1
1
1
1
1
1
1
1
1
1
1
1
1
1
2
2
2
2
2
2
2
2
2
2
2
2
2
2
2
2
2
2
2
2
2
2
2
2
3
3
3
3
3
3
3
3
3
3
3
3
3
3
3
3
3
3
3
3
3
3
3
3
96
528
0
2
11
35
43
13
1
398
0
2
26
35
44
2
0
4
0
24
26
35
132
1
14
5
0
2
19
43
49
18
4
401
0
2
26
43
50
5
3
1
0
24
26
43
135
4
20
2
0
7
13
37
100
12
7
404
0
7
31
37
101
8
6
10
0
24
31
37
138
7
14
11
0
7
16
40
106
15
10
407
0
7
31
40
107
11
9
7
0
24
31
40
141
10
17
8
0
11
13
37
120
6
13
410
0
11
35
37
122
14
12
0
0
24
35
37
144
13
8
2
0
15
16
40
108
9
16
413
0
15
39
40
109
17
15
19
0
24
39
40
147
16
11
20
0
15
19
43
117
3
19
416
0
15
39
43
118
20
18
16
0
24
39
43
150
19
5
17
1
7
14
38
103
40
22
419
1
7
31
38
104
23
21
25
1
25
31
38
153
22
41
26
1
7
22
46
99
36
25
422
1
7
31
46
101
26
24
22
1
25
31
46
156
25
38
23
1
9
12
36
115
33
28
425
1
9
33
36
116
29
27
31
1
25
33
36
159
28
35
32
1
9
18
42
69
39
31
428
1
9
33
42
70
32
30
28
1
25
33
42
162
31
41
29
1
10
12
36
87
27
34
431
1
10
34
36
88
35
33
37
1
25
34
36
165
34
29
38
1
10
22
46
90
24
37
434
1
10
34
46
91
38
36
34
1
25
34
46
168
37
26
35
1
14
18
42
102
30
40
437
1
14
38
42
103
41
39
21
1
25
38
42
171
40
32
23
2
11
12
36
121
46
43
440
2
11
35
36
122
44
42
0
2
26
35
36
174
43
47
1
2
12
23
47
126
48
46
443
2
12
36
47
128
47
45
42
2
26
36
47
177
46
50
44
2
19
23
47
126
45
49
446
2
19
43
47
127
50
48
3
2
26
43
47
180
49
47
4
3
12
20
44
93
58
52
449
3
12
36
44
94
53
51
55
3
27
36
44
183
52
59
56
3
12
22
46
123
57
55
452
3
12
36
46
125
56
54
52
3
27
36
46
186
55
59
53
3
20
22
46
96
54
58
455
3
20
44
46
97
59
57
51
3
27
44
46
189
58
56
53
4
7
17
41
105
66
61
458
4
7
31
41
107
62
60
64
4
28
31
41
192
61
68
65
4
7
18
42
102
69
64
461
4
7
31
42
104
65
63
61
4
28
31
42
195
64
71
62
4
9
17
41
81
60
67
464
4
9
33
41
82
68
66
70
4
28
33
41
198
67
62
71
4
9
18
42
30
63
70
467
4
9
33
42
31
71
69
67
4
28
33
42
201
70
65
68
5
8
15
39
109
78
73
470
5
8
32
39
110
74
72
76
5
29
32
39
204
73
80
77
5
8
21
45
111
84
76
473
5
8
32
45
113
77
75
73
5
29
32
45
207
76
86
74
5
9
15
39
118
72
79
476
5
9
33
39
119
80
78
82
5
29
33
39
210
79
74
83
5
9
17
41
66
85
82
479
5
9
33
41
67
83
81
79
5
29
33
41
213
82
86
80
5
17
21
45
129
75
85
482
5
17
41
45
130
86
84
81
5
29
41
45
216
85
77
83
6
10
12
36
33
94
88
485
6
10
34
36
34
89
87
91
6
30
34
36
219
88
95
92
6
10
22
46
36
96
91
488
6
10
34
46
37
92
90
88
6
30
34
46
222
91
98
89
6
12
20
44
51
97
94
491
6
12
36
44
52
95
93
87
6
30
36
44
225
94
98
89
6
20
22
46
57
90
97
494
6
20
44
46
58
98
96
93
6
30
44
46
228
97
92
95
7
13
22
46
123
24
100
497
7
13
37
46
124
101
99
6
7
31
37
46
231
100
25
7
7
14
18
42
39
63
103
500
7
14
38
42
40
104
102
21
7
31
38
42
234
103
64
22
7
16
17
41
130
60
106
503
7
16
40
41
131
107
105
9
7
31
40
41
237
106
61
10
8
15
16
40
15
112
109
506
8
15
39
40
16
110
108
72
8
32
39
40
240
109
113
73
8
16
21
45
129
75
112
509
8
16
40
45
131
113
111
108
8
32
40
45
243
112
76
110
9
12
19
43
127
117
115
512
9
12
36
43
128
116
114
27
9
33
36
43
246
115
119
28
9
15
19
43
18
114
118
515
9
15
39
43
19
119
117
78
9
33
39
43
249
118
116
79
11
12
13
37
124
12
121
518
11
12
36
37
125
122
120
42
11
35
36
37
252
121
13
43
12
13
22
46
99
54
124
521
12
13
37
46
100
125
123
120
12
36
37
46
255
124
55
121
12
19
23
47
48
45
127
524
12
19
43
47
49
128
126
114
12
36
43
47
258
127
46
115
16
17
21
45
84
111
130
527
16
17
41
45
85
131
129
105
16
40
41
45
261
130
112
106
24
26
35
59
175
145
133
2
24
26
50
59
176
134
132
136
24
48
50
59
264
133
146
137
24
26
43
67
181
150
136
5
24
26
50
67
182
137
135
133
24
48
50
67
267
136
152
134
24
31
37
61
232
144
139
8
24
31
55
61
233
140
138
142
24
48
55
61
270
139
146
143
24
31
40
64
238
147
142
11
24
31
55
64
239
143
141
139
24
48
55
64
273
142
149
140
24
35
37
61
252
138
145
14
24
35
59
61
254
146
144
132
24
48
59
61
276
145
140
134
24
39
40
64
240
141
148
17
24
39
63
64
241
149
147
151
24
48
63
64
279
148
143
152
24
39
43
67
249
135
151
20
24
39
63
67
250
152
150
148
24
48
63
67
282
151
137
149
25
31
38
62
235
172
154
23
25
31
55
62
236
155
153
157
25
49
55
62
285
154
173
158
25
31
46
70
231
168
157
26
25
31
55
70
233
158
156
154
25
49
55
70
288
157
170
155
25
33
36
60
247
165
160
29
25
33
57
60
248
161
159
163
25
49
57
60
291
160
167
164
25
33
42
66
201
171
163
32
25
33
57
66
202
164
162
160
25
49
57
66
294
163
173
161
25
34
36
60
219
159
166
35
25
34
58
60
220
167
165
169
25
49
58
60
297
166
161
170
25
34
46
70
222
156
169
38
25
34
58
70
223
170
168
166
25
49
58
70
300
169
158
167
25
38
42
66
234
162
172
41
25
38
62
66
235
173
171
153
25
49
62
66
303
172
164
155
26
35
36
60
253
178
175
44
26
35
59
60
254
176
174
132
26
50
59
60
306
175
179
133
26
36
47
71
258
180
178
47
26
36
60
71
260
179
177
174
26
50
60
71
309
178
182
176
26
43
47
71
258
177
181
50
26
43
67
71
259
182
180
135
26
50
67
71
312
181
179
136
27
36
44
68
225
190
184
53
27
36
60
68
226
185
183
187
27
51
60
68
315
184
191
188
27
36
46
70
255
189
187
56
27
36
60
70
257
188
186
184
27
51
60
70
318
187
191
185
27
44
46
70
228
186
190
59
27
44
68
70
229
191
189
183
27
51
68
70
321
190
188
185
28
31
41
65
237
198
193
62
28
31
55
65
239
194
192
196
28
52
55
65
324
193
200
197
28
31
42
66
234
201
196
65
28
31
55
66
236
197
195
193
28
52
55
66
327
196
203
194
28
33
41
65
213
192
199
68
28
33
57
65
214
200
198
202
28
52
57
65
330
199
194
203
28
33
42
66
162
195
202
71
28
33
57
66
163
203
201
199
28
52
57
66
333
202
197
200
29
32
39
63
241
210
205
74
29
32
56
63
242
206
204
208
29
53
56
63
336
205
212
209
29
32
45
69
243
216
208
77
29
32
56
69
245
209
207
205
29
53
56
69
339
208
218
206
29
33
39
63
250
204
211
80
29
33
57
63
251
212
210
214
29
53
57
63
342
211
206
215
29
33
41
65
198
217
214
83
29
33
57
65
199
215
213
211
29
53
57
65
345
214
218
212
29
41
45
69
261
207
217
86
29
41
65
69
262
218
216
213
29
53
65
69
348
217
209
215
30
34
36
60
165
226
220
89
30
34
58
60
166
221
219
223
30
54
58
60
351
220
227
224
30
34
46
70
168
228
223
92
30
34
58
70
169
224
222
220
30
54
58
70
354
223
230
221
30
36
44
68
183
229
226
95
30
36
60
68
184
227
225
219
30
54
60
68
357
226
230
221
30
44
46
70
189
222
229
98
30
44
68
70
190
230
228
225
30
54
68
70
360
229
224
227
31
37
46
70
255
156
232
101
31
37
61
70
256
233
231
138
31
55
61
70
363
232
157
139
31
38
42
66
171
195
235
104
31
38
62
66
172
236
234
153
31
55
62
66
366
235
196
154
31
40
41
65
262
192
238
107
31
40
64
65
263
239
237
141
31
55
64
65
369
238
193
142
32
39
40
64
147
244
241
110
32
39
63
64
148
242
240
204
32
56
63
64
372
241
245
205
32
40
45
69
261
207
244
113
32
40
64
69
263
245
243
240
32
56
64
69
375
244
208
242
33
36
43
67
259
249
247
116
33
36
60
67
260
248
246
159
33
57
60
67
378
247
251
160
33
39
43
67
150
246
250
119
33
39
63
67
151
251
249
210
33
57
63
67
381
250
248
211
35
36
37
61
256
144
253
122
35
36
60
61
257
254
252
174
35
59
60
61
384
253
145
175
36
37
46
70
231
186
256
125
36
37
61
70
232
257
255
252
36
60
61
70
387
256
187
253
36
43
47
71
180
177
259
128
36
43
67
71
181
260
258
246
36
60
67
71
390
259
178
247
40
41
45
69
216
243
262
131
40
41
65
69
217
263
261
237
40
64
65
69
393
262
244
238
48
50
59
83
307
277
265
134
48
50
74
83
308
266
264
268
48
72
74
83
396
265
278
269
48
50
67
91
313
282
268
137
48
50
74
91
314
269
267
265
48
72
74
91
399
268
284
266
48
55
61
85
364
276
271
140
48
55
79
85
365
272
270
274
48
72
79
85
402
271
278
275
48
55
64
88
370
279
274
143
48
55
79
88
371
275
273
271
48
72
79
88
405
274
281
272
48
59
61
85
384
270
277
146
48
59
83
85
386
278
276
264
48
72
83
85
408
277
272
266
48
63
64
88
372
273
280
149
48
63
87
88
373
281
279
283
48
72
87
88
411
280
275
284
48
63
67
91
381
267
283
152
48
63
87
91
382
284
282
280
48
72
87
91
414
283
269
281
49
55
62
86
367
304
286
155
49
55
79
86
368
287
285
289
49
73
79
86
417
286
305
290
49
55
70
94
363
300
289
158
49
55
79
94
365
290
288
286
49
73
79
94
420
289
302
287
49
57
60
84
379
297
292
161
49
57
81
84
380
293
291
295
49
73
81
84
423
292
299
296
49
57
66
90
333
303
295
164
49
57
81
90
334
296
294
292
49
73
81
90
426
295
305
293
49
58
60
84
351
291
298
167
49
58
82
84
352
299
297
301
49
73
82
84
429
298
293
302
49
58
70
94
354
288
301
170
49
58
82
94
355
302
300
298
49
73
82
94
432
301
290
299
49
62
66
90
366
294
304
173
49
62
86
90
367
305
303
285
49
73
86
90
435
304
296
287
50
59
60
84
385
310
307
176
50
59
83
84
386
308
306
264
50
74
83
84
438
307
311
265
50
60
71
95
390
312
310
179
50
60
84
95
392
311
309
306
50
74
84
95
441
310
314
308
50
67
71
95
390
309
313
182
50
67
91
95
391
314
312
267
50
74
91
95
444
313
311
268
51
60
68
92
357
322
316
185
51
60
84
92
358
317
315
319
51
75
84
92
447
316
323
320
51
60
70
94
387
321
319
188
51
60
84
94
389
320
318
316
51
75
84
94
450
319
323
317
51
68
70
94
360
318
322
191
51
68
92
94
361
323
321
315
51
75
92
94
453
322
320
317
52
55
65
89
369
330
325
194
52
55
79
89
371
326
324
328
52
76
79
89
456
325
332
329
52
55
66
90
366
333
328
197
52
55
79
90
368
329
327
325
52
76
79
90
459
328
335
326
52
57
65
89
345
324
331
200
52
57
81
89
346
332
330
334
52
76
81
89
462
331
326
335
52
57
66
90
294
327
334
203
52
57
81
90
295
335
333
331
52
76
81
90
465
334
329
332
53
56
63
87
373
342
337
206
53
56
80
87
374
338
336
340
53
77
80
87
468
337
344
341
53
56
69
93
375
348
340
209
53
56
80
93
377
341
339
337
53
77
80
93
471
340
350
338
53
57
63
87
382
336
343
212
53
57
81
87
383
344
342
346
53
77
81
87
474
343
338
347
53
57
65
89
330
349
346
215
53
57
81
89
331
347
345
343
53
77
81
89
477
346
350
344
53
65
69
93
393
339
349
218
53
65
89
93
394
350
348
345
53
77
89
93
480
349
341
347
54
58
60
84
297
358
352
221
54
58
82
84
298
353
351
355
54
78
82
84
483
352
359
356
54
58
70
94
300
360
355
224
54
58
82
94
301
356
354
352
54
78
82
94
486
355
362
353
54
60
68
92
315
361
358
227
54
60
84
92
316
359
357
351
54
78
84
92
489
358
362
353
54
68
70
94
321
354
361
230
54
68
92
94
322
362
360
357
54
78
92
94
492
361
356
359
55
61
70
94
387
288
364
233
55
61
85
94
388
365
363
270
55
79
85
94
495
364
289
271
55
62
66
90
303
327
367
236
55
62
86
90
304
368
366
285
55
79
86
90
498
367
328
286
55
64
65
89
394
324
370
239
55
64
88
89
395
371
369
273
55
79
88
89
501
370
325
274
56
63
64
88
279
376
373
242
56
63
87
88
280
374
372
336
56
80
87
88
504
373
377
337
56
64
69
93
393
339
376
245
56
64
88
93
395
377
375
372
56
80
88
93
507
376
340
374
57
60
67
91
391
381
379
248
57
60
84
91
392
380
378
291
57
81
84
91
510
379
383
292
57
63
67
91
282
378
382
251
57
63
87
91
283
383
381
342
57
81
87
91
513
382
380
343
59
60
61
85
388
276
385
254
59
60
84
85
389
386
384
306
59
83
84
85
516
385
277
307
60
61
70
94
363
318
388
257
60
61
85
94
364
389
387
384
60
84
85
94
519
388
319
385
60
67
71
95
312
309
391
260
60
67
91
95
313
392
390
378
60
84
91
95
522
391
310
379
64
65
69
93
348
375
394
263
64
65
89
93
349
395
393
369
64
88
89
93
525
394
376
370
72
74
83
11
439
409
397
266
72
74
2
11
440
398
396
400
72
0
2
11
0
397
410
401
72
74
91
19
445
414
400
269
72
74
2
19
446
401
399
397
72
0
2
19
3
400
416
398
72
79
85
13
496
408
403
272
72
79
7
13
497
404
402
406
72
0
7
13
6
403
410
407
72
79
88
16
502
411
406
275
72
79
7
16
503
407
405
403
72
0
7
16
9
406
413
404
72
83
85
13
516
402
409
278
72
83
11
13
518
410
408
396
72
0
11
13
12
409
404
398
72
87
88
16
504
405
412
281
72
87
15
16
505
413
411
415
72
0
15
16
15
412
407
416
72
87
91
19
513
399
415
284
72
87
15
19
514
416
414
412
72
0
15
19
18
415
401
413
73
79
86
14
499
436
418
287
73
79
7
14
500
419
417
421
73
1
7
14
21
418
437
422
73
79
94
22
495
432
421
290
73
79
7
22
497
422
420
418
73
1
7
22
24
421
434
419
73
81
84
12
511
429
424
293
73
81
9
12
512
425
423
427
73
1
9
12
27
424
431
428
73
81
90
18
465
435
427
296
73
81
9
18
466
428
426
424
73
1
9
18
30
427
437
425
73
82
84
12
483
423
430
299
73
82
10
12
484
431
429
433
73
1
10
12
33
430
425
434
73
82
94
22
486
420
433
302
73
82
10
22
487
434
432
430
73
1
10
22
36
433
422
431
73
86
90
18
498
426
436
305
73
86
14
18
499
437
435
417
73
1
14
18
39
436
428
419
74
83
84
12
517
442
439
308
74
83
11
12
518
440
438
396
74
2
11
12
42
439
443
397
74
84
95
23
522
444
442
311
74
84
12
23
524
443
441
438
74
2
12
23
45
442
446
440
74
91
95
23
522
441
445
314
74
91
19
23
523
446
444
399
74
2
19
23
48
445
443
400
75
84
92
20
489
454
448
317
75
84
12
20
490
449
447
451
75
3
12
20
51
448
455
452
75
84
94
22
519
453
451
320
75
84
12
22
521
452
450
448
75
3
12
22
54
451
455
449
75
92
94
22
492
450
454
323
75
92
20
22
493
455
453
447
75
3
20
22
57
454
452
449
76
79
89
17
501
462
457
326
76
79
7
17
503
458
456
460
76
4
7
17
60
457
464
461
76
79
90
18
498
465
460
329
76
79
7
18
500
461
459
457
76
4
7
18
63
460
467
458
76
81
89
17
477
456
463
332
76
81
9
17
478
464
462
466
76
4
9
17
66
463
458
467
76
81
90
18
426
459
466
335
76
81
9
18
427
467
465
463
76
4
9
18
69
466
461
464
77
80
87
15
505
474
469
338
77
80
8
15
506
470
468
472
77
5
8
15
72
469
476
473
77
80
93
21
507
480
472
341
77
80
8
21
509
473
471
469
77
5
8
21
75
472
482
470
77
81
87
15
514
468
475
344
77
81
9
15
515
476
474
478
77
5
9
15
78
475
470
479
77
81
89
17
462
481
478
347
77
81
9
17
463
479
477
475
77
5
9
17
81
478
482
476
77
89
93
21
525
471
481
350
77
89
17
21
526
482
480
477
77
5
17
21
84
481
473
479
78
82
84
12
429
490
484
353
78
82
10
12
430
485
483
487
78
6
10
12
87
484
491
488
78
82
94
22
432
492
487
356
78
82
10
22
433
488
486
484
78
6
10
22
90
487
494
485
78
84
92
20
447
493
490
359
78
84
12
20
448
491
489
483
78
6
12
20
93
490
494
485
78
92
94
22
453
486
493
362
78
92
20
22
454
494
492
489
78
6
20
22
96
493
488
491
79
85
94
22
519
420
496
365
79
85
13
22
520
497
495
402
79
7
13
22
99
496
421
403
79
86
90
18
435
459
499
368
79
86
14
18
436
500
498
417
79
7
14
18
102
499
460
418
79
88
89
17
526
456
502
371
79
88
16
17
527
503
501
405
79
7
16
17
105
502
457
406
80
87
88
16
411
508
505
374
80
87
15
16
412
506
504
468
80
8
15
16
108
505
509
469
80
88
93
21
525
471
508
377
80
88
16
21
527
509
507
504
80
8
16
21
111
508
472
506
81
84
91
19
523
513
511
380
81
84
12
19
524
512
510
423
81
9
12
19
114
511
515
424
81
87
91
19
414
510
514
383
81
87
15
19
415
515
513
474
81
9
15
19
117
514
512
475
83
84
85
13
520
408
517
386
83
84
12
13
521
518
516
438
83
11
12
13
120
517
409
439
84
85
94
22
495
450
520
389
84
85
13
22
496
521
519
516
84
12
13
22
123
520
451
517
84
91
95
23
444
441
523
392
84
91
19
23
445
524
522
510
84
12
19
23
126
523
442
511
88
89
93
21
480
507
526
395
88
89
17
21
481
527
525
501
88
16
17
21
129
526
508
502
528
