1
96
0
0
0
0
0
0
0
0
0
0
0
0
0
0
0
0
0
0
0
0
0
0
0
0
1
1
1
1
1
1
1
1
1
1
1
1
1
1
1
1
1
1
1
1
1
1
1
1
2
2
2
2
2
2
2
2
2
2
2
2
2
2
2
2
2
2
2
2
2
2
2
2
3
3
3
3
3
3
3
3
3
3
3
3
3
3
3
3
3
3
3
3
3
3
3
3
96
528
0
1
2
26
43
7
1
398
0
1
25
26
44
2
0
4
0
24
25
26
132
1
8
5
0
1
8
32
61
34
4
401
0
1
25
32
62
5
3
1
0
24
25
32
135
4
35
2
0
2
5
29
72
22
7
404
0
2
26
29
74
8
6
0
0
24
26
29
138
7
23
2
0
3
12
36
78
21
10
407
0
3
27
36
80
11
9
13
0
24
27
36
141
10
23
14
0
3
15
39
84
39
13
410
0
3
27
39
86
14
12
10
0
24
27
39
144
13
41
11
0
4
6
30
88
25
16
413
0
4
28
30
89
17
15
19
0
24
28
30
147
16
26
20
0
4
10
34
75
37
19
416
0
4
28
34
76
20
18
16
0
24
28
34
150
19
38
17
0
5
12
36
78
9
22
419
0
5
29
36
79
23
21
6
0
24
29
36
153
22
11
8
0
6
16
40
90
27
25
422
0
6
30
40
92
26
24
15
0
24
30
40
156
25
29
17
0
7
16
40
90
24
28
425
0
7
31
40
91
29
27
31
0
24
31
40
159
28
26
32
0
7
21
45
96
33
31
428
0
7
31
45
98
32
30
28
0
24
31
45
162
31
35
29
0
8
21
45
96
30
34
431
0
8
32
45
97
35
33
3
0
24
32
45
165
34
32
5
0
10
13
37
81
40
37
434
0
10
34
37
82
38
36
18
0
24
34
37
168
37
41
20
0
13
15
39
84
12
40
437
0
13
37
39
85
41
39
36
0
24
37
39
171
40
14
38
1
2
3
27
73
46
43
440
1
2
26
27
74
44
42
0
1
25
26
27
174
43
47
1
1
3
4
28
76
49
46
443
1
3
27
28
77
47
45
42
1
25
27
28
177
46
50
44
1
4
18
42
87
54
49
446
1
4
28
42
89
50
48
45
1
25
28
42
180
49
56
47
1
6
7
31
91
58
52
449
1
6
30
31
92
53
51
55
1
25
30
31
183
52
59
56
1
6
18
42
87
48
55
452
1
6
30
42
88
56
54
52
1
25
30
42
186
55
50
53
1
7
14
38
109
70
58
455
1
7
31
38
110
59
57
51
1
25
31
38
189
58
71
53
1
8
20
44
117
66
61
458
1
8
32
44
119
62
60
3
1
25
32
44
192
61
68
4
1
9
19
43
126
69
64
461
1
9
33
43
128
65
63
67
1
25
33
43
195
64
71
68
1
9
20
44
117
60
67
464
1
9
33
44
118
68
66
64
1
25
33
44
198
67
62
65
1
14
19
43
126
63
70
467
1
14
38
43
127
71
69
57
1
25
38
43
201
70
65
59
2
3
5
29
79
6
73
470
2
3
27
29
80
74
72
42
2
26
27
29
204
73
7
43
3
4
10
34
18
82
76
473
3
4
28
34
19
77
75
45
3
27
28
34
207
76
83
46
3
5
12
36
21
9
79
476
3
5
29
36
22
80
78
72
3
27
29
36
210
79
10
73
3
10
13
37
36
85
82
479
3
10
34
37
37
83
81
75
3
27
34
37
213
82
86
77
3
13
15
39
39
12
85
482
3
13
37
39
40
86
84
81
3
27
37
39
216
85
13
83
4
6
18
42
54
48
88
485
4
6
30
42
55
89
87
15
4
28
30
42
219
88
49
16
6
7
16
40
27
24
91
488
6
7
31
40
28
92
90
51
6
30
31
40
222
91
25
52
7
8
11
35
114
106
94
491
7
8
32
35
116
95
93
97
7
31
32
35
225
94
107
98
7
8
21
45
33
30
97
494
7
8
32
45
34
98
96
94
7
31
32
45
228
97
31
95
7
9
17
41
123
112
100
497
7
9
33
41
125
101
99
103
7
31
33
41
231
100
113
104
7
9
23
47
120
105
103
500
7
9
33
47
122
104
102
100
7
31
33
47
234
103
107
101
7
11
23
47
120
102
106
503
7
11
35
47
121
107
105
93
7
31
35
47
237
106
104
95
7
14
22
46
129
111
109
506
7
14
38
46
131
110
108
57
7
31
38
46
240
109
113
58
7
17
22
46
129
108
112
509
7
17
41
46
130
113
111
99
7
31
41
46
243
112
110
101
8
9
11
35
121
93
115
512
8
9
33
35
122
116
114
118
8
32
33
35
246
115
94
119
8
9
20
44
66
60
118
515
8
9
33
44
67
119
117
115
8
32
33
44
249
118
61
116
9
11
23
47
105
102
121
518
9
11
35
47
106
122
120
114
9
33
35
47
252
121
103
115
9
14
17
41
130
99
124
521
9
14
38
41
131
125
123
127
9
33
38
41
255
124
100
128
9
14
19
43
69
63
127
524
9
14
38
43
70
128
126
124
9
33
38
43
258
127
64
125
14
17
22
46
111
108
130
527
14
17
41
46
112
131
129
123
14
38
41
46
261
130
109
124
24
25
26
50
175
139
133
2
24
25
49
50
176
134
132
136
24
48
49
50
264
133
140
137
24
25
32
56
193
166
136
5
24
25
49
56
194
137
135
133
24
48
49
56
267
136
167
134
24
26
29
53
204
154
139
8
24
26
50
53
206
140
138
132
24
48
50
53
270
139
155
134
24
27
36
60
210
153
142
11
24
27
51
60
212
143
141
145
24
48
51
60
273
142
155
146
24
27
39
63
216
171
145
14
24
27
51
63
218
146
144
142
24
48
51
63
276
145
173
143
24
28
30
54
220
157
148
17
24
28
52
54
221
149
147
151
24
48
52
54
279
148
158
152
24
28
34
58
207
169
151
20
24
28
52
58
208
152
150
148
24
48
52
58
282
151
170
149
24
29
36
60
210
141
154
23
24
29
53
60
211
155
153
138
24
48
53
60
285
154
143
140
24
30
40
64
222
159
157
26
24
30
54
64
224
158
156
147
24
48
54
64
288
157
161
149
24
31
40
64
222
156
160
29
24
31
55
64
223
161
159
163
24
48
55
64
291
160
158
164
24
31
45
69
228
165
163
32
24
31
55
69
230
164
162
160
24
48
55
69
294
163
167
161
24
32
45
69
228
162
166
35
24
32
56
69
229
167
165
135
24
48
56
69
297
166
164
137
24
34
37
61
213
172
169
38
24
34
58
61
214
170
168
150
24
48
58
61
300
169
173
152
24
37
39
63
216
144
172
41
24
37
61
63
217
173
171
168
24
48
61
63
303
172
146
170
25
26
27
51
205
178
175
44
25
26
50
51
206
176
174
132
25
49
50
51
306
175
179
133
25
27
28
52
208
181
178
47
25
27
51
52
209
179
177
174
25
49
51
52
309
178
182
176
25
28
42
66
219
186
181
50
25
28
52
66
221
182
180
177
25
49
52
66
312
181
188
179
25
30
31
55
223
190
184
53
25
30
54
55
224
185
183
187
25
49
54
55
315
184
191
188
25
30
42
66
219
180
187
56
25
30
54
66
220
188
186
184
25
49
54
66
318
187
182
185
25
31
38
62
241
202
190
59
25
31
55
62
242
191
189
183
25
49
55
62
321
190
203
185
25
32
44
68
249
198
193
62
25
32
56
68
251
194
192
135
25
49
56
68
324
193
200
136
25
33
43
67
258
201
196
65
25
33
57
67
260
197
195
199
25
49
57
67
327
196
203
200
25
33
44
68
249
192
199
68
25
33
57
68
250
200
198
196
25
49
57
68
330
199
194
197
25
38
43
67
258
195
202
71
25
38
62
67
259
203
201
189
25
49
62
67
333
202
197
191
26
27
29
53
211
138
205
74
26
27
51
53
212
206
204
174
26
50
51
53
336
205
139
175
27
28
34
58
150
214
208
77
27
28
52
58
151
209
207
177
27
51
52
58
339
208
215
178
27
29
36
60
153
141
211
80
27
29
53
60
154
212
210
204
27
51
53
60
342
211
142
205
27
34
37
61
168
217
214
83
27
34
58
61
169
215
213
207
27
51
58
61
345
214
218
209
27
37
39
63
171
144
217
86
27
37
61
63
172
218
216
213
27
51
61
63
348
217
145
215
28
30
42
66
186
180
220
89
28
30
54
66
187
221
219
147
28
52
54
66
351
220
181
148
30
31
40
64
159
156
223
92
30
31
55
64
160
224
222
183
30
54
55
64
354
223
157
184
31
32
35
59
246
238
226
95
31
32
56
59
248
227
225
229
31
55
56
59
357
226
239
230
31
32
45
69
165
162
229
98
31
32
56
69
166
230
228
226
31
55
56
69
360
229
163
227
31
33
41
65
255
244
232
101
31
33
57
65
257
233
231
235
31
55
57
65
363
232
245
236
31
33
47
71
252
237
235
104
31
33
57
71
254
236
234
232
31
55
57
71
366
235
239
233
31
35
47
71
252
234
238
107
31
35
59
71
253
239
237
225
31
55
59
71
369
238
236
227
31
38
46
70
261
243
241
110
31
38
62
70
263
242
240
189
31
55
62
70
372
241
245
190
31
41
46
70
261
240
244
113
31
41
65
70
262
245
243
231
31
55
65
70
375
244
242
233
32
33
35
59
253
225
247
116
32
33
57
59
254
248
246
250
32
56
57
59
378
247
226
251
32
33
44
68
198
192
250
119
32
33
57
68
199
251
249
247
32
56
57
68
381
250
193
248
33
35
47
71
237
234
253
122
33
35
59
71
238
254
252
246
33
57
59
71
384
253
235
247
33
38
41
65
262
231
256
125
33
38
62
65
263
257
255
259
33
57
62
65
387
256
232
260
33
38
43
67
201
195
259
128
33
38
62
67
202
260
258
256
33
57
62
67
390
259
196
257
38
41
46
70
243
240
262
131
38
41
65
70
244
263
261
255
38
62
65
70
393
262
241
256
48
49
50
74
307
271
265
134
48
49
73
74
308
266
264
268
48
72
73
74
396
265
272
269
48
49
56
80
325
298
268
137
48
49
73
80
326
269
267
265
48
72
73
80
399
268
299
266
48
50
53
77
336
286
271
140
48
50
74
77
338
272
270
264
48
72
74
77
402
271
287
266
48
51
60
84
342
285
274
143
48
51
75
84
344
275
273
277
48
72
75
84
405
274
287
278
48
51
63
87
348
303
277
146
48
51
75
87
350
278
276
274
48
72
75
87
408
277
305
275
48
52
54
78
352
289
280
149
48
52
76
78
353
281
279
283
48
72
76
78
411
280
290
284
48
52
58
82
339
301
283
152
48
52
76
82
340
284
282
280
48
72
76
82
414
283
302
281
48
53
60
84
342
273
286
155
48
53
77
84
343
287
285
270
48
72
77
84
417
286
275
272
48
54
64
88
354
291
289
158
48
54
78
88
356
290
288
279
48
72
78
88
420
289
293
281
48
55
64
88
354
288
292
161
48
55
79
88
355
293
291
295
48
72
79
88
423
292
290
296
48
55
69
93
360
297
295
164
48
55
79
93
362
296
294
292
48
72
79
93
426
295
299
293
48
56
69
93
360
294
298
167
48
56
80
93
361
299
297
267
48
72
80
93
429
298
296
269
48
58
61
85
345
304
301
170
48
58
82
85
346
302
300
282
48
72
82
85
432
301
305
284
48
61
63
87
348
276
304
173
48
61
85
87
349
305
303
300
48
72
85
87
435
304
278
302
49
50
51
75
337
310
307
176
49
50
74
75
338
308
306
264
49
73
74
75
438
307
311
265
49
51
52
76
340
313
310
179
49
51
75
76
341
311
309
306
49
73
75
76
441
310
314
308
49
52
66
90
351
318
313
182
49
52
76
90
353
314
312
309
49
73
76
90
444
313
320
311
49
54
55
79
355
322
316
185
49
54
78
79
356
317
315
319
49
73
78
79
447
316
323
320
49
54
66
90
351
312
319
188
49
54
78
90
352
320
318
316
49
73
78
90
450
319
314
317
49
55
62
86
373
334
322
191
49
55
79
86
374
323
321
315
49
73
79
86
453
322
335
317
49
56
68
92
381
330
325
194
49
56
80
92
383
326
324
267
49
73
80
92
456
325
332
268
49
57
67
91
390
333
328
197
49
57
81
91
392
329
327
331
49
73
81
91
459
328
335
332
49
57
68
92
381
324
331
200
49
57
81
92
382
332
330
328
49
73
81
92
462
331
326
329
49
62
67
91
390
327
334
203
49
62
86
91
391
335
333
321
49
73
86
91
465
334
329
323
50
51
53
77
343
270
337
206
50
51
75
77
344
338
336
306
50
74
75
77
468
337
271
307
51
52
58
82
282
346
340
209
51
52
76
82
283
341
339
309
51
75
76
82
471
340
347
310
51
53
60
84
285
273
343
212
51
53
77
84
286
344
342
336
51
75
77
84
474
343
274
337
51
58
61
85
300
349
346
215
51
58
82
85
301
347
345
339
51
75
82
85
477
346
350
341
51
61
63
87
303
276
349
218
51
61
85
87
304
350
348
345
51
75
85
87
480
349
277
347
52
54
66
90
318
312
352
221
52
54
78
90
319
353
351
279
52
76
78
90
483
352
313
280
54
55
64
88
291
288
355
224
54
55
79
88
292
356
354
315
54
78
79
88
486
355
289
316
55
56
59
83
378
370
358
227
55
56
80
83
380
359
357
361
55
79
80
83
489
358
371
362
55
56
69
93
297
294
361
230
55
56
80
93
298
362
360
358
55
79
80
93
492
361
295
359
55
57
65
89
387
376
364
233
55
57
81
89
389
365
363
367
55
79
81
89
495
364
377
368
55
57
71
95
384
369
367
236
55
57
81
95
386
368
366
364
55
79
81
95
498
367
371
365
55
59
71
95
384
366
370
239
55
59
83
95
385
371
369
357
55
79
83
95
501
370
368
359
55
62
70
94
393
375
373
242
55
62
86
94
395
374
372
321
55
79
86
94
504
373
377
322
55
65
70
94
393
372
376
245
55
65
89
94
394
377
375
363
55
79
89
94
507
376
374
365
56
57
59
83
385
357
379
248
56
57
81
83
386
380
378
382
56
80
81
83
510
379
358
383
56
57
68
92
330
324
382
251
56
57
81
92
331
383
381
379
56
80
81
92
513
382
325
380
57
59
71
95
369
366
385
254
57
59
83
95
370
386
384
378
57
81
83
95
516
385
367
379
57
62
65
89
394
363
388
257
57
62
86
89
395
389
387
391
57
81
86
89
519
388
364
392
57
62
67
91
333
327
391
260
57
62
86
91
334
392
390
388
57
81
86
91
522
391
328
389
62
65
70
94
375
372
394
263
62
65
89
94
376
395
393
387
62
86
89
94
525
394
373
388
72
73
74
2
439
403
397
266
72
73
1
2
440
398
396
400
72
0
1
2
0
397
404
401
72
73
80
8
457
430
400
269
72
73
1
8
458
401
399
397
72
0
1
8
3
400
431
398
72
74
77
5
468
418
403
272
72
74
2
5
470
404
402
396
72
0
2
5
6
403
419
398
72
75
84
12
474
417
406
275
72
75
3
12
476
407
405
409
72
0
3
12
9
406
419
410
72
75
87
15
480
435
409
278
72
75
3
15
482
410
408
406
72
0
3
15
12
409
437
407
72
76
78
6
484
421
412
281
72
76
4
6
485
413
411
415
72
0
4
6
15
412
422
416
72
76
82
10
471
433
415
284
72
76
4
10
472
416
414
412
72
0
4
10
18
415
434
413
72
77
84
12
474
405
418
287
72
77
5
12
475
419
417
402
72
0
5
12
21
418
407
404
72
78
88
16
486
423
421
290
72
78
6
16
488
422
420
411
72
0
6
16
24
421
425
413
72
79
88
16
486
420
424
293
72
79
7
16
487
425
423
427
72
0
7
16
27
424
422
428
72
79
93
21
492
429
427
296
72
79
7
21
494
428
426
424
72
0
7
21
30
427
431
425
72
80
93
21
492
426
430
299
72
80
8
21
493
431
429
399
72
0
8
21
33
430
428
401
72
82
85
13
477
436
433
302
72
82
10
13
478
434
432
414
72
0
10
13
36
433
437
416
72
85
87
15
480
408
436
305
72
85
13
15
481
437
435
432
72
0
13
15
39
436
410
434
73
74
75
3
469
442
439
308
73
74
2
3
470
440
438
396
73
1
2
3
42
439
443
397
73
75
76
4
472
445
442
311
73
75
3
4
473
443
441
438
73
1
3
4
45
442
446
440
73
76
90
18
483
450
445
314
73
76
4
18
485
446
444
441
73
1
4
18
48
445
452
443
73
78
79
7
487
454
448
317
73
78
6
7
488
449
447
451
73
1
6
7
51
448
455
452
73
78
90
18
483
444
451
320
73
78
6
18
484
452
450
448
73
1
6
18
54
451
446
449
73
79
86
14
505
466
454
323
73
79
7
14
506
455
453
447
73
1
7
14
57
454
467
449
73
80
92
20
513
462
457
326
73
80
8
20
515
458
456
399
73
1
8
20
60
457
464
400
73
81
91
19
522
465
460
329
73
81
9
19
524
461
459
463
73
1
9
19
63
460
467
464
73
81
92
20
513
456
463
332
73
81
9
20
514
464
462
460
73
1
9
20
66
463
458
461
73
86
91
19
522
459
466
335
73
86
14
19
523
467
465
453
73
1
14
19
69
466
461
455
74
75
77
5
475
402
469
338
74
75
3
5
476
470
468
438
74
2
3
5
72
469
403
439
75
76
82
10
414
478
472
341
75
76
4
10
415
473
471
441
75
3
4
10
75
472
479
442
75
77
84
12
417
405
475
344
75
77
5
12
418
476
474
468
75
3
5
12
78
475
406
469
75
82
85
13
432
481
478
347
75
82
10
13
433
479
477
471
75
3
10
13
81
478
482
473
75
85
87
15
435
408
481
350
75
85
13
15
436
482
480
477
75
3
13
15
84
481
409
479
76
78
90
18
450
444
484
353
76
78
6
18
451
485
483
411
76
4
6
18
87
484
445
412
78
79
88
16
423
420
487
356
78
79
7
16
424
488
486
447
78
6
7
16
90
487
421
448
79
80
83
11
510
502
490
359
79
80
8
11
512
491
489
493
79
7
8
11
93
490
503
494
79
80
93
21
429
426
493
362
79
80
8
21
430
494
492
490
79
7
8
21
96
493
427
491
79
81
89
17
519
508
496
365
79
81
9
17
521
497
495
499
79
7
9
17
99
496
509
500
79
81
95
23
516
501
499
368
79
81
9
23
518
500
498
496
79
7
9
23
102
499
503
497
79
83
95
23
516
498
502
371
79
83
11
23
517
503
501
489
79
7
11
23
105
502
500
491
79
86
94
22
525
507
505
374
79
86
14
22
527
506
504
453
79
7
14
22
108
505
509
454
79
89
94
22
525
504
508
377
79
89
17
22
526
509
507
495
79
7
17
22
111
508
506
497
80
81
83
11
517
489
511
380
80
81
9
11
518
512
510
514
80
8
9
11
114
511
490
515
80
81
92
20
462
456
514
383
80
81
9
20
463
515
513
511
80
8
9
20
117
514
457
512
81
83
95
23
501
498
517
386
81
83
11
23
502
518
516
510
81
9
11
23
120
517
499
511
81
86
89
17
526
495
520
389
81
86
14
17
527
521
519
523
81
9
14
17
123
520
496
524
81
86
91
19
465
459
523
392
81
86
14
19
466
524
522
520
81
9
14
19
126
523
460
521
86
89
94
22
507
504
526
395
86
89
17
22
508
527
525
519
86
14
17
22
129
526
505
520
528
