1
96
0
0
0
0
0
0
0
0
0
0
0
0
0
0
0
0
0
0
0
0
0
0
0
0
1
1
1
1
1
1
1
1
1
1
1
1
1
1
1
1
1
1
1
1
1
1
1
1
2
2
2
2
2
2
2
2
2
2
2
2
2
2
2
2
2
2
2
2
2
2
2
2
3
3
3
3
3
3
3
3
3
3
3
3
3
3
3
3
3
3
3
3
3
3
3
3
96
528
0
2
9
33
22
7
1
398
0
2
26
33
23
2
0
4
0
24
26
33
132
1
8
5
0
2
11
35
31
10
4
401
0
2
26
35
32
5
3
1
0
24
26
35
135
4
11
2
0
9
22
46
81
9
7
404
0
9
33
46
82
8
6
0
0
24
33
46
138
7
11
2
0
11
22
46
105
6
10
407
0
11
35
46
107
11
9
3
0
24
35
46
141
10
8
5
1
6
18
42
42
19
13
410
1
6
30
42
43
14
12
16
1
25
30
42
144
13
20
17
1
6
22
46
81
18
16
413
1
6
30
46
83
17
15
13
1
25
30
46
147
16
20
14
1
18
22
46
96
15
19
416
1
18
42
46
97
20
18
12
1
25
42
46
150
19
17
14
2
9
13
37
78
34
22
419
2
9
33
37
79
23
21
0
2
26
33
37
153
22
35
1
2
10
15
39
100
37
25
422
2
10
34
39
101
26
24
28
2
26
34
39
156
25
38
29
2
10
17
41
102
33
28
425
2
10
34
41
104
29
27
25
2
26
34
41
159
28
35
26
2
11
20
44
112
39
31
428
2
11
35
44
113
32
30
3
2
26
35
44
162
31
41
4
2
13
17
41
117
27
34
431
2
13
37
41
118
35
33
21
2
26
37
41
165
34
29
23
2
15
18
42
54
40
37
434
2
15
39
42
55
38
36
24
2
26
39
42
168
37
41
26
2
18
20
44
130
30
40
437
2
18
42
44
131
41
39
36
2
26
42
44
171
40
32
38
3
6
18
42
12
54
43
440
3
6
30
42
13
44
42
46
3
27
30
42
174
43
56
47
3
6
19
43
69
58
46
443
3
6
30
43
70
47
45
43
3
27
30
43
177
46
59
44
3
13
15
39
114
55
49
446
3
13
37
39
115
50
48
52
3
27
37
39
180
49
56
53
3
13
21
45
84
57
52
449
3
13
37
45
85
53
51
49
3
27
37
45
183
52
59
50
3
15
18
42
36
42
55
452
3
15
39
42
37
56
54
48
3
27
39
42
186
55
44
50
3
19
21
45
75
51
58
455
3
19
43
45
76
59
57
45
3
27
43
45
189
58
53
47
4
8
14
38
87
67
61
458
4
8
32
38
88
62
60
64
4
28
32
38
192
61
68
65
4
8
22
46
96
66
64
461
4
8
32
46
98
65
63
61
4
28
32
46
195
64
68
62
4
14
22
46
105
63
67
464
4
14
38
46
106
68
66
60
4
28
38
46
198
67
65
62
5
6
19
43
45
76
70
467
5
6
30
43
46
71
69
73
5
29
30
43
201
70
77
74
5
6
21
45
84
75
73
470
5
6
30
45
86
74
72
70
5
29
30
45
204
73
77
71
5
19
21
45
57
72
76
473
5
19
43
45
58
77
75
69
5
29
43
45
207
76
74
71
6
9
13
37
21
85
79
476
6
9
33
37
22
80
78
82
6
30
33
37
210
79
86
83
6
9
22
46
6
15
82
479
6
9
33
46
7
83
81
79
6
30
33
46
213
82
16
80
6
13
21
45
51
72
85
482
6
13
37
45
52
86
84
78
6
30
37
45
216
85
73
80
7
8
14
38
60
94
88
485
7
8
32
38
61
89
87
91
7
31
32
38
219
88
95
92
7
8
18
42
97
93
91
488
7
8
32
42
98
92
90
88
7
31
32
42
222
91
95
89
7
14
18
42
124
90
94
491
7
14
38
42
125
95
93
87
7
31
38
42
225
94
92
89
8
18
22
46
18
63
97
494
8
18
42
46
19
98
96
90
8
32
42
46
228
97
64
91
10
15
16
40
127
103
100
497
10
15
39
40
128
101
99
24
10
34
39
40
231
100
104
25
10
16
17
41
126
27
103
500
10
16
40
41
127
104
102
99
10
34
40
41
234
103
28
101
11
14
22
46
66
9
106
503
11
14
38
46
67
107
105
109
11
35
38
46
237
106
10
110
11
14
23
47
123
111
109
506
11
14
38
47
125
110
108
106
11
35
38
47
240
109
113
107
11
20
23
47
129
108
112
509
11
20
44
47
130
113
111
30
11
35
44
47
243
112
110
31
12
13
15
39
48
121
115
512
12
13
37
39
49
116
114
118
12
36
37
39
246
115
122
119
12
13
17
41
33
120
118
515
12
13
37
41
34
119
117
115
12
36
37
41
249
118
122
116
12
15
17
41
126
117
121
518
12
15
39
41
128
122
120
114
12
36
39
41
252
121
119
116
14
18
23
47
129
108
124
521
14
18
42
47
131
125
123
93
14
38
42
47
255
124
109
94
15
16
17
41
102
120
127
524
15
16
40
41
103
128
126
99
15
39
40
41
258
127
121
100
18
20
23
47
111
123
130
527
18
20
44
47
112
131
129
39
18
42
44
47
261
130
124
40
24
26
33
57
154
139
133
2
24
26
50
57
155
134
132
136
24
48
50
57
264
133
140
137
24
26
35
59
163
142
136
5
24
26
50
59
164
137
135
133
24
48
50
59
267
136
143
134
24
33
46
70
213
141
139
8
24
33
57
70
214
140
138
132
24
48
57
70
270
139
143
134
24
35
46
70
237
138
142
11
24
35
59
70
239
143
141
135
24
48
59
70
273
142
140
137
25
30
42
66
174
151
145
14
25
30
54
66
175
146
144
148
25
49
54
66
276
145
152
149
25
30
46
70
213
150
148
17
25
30
54
70
215
149
147
145
25
49
54
70
279
148
152
146
25
42
46
70
228
147
151
20
25
42
66
70
229
152
150
144
25
49
66
70
282
151
149
146
26
33
37
61
210
166
154
23
26
33
57
61
211
155
153
132
26
50
57
61
285
154
167
133
26
34
39
63
232
169
157
26
26
34
58
63
233
158
156
160
26
50
58
63
288
157
170
161
26
34
41
65
234
165
160
29
26
34
58
65
236
161
159
157
26
50
58
65
291
160
167
158
26
35
44
68
244
171
163
32
26
35
59
68
245
164
162
135
26
50
59
68
294
163
173
136
26
37
41
65
249
159
166
35
26
37
61
65
250
167
165
153
26
50
61
65
297
166
161
155
26
39
42
66
186
172
169
38
26
39
63
66
187
170
168
156
26
50
63
66
300
169
173
158
26
42
44
68
262
162
172
41
26
42
66
68
263
173
171
168
26
50
66
68
303
172
164
170
27
30
42
66
144
186
175
44
27
30
54
66
145
176
174
178
27
51
54
66
306
175
188
179
27
30
43
67
201
190
178
47
27
30
54
67
202
179
177
175
27
51
54
67
309
178
191
176
27
37
39
63
246
187
181
50
27
37
61
63
247
182
180
184
27
51
61
63
312
181
188
185
27
37
45
69
216
189
184
53
27
37
61
69
217
185
183
181
27
51
61
69
315
184
191
182
27
39
42
66
168
174
187
56
27
39
63
66
169
188
186
180
27
51
63
66
318
187
176
182
27
43
45
69
207
183
190
59
27
43
67
69
208
191
189
177
27
51
67
69
321
190
185
179
28
32
38
62
219
199
193
62
28
32
56
62
220
194
192
196
28
52
56
62
324
193
200
197
28
32
46
70
228
198
196
65
28
32
56
70
230
197
195
193
28
52
56
70
327
196
200
194
28
38
46
70
237
195
199
68
28
38
62
70
238
200
198
192
28
52
62
70
330
199
197
194
29
30
43
67
177
208
202
71
29
30
54
67
178
203
201
205
29
53
54
67
333
202
209
206
29
30
45
69
216
207
205
74
29
30
54
69
218
206
204
202
29
53
54
69
336
205
209
203
29
43
45
69
189
204
208
77
29
43
67
69
190
209
207
201
29
53
67
69
339
208
206
203
30
33
37
61
153
217
211
80
30
33
57
61
154
212
210
214
30
54
57
61
342
211
218
215
30
33
46
70
138
147
214
83
30
33
57
70
139
215
213
211
30
54
57
70
345
214
148
212
30
37
45
69
183
204
217
86
30
37
61
69
184
218
216
210
30
54
61
69
348
217
205
212
31
32
38
62
192
226
220
89
31
32
56
62
193
221
219
223
31
55
56
62
351
220
227
224
31
32
42
66
229
225
223
92
31
32
56
66
230
224
222
220
31
55
56
66
354
223
227
221
31
38
42
66
256
222
226
95
31
38
62
66
257
227
225
219
31
55
62
66
357
226
224
221
32
42
46
70
150
195
229
98
32
42
66
70
151
230
228
222
32
56
66
70
360
229
196
223
34
39
40
64
259
235
232
101
34
39
63
64
260
233
231
156
34
58
63
64
363
232
236
157
34
40
41
65
258
159
235
104
34
40
64
65
259
236
234
231
34
58
64
65
366
235
160
233
35
38
46
70
198
141
238
107
35
38
62
70
199
239
237
241
35
59
62
70
369
238
142
242
35
38
47
71
255
243
241
110
35
38
62
71
257
242
240
238
35
59
62
71
372
241
245
239
35
44
47
71
261
240
244
113
35
44
68
71
262
245
243
162
35
59
68
71
375
244
242
163
36
37
39
63
180
253
247
116
36
37
61
63
181
248
246
250
36
60
61
63
378
247
254
251
36
37
41
65
165
252
250
119
36
37
61
65
166
251
249
247
36
60
61
65
381
250
254
248
36
39
41
65
258
249
253
122
36
39
63
65
260
254
252
246
36
60
63
65
384
253
251
248
38
42
47
71
261
240
256
125
38
42
66
71
263
257
255
225
38
62
66
71
387
256
241
226
39
40
41
65
234
252
259
128
39
40
64
65
235
260
258
231
39
63
64
65
390
259
253
232
42
44
47
71
243
255
262
131
42
44
68
71
244
263
261
171
42
66
68
71
393
262
256
172
48
50
57
81
286
271
265
134
48
50
74
81
287
266
264
268
48
72
74
81
396
265
272
269
48
50
59
83
295
274
268
137
48
50
74
83
296
269
267
265
48
72
74
83
399
268
275
266
48
57
70
94
345
273
271
140
48
57
81
94
346
272
270
264
48
72
81
94
402
271
275
266
48
59
70
94
369
270
274
143
48
59
83
94
371
275
273
267
48
72
83
94
405
274
272
269
49
54
66
90
306
283
277
146
49
54
78
90
307
278
276
280
49
73
78
90
408
277
284
281
49
54
70
94
345
282
280
149
49
54
78
94
347
281
279
277
49
73
78
94
411
280
284
278
49
66
70
94
360
279
283
152
49
66
90
94
361
284
282
276
49
73
90
94
414
283
281
278
50
57
61
85
342
298
286
155
50
57
81
85
343
287
285
264
50
74
81
85
417
286
299
265
50
58
63
87
364
301
289
158
50
58
82
87
365
290
288
292
50
74
82
87
420
289
302
293
50
58
65
89
366
297
292
161
50
58
82
89
368
293
291
289
50
74
82
89
423
292
299
290
50
59
68
92
376
303
295
164
50
59
83
92
377
296
294
267
50
74
83
92
426
295
305
268
50
61
65
89
381
291
298
167
50
61
85
89
382
299
297
285
50
74
85
89
429
298
293
287
50
63
66
90
318
304
301
170
50
63
87
90
319
302
300
288
50
74
87
90
432
301
305
290
50
66
68
92
394
294
304
173
50
66
90
92
395
305
303
300
50
74
90
92
435
304
296
302
51
54
66
90
276
318
307
176
51
54
78
90
277
308
306
310
51
75
78
90
438
307
320
311
51
54
67
91
333
322
310
179
51
54
78
91
334
311
309
307
51
75
78
91
441
310
323
308
51
61
63
87
378
319
313
182
51
61
85
87
379
314
312
316
51
75
85
87
444
313
320
317
51
61
69
93
348
321
316
185
51
61
85
93
349
317
315
313
51
75
85
93
447
316
323
314
51
63
66
90
300
306
319
188
51
63
87
90
301
320
318
312
51
75
87
90
450
319
308
314
51
67
69
93
339
315
322
191
51
67
91
93
340
323
321
309
51
75
91
93
453
322
317
311
52
56
62
86
351
331
325
194
52
56
80
86
352
326
324
328
52
76
80
86
456
325
332
329
52
56
70
94
360
330
328
197
52
56
80
94
362
329
327
325
52
76
80
94
459
328
332
326
52
62
70
94
369
327
331
200
52
62
86
94
370
332
330
324
52
76
86
94
462
331
329
326
53
54
67
91
309
340
334
203
53
54
78
91
310
335
333
337
53
77
78
91
465
334
341
338
53
54
69
93
348
339
337
206
53
54
78
93
350
338
336
334
53
77
78
93
468
337
341
335
53
67
69
93
321
336
340
209
53
67
91
93
322
341
339
333
53
77
91
93
471
340
338
335
54
57
61
85
285
349
343
212
54
57
81
85
286
344
342
346
54
78
81
85
474
343
350
347
54
57
70
94
270
279
346
215
54
57
81
94
271
347
345
343
54
78
81
94
477
346
280
344
54
61
69
93
315
336
349
218
54
61
85
93
316
350
348
342
54
78
85
93
480
349
337
344
55
56
62
86
324
358
352
221
55
56
80
86
325
353
351
355
55
79
80
86
483
352
359
356
55
56
66
90
361
357
355
224
55
56
80
90
362
356
354
352
55
79
80
90
486
355
359
353
55
62
66
90
388
354
358
227
55
62
86
90
389
359
357
351
55
79
86
90
489
358
356
353
56
66
70
94
282
327
361
230
56
66
90
94
283
362
360
354
56
80
90
94
492
361
328
355
58
63
64
88
391
367
364
233
58
63
87
88
392
365
363
288
58
82
87
88
495
364
368
289
58
64
65
89
390
291
367
236
58
64
88
89
391
368
366
363
58
82
88
89
498
367
292
365
59
62
70
94
330
273
370
239
59
62
86
94
331
371
369
373
59
83
86
94
501
370
274
374
59
62
71
95
387
375
373
242
59
62
86
95
389
374
372
370
59
83
86
95
504
373
377
371
59
68
71
95
393
372
376
245
59
68
92
95
394
377
375
294
59
83
92
95
507
376
374
295
60
61
63
87
312
385
379
248
60
61
85
87
313
380
378
382
60
84
85
87
510
379
386
383
60
61
65
89
297
384
382
251
60
61
85
89
298
383
381
379
60
84
85
89
513
382
386
380
60
63
65
89
390
381
385
254
60
63
87
89
392
386
384
378
60
84
87
89
516
385
383
380
62
66
71
95
393
372
388
257
62
66
90
95
395
389
387
357
62
86
90
95
519
388
373
358
63
64
65
89
366
384
391
260
63
64
88
89
367
392
390
363
63
87
88
89
522
391
385
364
66
68
71
95
375
387
394
263
66
68
92
95
376
395
393
303
66
90
92
95
525
394
388
304
72
74
81
9
418
403
397
266
72
74
2
9
419
398
396
400
72
0
2
9
0
397
404
401
72
74
83
11
427
406
400
269
72
74
2
11
428
401
399
397
72
0
2
11
3
400
407
398
72
81
94
22
477
405
403
272
72
81
9
22
478
404
402
396
72
0
9
22
6
403
407
398
72
83
94
22
501
402
406
275
72
83
11
22
503
407
405
399
72
0
11
22
9
406
404
401
73
78
90
18
438
415
409
278
73
78
6
18
439
410
408
412
73
1
6
18
12
409
416
413
73
78
94
22
477
414
412
281
73
78
6
22
479
413
411
409
73
1
6
22
15
412
416
410
73
90
94
22
492
411
415
284
73
90
18
22
493
416
414
408
73
1
18
22
18
415
413
410
74
81
85
13
474
430
418
287
74
81
9
13
475
419
417
396
74
2
9
13
21
418
431
397
74
82
87
15
496
433
421
290
74
82
10
15
497
422
420
424
74
2
10
15
24
421
434
425
74
82
89
17
498
429
424
293
74
82
10
17
500
425
423
421
74
2
10
17
27
424
431
422
74
83
92
20
508
435
427
296
74
83
11
20
509
428
426
399
74
2
11
20
30
427
437
400
74
85
89
17
513
423
430
299
74
85
13
17
514
431
429
417
74
2
13
17
33
430
425
419
74
87
90
18
450
436
433
302
74
87
15
18
451
434
432
420
74
2
15
18
36
433
437
422
74
90
92
20
526
426
436
305
74
90
18
20
527
437
435
432
74
2
18
20
39
436
428
434
75
78
90
18
408
450
439
308
75
78
6
18
409
440
438
442
75
3
6
18
42
439
452
443
75
78
91
19
465
454
442
311
75
78
6
19
466
443
441
439
75
3
6
19
45
442
455
440
75
85
87
15
510
451
445
314
75
85
13
15
511
446
444
448
75
3
13
15
48
445
452
449
75
85
93
21
480
453
448
317
75
85
13
21
481
449
447
445
75
3
13
21
51
448
455
446
75
87
90
18
432
438
451
320
75
87
15
18
433
452
450
444
75
3
15
18
54
451
440
446
75
91
93
21
471
447
454
323
75
91
19
21
472
455
453
441
75
3
19
21
57
454
449
443
76
80
86
14
483
463
457
326
76
80
8
14
484
458
456
460
76
4
8
14
60
457
464
461
76
80
94
22
492
462
460
329
76
80
8
22
494
461
459
457
76
4
8
22
63
460
464
458
76
86
94
22
501
459
463
332
76
86
14
22
502
464
462
456
76
4
14
22
66
463
461
458
77
78
91
19
441
472
466
335
77
78
6
19
442
467
465
469
77
5
6
19
69
466
473
470
77
78
93
21
480
471
469
338
77
78
6
21
482
470
468
466
77
5
6
21
72
469
473
467
77
91
93
21
453
468
472
341
77
91
19
21
454
473
471
465
77
5
19
21
75
472
470
467
78
81
85
13
417
481
475
344
78
81
9
13
418
476
474
478
78
6
9
13
78
475
482
479
78
81
94
22
402
411
478
347
78
81
9
22
403
479
477
475
78
6
9
22
81
478
412
476
78
85
93
21
447
468
481
350
78
85
13
21
448
482
480
474
78
6
13
21
84
481
469
476
79
80
86
14
456
490
484
353
79
80
8
14
457
485
483
487
79
7
8
14
87
484
491
488
79
80
90
18
493
489
487
356
79
80
8
18
494
488
486
484
79
7
8
18
90
487
491
485
79
86
90
18
520
486
490
359
79
86
14
18
521
491
489
483
79
7
14
18
93
490
488
485
80
90
94
22
414
459
493
362
80
90
18
22
415
494
492
486
80
8
18
22
96
493
460
487
82
87
88
16
523
499
496
365
82
87
15
16
524
497
495
420
82
10
15
16
99
496
500
421
82
88
89
17
522
423
499
368
82
88
16
17
523
500
498
495
82
10
16
17
102
499
424
497
83
86
94
22
462
405
502
371
83
86
14
22
463
503
501
505
83
11
14
22
105
502
406
506
83
86
95
23
519
507
505
374
83
86
14
23
521
506
504
502
83
11
14
23
108
505
509
503
83
92
95
23
525
504
508
377
83
92
20
23
526
509
507
426
83
11
20
23
111
508
506
427
84
85
87
15
444
517
511
380
84
85
13
15
445
512
510
514
84
12
13
15
114
511
518
515
84
85
89
17
429
516
514
383
84
85
13
17
430
515
513
511
84
12
13
17
117
514
518
512
84
87
89
17
522
513
517
386
84
87
15
17
524
518
516
510
84
12
15
17
120
517
515
512
86
90
95
23
525
504
520
389
86
90
18
23
527
521
519
489
86
14
18
23
123
520
505
490
87
88
89
17
498
516
523
392
87
88
16
17
499
524
522
495
87
15
16
17
126
523
517
496
90
92
95
23
507
519
526
395
90
92
20
23
508
527
525
435
90
18
20
23
129
526
520
436
528
