1
96
0
0
0
0
0
0
0
0
0
0
0
0
0
0
0
0
0
0
0
0
0
0
0
0
1
1
1
1
1
1
1
1
1
1
1
1
1
1
1
1
1
1
1
1
1
1
1
1
2
2
2
2
2
2
2
2
2
2
2
2
2
2
2
2
2
2
2
2
2
2
2
2
3
3
3
3
3
3
3
3
3
3
3
3
3
3
3
3
3
3
3
3
3
3
3
3
96
528
0
2
6
30
21
13
1
398
0
2
26
30
22
2
0
4
0
24
26
30
132
1
14
5
0
2
16
40
42
16
4
401
0
2
26
40
44
5
3
1
0
24
26
40
135
4
17
2
0
3
18
42
63
15
7
404
0
3
27
42
65
8
6
10
0
24
27
42
138
7
17
11
0
3
22
46
72
18
10
407
0
3
27
46
74
11
9
7
0
24
27
46
141
10
20
8
0
6
19
43
121
19
13
410
0
6
30
43
122
14
12
0
0
24
30
43
144
13
20
2
0
16
18
42
129
6
16
413
0
16
40
42
130
17
15
3
0
24
40
42
147
16
8
5
0
19
22
46
72
9
19
416
0
19
43
46
73
20
18
12
0
24
43
46
150
19
11
14
1
2
6
30
0
34
22
419
1
2
26
30
1
23
21
25
1
25
26
30
153
22
35
26
1
2
8
32
40
37
25
422
1
2
26
32
41
26
24
22
1
25
26
32
156
25
38
23
1
3
11
35
45
33
28
425
1
3
27
35
47
29
27
31
1
25
27
35
159
28
35
32
1
3
12
36
64
36
31
428
1
3
27
36
65
32
30
28
1
25
27
36
162
31
38
29
1
6
11
35
45
27
34
431
1
6
30
35
46
35
33
21
1
25
30
35
165
34
29
23
1
8
12
36
39
30
37
434
1
8
32
36
40
38
36
24
1
25
32
36
168
37
32
26
2
8
12
36
36
43
40
437
2
8
32
36
37
41
39
24
2
26
32
36
171
40
44
25
2
12
16
40
130
3
43
440
2
12
36
40
131
44
42
39
2
26
36
40
174
43
4
41
3
6
11
35
33
27
46
443
3
6
30
35
34
47
45
49
3
27
30
35
177
46
28
50
3
6
14
38
115
67
49
446
3
6
30
38
116
50
48
46
3
27
30
38
180
49
68
47
3
7
13
37
124
57
52
449
3
7
31
37
125
53
51
55
3
27
31
37
183
52
59
56
3
7
21
45
123
69
55
452
3
7
31
45
125
56
54
52
3
27
31
45
186
55
71
53
3
9
13
37
127
51
58
455
3
9
33
37
128
59
57
61
3
27
33
37
189
58
53
62
3
9
23
47
102
75
61
458
3
9
33
47
103
62
60
58
3
27
33
47
192
61
77
59
3
12
18
42
129
6
64
461
3
12
36
42
131
65
63
30
3
27
36
42
195
64
7
31
3
14
15
39
114
70
67
464
3
14
38
39
115
68
66
48
3
27
38
39
198
67
71
50
3
15
21
45
117
54
70
467
3
15
39
45
118
71
69
66
3
27
39
45
201
70
56
68
3
19
22
46
18
9
73
470
3
19
43
46
19
74
72
76
3
27
43
46
204
73
10
77
3
19
23
47
120
60
76
473
3
19
43
47
121
77
75
73
3
27
43
47
207
76
62
74
4
5
9
33
91
85
79
476
4
5
29
33
92
80
78
82
4
28
29
33
210
79
86
83
4
5
10
34
94
88
82
479
4
5
29
34
95
83
81
79
4
28
29
34
213
82
89
80
4
9
17
41
99
87
85
482
4
9
33
41
100
86
84
78
4
28
33
41
216
85
89
80
4
10
17
41
108
84
88
485
4
10
34
41
109
89
87
81
4
28
34
41
219
88
86
83
5
9
20
44
126
96
91
488
5
9
33
44
128
92
90
78
5
29
33
44
222
91
98
79
5
10
13
37
105
97
94
491
5
10
34
37
106
95
93
81
5
29
34
37
225
94
98
82
5
13
20
44
126
90
97
494
5
13
37
44
127
98
96
93
5
29
37
44
228
97
92
95
6
9
17
41
84
108
100
497
6
9
33
41
85
101
99
103
6
30
33
41
231
100
110
104
6
9
23
47
60
120
103
500
6
9
33
47
61
104
102
100
6
30
33
47
234
103
122
101
6
10
13
37
93
112
106
503
6
10
34
37
94
107
105
109
6
30
34
37
237
106
113
110
6
10
17
41
87
99
109
506
6
10
34
41
88
110
108
106
6
30
34
41
240
109
101
107
6
13
21
45
123
117
112
509
6
13
37
45
124
113
111
105
6
30
37
45
243
112
119
107
6
14
15
39
66
118
115
512
6
14
38
39
67
116
114
48
6
30
38
39
246
115
119
49
6
15
21
45
69
111
118
515
6
15
39
45
70
119
117
114
6
30
39
45
249
118
113
116
6
19
23
47
75
102
121
518
6
19
43
47
76
122
120
12
6
30
43
47
252
121
104
13
7
13
21
45
111
54
124
521
7
13
37
45
112
125
123
51
7
31
37
45
255
124
55
52
9
13
20
44
96
90
127
524
9
13
37
44
97
128
126
57
9
33
37
44
258
127
91
58
12
16
18
42
15
63
130
527
12
16
40
42
16
131
129
42
12
36
40
42
261
130
64
43
24
26
30
54
153
145
133
2
24
26
50
54
154
134
132
136
24
48
50
54
264
133
146
137
24
26
40
64
174
148
136
5
24
26
50
64
176
137
135
133
24
48
50
64
267
136
149
134
24
27
42
66
195
147
139
8
24
27
51
66
197
140
138
142
24
48
51
66
270
139
149
143
24
27
46
70
204
150
142
11
24
27
51
70
206
143
141
139
24
48
51
70
273
142
152
140
24
30
43
67
253
151
145
14
24
30
54
67
254
146
144
132
24
48
54
67
276
145
152
134
24
40
42
66
261
138
148
17
24
40
64
66
262
149
147
135
24
48
64
66
279
148
140
137
24
43
46
70
204
141
151
20
24
43
67
70
205
152
150
144
24
48
67
70
282
151
143
146
25
26
30
54
132
166
154
23
25
26
50
54
133
155
153
157
25
49
50
54
285
154
167
158
25
26
32
56
172
169
157
26
25
26
50
56
173
158
156
154
25
49
50
56
288
157
170
155
25
27
35
59
177
165
160
29
25
27
51
59
179
161
159
163
25
49
51
59
291
160
167
164
25
27
36
60
196
168
163
32
25
27
51
60
197
164
162
160
25
49
51
60
294
163
170
161
25
30
35
59
177
159
166
35
25
30
54
59
178
167
165
153
25
49
54
59
297
166
161
155
25
32
36
60
171
162
169
38
25
32
56
60
172
170
168
156
25
49
56
60
300
169
164
158
26
32
36
60
168
175
172
41
26
32
56
60
169
173
171
156
26
50
56
60
303
172
176
157
26
36
40
64
262
135
175
44
26
36
60
64
263
176
174
171
26
50
60
64
306
175
136
173
27
30
35
59
165
159
178
47
27
30
54
59
166
179
177
181
27
51
54
59
309
178
160
182
27
30
38
62
247
199
181
50
27
30
54
62
248
182
180
178
27
51
54
62
312
181
200
179
27
31
37
61
256
189
184
53
27
31
55
61
257
185
183
187
27
51
55
61
315
184
191
188
27
31
45
69
255
201
187
56
27
31
55
69
257
188
186
184
27
51
55
69
318
187
203
185
27
33
37
61
259
183
190
59
27
33
57
61
260
191
189
193
27
51
57
61
321
190
185
194
27
33
47
71
234
207
193
62
27
33
57
71
235
194
192
190
27
51
57
71
324
193
209
191
27
36
42
66
261
138
196
65
27
36
60
66
263
197
195
162
27
51
60
66
327
196
139
163
27
38
39
63
246
202
199
68
27
38
62
63
247
200
198
180
27
51
62
63
330
199
203
182
27
39
45
69
249
186
202
71
27
39
63
69
250
203
201
198
27
51
63
69
333
202
188
200
27
43
46
70
150
141
205
74
27
43
67
70
151
206
204
208
27
51
67
70
336
205
142
209
27
43
47
71
252
192
208
77
27
43
67
71
253
209
207
205
27
51
67
71
339
208
194
206
28
29
33
57
223
217
211
80
28
29
53
57
224
212
210
214
28
52
53
57
342
211
218
215
28
29
34
58
226
220
214
83
28
29
53
58
227
215
213
211
28
52
53
58
345
214
221
212
28
33
41
65
231
219
217
86
28
33
57
65
232
218
216
210
28
52
57
65
348
217
221
212
28
34
41
65
240
216
220
89
28
34
58
65
241
221
219
213
28
52
58
65
351
220
218
215
29
33
44
68
258
228
223
92
29
33
57
68
260
224
222
210
29
53
57
68
354
223
230
211
29
34
37
61
237
229
226
95
29
34
58
61
238
227
225
213
29
53
58
61
357
226
230
214
29
37
44
68
258
222
229
98
29
37
61
68
259
230
228
225
29
53
61
68
360
229
224
227
30
33
41
65
216
240
232
101
30
33
57
65
217
233
231
235
30
54
57
65
363
232
242
236
30
33
47
71
192
252
235
104
30
33
57
71
193
236
234
232
30
54
57
71
366
235
254
233
30
34
37
61
225
244
238
107
30
34
58
61
226
239
237
241
30
54
58
61
369
238
245
242
30
34
41
65
219
231
241
110
30
34
58
65
220
242
240
238
30
54
58
65
372
241
233
239
30
37
45
69
255
249
244
113
30
37
61
69
256
245
243
237
30
54
61
69
375
244
251
239
30
38
39
63
198
250
247
116
30
38
62
63
199
248
246
180
30
54
62
63
378
247
251
181
30
39
45
69
201
243
250
119
30
39
63
69
202
251
249
246
30
54
63
69
381
250
245
248
30
43
47
71
207
234
253
122
30
43
67
71
208
254
252
144
30
54
67
71
384
253
236
145
31
37
45
69
243
186
256
125
31
37
61
69
244
257
255
183
31
55
61
69
387
256
187
184
33
37
44
68
228
222
259
128
33
37
61
68
229
260
258
189
33
57
61
68
390
259
223
190
36
40
42
66
147
195
262
131
36
40
64
66
148
263
261
174
36
60
64
66
393
262
196
175
48
50
54
78
285
277
265
134
48
50
74
78
286
266
264
268
48
72
74
78
396
265
278
269
48
50
64
88
306
280
268
137
48
50
74
88
308
269
267
265
48
72
74
88
399
268
281
266
48
51
66
90
327
279
271
140
48
51
75
90
329
272
270
274
48
72
75
90
402
271
281
275
48
51
70
94
336
282
274
143
48
51
75
94
338
275
273
271
48
72
75
94
405
274
284
272
48
54
67
91
385
283
277
146
48
54
78
91
386
278
276
264
48
72
78
91
408
277
284
266
48
64
66
90
393
270
280
149
48
64
88
90
394
281
279
267
48
72
88
90
411
280
272
269
48
67
70
94
336
273
283
152
48
67
91
94
337
284
282
276
48
72
91
94
414
283
275
278
49
50
54
78
264
298
286
155
49
50
74
78
265
287
285
289
49
73
74
78
417
286
299
290
49
50
56
80
304
301
289
158
49
50
74
80
305
290
288
286
49
73
74
80
420
289
302
287
49
51
59
83
309
297
292
161
49
51
75
83
311
293
291
295
49
73
75
83
423
292
299
296
49
51
60
84
328
300
295
164
49
51
75
84
329
296
294
292
49
73
75
84
426
295
302
293
49
54
59
83
309
291
298
167
49
54
78
83
310
299
297
285
49
73
78
83
429
298
293
287
49
56
60
84
303
294
301
170
49
56
80
84
304
302
300
288
49
73
80
84
432
301
296
290
50
56
60
84
300
307
304
173
50
56
80
84
301
305
303
288
50
74
80
84
435
304
308
289
50
60
64
88
394
267
307
176
50
60
84
88
395
308
306
303
50
74
84
88
438
307
268
305
51
54
59
83
297
291
310
179
51
54
78
83
298
311
309
313
51
75
78
83
441
310
292
314
51
54
62
86
379
331
313
182
51
54
78
86
380
314
312
310
51
75
78
86
444
313
332
311
51
55
61
85
388
321
316
185
51
55
79
85
389
317
315
319
51
75
79
85
447
316
323
320
51
55
69
93
387
333
319
188
51
55
79
93
389
320
318
316
51
75
79
93
450
319
335
317
51
57
61
85
391
315
322
191
51
57
81
85
392
323
321
325
51
75
81
85
453
322
317
326
51
57
71
95
366
339
325
194
51
57
81
95
367
326
324
322
51
75
81
95
456
325
341
323
51
60
66
90
393
270
328
197
51
60
84
90
395
329
327
294
51
75
84
90
459
328
271
295
51
62
63
87
378
334
331
200
51
62
86
87
379
332
330
312
51
75
86
87
462
331
335
314
51
63
69
93
381
318
334
203
51
63
87
93
382
335
333
330
51
75
87
93
465
334
320
332
51
67
70
94
282
273
337
206
51
67
91
94
283
338
336
340
51
75
91
94
468
337
274
341
51
67
71
95
384
324
340
209
51
67
91
95
385
341
339
337
51
75
91
95
471
340
326
338
52
53
57
81
355
349
343
212
52
53
77
81
356
344
342
346
52
76
77
81
474
343
350
347
52
53
58
82
358
352
346
215
52
53
77
82
359
347
345
343
52
76
77
82
477
346
353
344
52
57
65
89
363
351
349
218
52
57
81
89
364
350
348
342
52
76
81
89
480
349
353
344
52
58
65
89
372
348
352
221
52
58
82
89
373
353
351
345
52
76
82
89
483
352
350
347
53
57
68
92
390
360
355
224
53
57
81
92
392
356
354
342
53
77
81
92
486
355
362
343
53
58
61
85
369
361
358
227
53
58
82
85
370
359
357
345
53
77
82
85
489
358
362
346
53
61
68
92
390
354
361
230
53
61
85
92
391
362
360
357
53
77
85
92
492
361
356
359
54
57
65
89
348
372
364
233
54
57
81
89
349
365
363
367
54
78
81
89
495
364
374
368
54
57
71
95
324
384
367
236
54
57
81
95
325
368
366
364
54
78
81
95
498
367
386
365
54
58
61
85
357
376
370
239
54
58
82
85
358
371
369
373
54
78
82
85
501
370
377
374
54
58
65
89
351
363
373
242
54
58
82
89
352
374
372
370
54
78
82
89
504
373
365
371
54
61
69
93
387
381
376
245
54
61
85
93
388
377
375
369
54
78
85
93
507
376
383
371
54
62
63
87
330
382
379
248
54
62
86
87
331
380
378
312
54
78
86
87
510
379
383
313
54
63
69
93
333
375
382
251
54
63
87
93
334
383
381
378
54
78
87
93
513
382
377
380
54
67
71
95
339
366
385
254
54
67
91
95
340
386
384
276
54
78
91
95
516
385
368
277
55
61
69
93
375
318
388
257
55
61
85
93
376
389
387
315
55
79
85
93
519
388
319
316
57
61
68
92
360
354
391
260
57
61
85
92
361
392
390
321
57
81
85
92
522
391
355
322
60
64
66
90
279
327
394
263
60
64
88
90
280
395
393
306
60
84
88
90
525
394
328
307
72
74
78
6
417
409
397
266
72
74
2
6
418
398
396
400
72
0
2
6
0
397
410
401
72
74
88
16
438
412
400
269
72
74
2
16
440
401
399
397
72
0
2
16
3
400
413
398
72
75
90
18
459
411
403
272
72
75
3
18
461
404
402
406
72
0
3
18
6
403
413
407
72
75
94
22
468
414
406
275
72
75
3
22
470
407
405
403
72
0
3
22
9
406
416
404
72
78
91
19
517
415
409
278
72
78
6
19
518
410
408
396
72
0
6
19
12
409
416
398
72
88
90
18
525
402
412
281
72
88
16
18
526
413
411
399
72
0
16
18
15
412
404
401
72
91
94
22
468
405
415
284
72
91
19
22
469
416
414
408
72
0
19
22
18
415
407
410
73
74
78
6
396
430
418
287
73
74
2
6
397
419
417
421
73
1
2
6
21
418
431
422
73
74
80
8
436
433
421
290
73
74
2
8
437
422
420
418
73
1
2
8
24
421
434
419
73
75
83
11
441
429
424
293
73
75
3
11
443
425
423
427
73
1
3
11
27
424
431
428
73
75
84
12
460
432
427
296
73
75
3
12
461
428
426
424
73
1
3
12
30
427
434
425
73
78
83
11
441
423
430
299
73
78
6
11
442
431
429
417
73
1
6
11
33
430
425
419
73
80
84
12
435
426
433
302
73
80
8
12
436
434
432
420
73
1
8
12
36
433
428
422
74
80
84
12
432
439
436
305
74
80
8
12
433
437
435
420
74
2
8
12
39
436
440
421
74
84
88
16
526
399
439
308
74
84
12
16
527
440
438
435
74
2
12
16
42
439
400
437
75
78
83
11
429
423
442
311
75
78
6
11
430
443
441
445
75
3
6
11
45
442
424
446
75
78
86
14
511
463
445
314
75
78
6
14
512
446
444
442
75
3
6
14
48
445
464
443
75
79
85
13
520
453
448
317
75
79
7
13
521
449
447
451
75
3
7
13
51
448
455
452
75
79
93
21
519
465
451
320
75
79
7
21
521
452
450
448
75
3
7
21
54
451
467
449
75
81
85
13
523
447
454
323
75
81
9
13
524
455
453
457
75
3
9
13
57
454
449
458
75
81
95
23
498
471
457
326
75
81
9
23
499
458
456
454
75
3
9
23
60
457
473
455
75
84
90
18
525
402
460
329
75
84
12
18
527
461
459
426
75
3
12
18
63
460
403
427
75
86
87
15
510
466
463
332
75
86
14
15
511
464
462
444
75
3
14
15
66
463
467
446
75
87
93
21
513
450
466
335
75
87
15
21
514
467
465
462
75
3
15
21
69
466
452
464
75
91
94
22
414
405
469
338
75
91
19
22
415
470
468
472
75
3
19
22
72
469
406
473
75
91
95
23
516
456
472
341
75
91
19
23
517
473
471
469
75
3
19
23
75
472
458
470
76
77
81
9
487
481
475
344
76
77
5
9
488
476
474
478
76
4
5
9
78
475
482
479
76
77
82
10
490
484
478
347
76
77
5
10
491
479
477
475
76
4
5
10
81
478
485
476
76
81
89
17
495
483
481
350
76
81
9
17
496
482
480
474
76
4
9
17
84
481
485
476
76
82
89
17
504
480
484
353
76
82
10
17
505
485
483
477
76
4
10
17
87
484
482
479
77
81
92
20
522
492
487
356
77
81
9
20
524
488
486
474
77
5
9
20
90
487
494
475
77
82
85
13
501
493
490
359
77
82
10
13
502
491
489
477
77
5
10
13
93
490
494
478
77
85
92
20
522
486
493
362
77
85
13
20
523
494
492
489
77
5
13
20
96
493
488
491
78
81
89
17
480
504
496
365
78
81
9
17
481
497
495
499
78
6
9
17
99
496
506
500
78
81
95
23
456
516
499
368
78
81
9
23
457
500
498
496
78
6
9
23
102
499
518
497
78
82
85
13
489
508
502
371
78
82
10
13
490
503
501
505
78
6
10
13
105
502
509
506
78
82
89
17
483
495
505
374
78
82
10
17
484
506
504
502
78
6
10
17
108
505
497
503
78
85
93
21
519
513
508
377
78
85
13
21
520
509
507
501
78
6
13
21
111
508
515
503
78
86
87
15
462
514
511
380
78
86
14
15
463
512
510
444
78
6
14
15
114
511
515
445
78
87
93
21
465
507
514
383
78
87
15
21
466
515
513
510
78
6
15
21
117
514
509
512
78
91
95
23
471
498
517
386
78
91
19
23
472
518
516
408
78
6
19
23
120
517
500
409
79
85
93
21
507
450
520
389
79
85
13
21
508
521
519
447
79
7
13
21
123
520
451
448
81
85
92
20
492
486
523
392
81
85
13
20
493
524
522
453
81
9
13
20
126
523
487
454
84
88
90
18
411
459
526
395
84
88
16
18
412
527
525
438
84
12
16
18
129
526
460
439
528
