1
96
0
0
0
0
0
0
0
0
0
0
0
0
0
0
0
0
0
0
0
0
0
0
0
0
1
1
1
1
1
1
1
1
1
1
1
1
1
1
1
1
1
1
1
1
1
1
1
1
2
2
2
2
2
2
2
2
2
2
2
2
2
2
2
2
2
2
2
2
2
2
2
2
3
3
3
3
3
3
3
3
3
3
3
3
3
3
3
3
3
3
3
3
3
3
3
3
96
528
0
1
10
34
49
24
1
398
0
1
25
34
50
2
0
4
0
24
25
34
132
1
26
5
0
1
13
37
39
6
4
401
0
1
25
37
41
5
3
1
0
24
25
37
135
4
8
2
0
2
13
37
73
3
7
404
0
2
26
37
74
8
6
10
0
24
26
37
138
7
5
11
0
2
20
44
36
21
10
407
0
2
26
44
37
11
9
7
0
24
26
44
141
10
23
8
0
6
9
33
94
25
13
410
0
6
30
33
95
14
12
16
0
24
30
33
144
13
26
17
0
6
12
36
93
28
16
413
0
6
30
36
95
17
15
13
0
24
30
36
147
16
29
14
0
8
18
42
103
31
19
416
0
8
32
42
104
20
18
22
0
24
32
42
150
19
32
23
0
8
20
44
96
9
22
419
0
8
32
44
98
23
21
19
0
24
32
44
153
22
11
20
0
9
10
34
106
0
25
422
0
9
33
34
107
26
24
12
0
24
33
34
156
25
2
14
0
12
23
47
123
30
28
425
0
12
36
47
125
29
27
15
0
24
36
47
159
28
32
17
0
18
23
47
102
27
31
428
0
18
42
47
103
32
30
18
0
24
42
47
162
31
29
20
1
2
7
31
57
46
34
431
1
2
26
31
59
35
33
37
1
25
26
31
165
34
47
38
1
2
20
44
9
48
37
434
1
2
26
44
10
38
36
34
1
25
26
44
168
37
50
35
1
4
13
37
82
3
40
437
1
4
28
37
83
41
39
43
1
25
28
37
171
40
4
44
1
4
19
43
81
51
43
440
1
4
28
43
83
44
42
40
1
25
28
43
174
43
53
41
1
7
22
46
78
54
46
443
1
7
31
46
79
47
45
33
1
25
31
46
177
46
56
35
1
10
20
44
105
36
49
446
1
10
34
44
106
50
48
0
1
25
34
44
180
49
38
1
1
11
19
43
69
42
52
449
1
11
35
43
70
53
51
55
1
25
35
43
183
52
44
56
1
11
22
46
117
45
55
452
1
11
35
46
119
56
54
52
1
25
35
46
186
55
47
53
2
3
7
31
79
33
58
455
2
3
27
31
80
59
57
61
2
26
27
31
189
58
34
62
2
3
22
46
78
66
61
458
2
3
27
46
80
62
60
58
2
26
27
46
192
61
68
59
2
5
11
35
85
70
64
461
2
5
29
35
86
65
63
67
2
26
29
35
195
64
71
68
2
5
22
46
90
60
67
464
2
5
29
46
92
68
66
64
2
26
29
46
198
67
62
65
2
11
19
43
51
75
70
467
2
11
35
43
52
71
69
63
2
26
35
43
201
70
77
65
2
13
16
40
127
76
73
470
2
13
37
40
128
74
72
6
2
26
37
40
204
73
77
7
2
16
19
43
126
69
76
473
2
16
40
43
127
77
75
72
2
26
40
43
207
76
71
74
3
7
22
46
45
60
79
476
3
7
31
46
46
80
78
57
3
27
31
46
210
79
61
58
4
13
19
43
126
42
82
479
4
13
37
43
128
83
81
39
4
28
37
43
213
82
43
40
5
11
17
41
114
87
85
482
5
11
35
41
116
86
84
63
5
29
35
41
216
85
89
64
5
15
17
41
114
84
88
485
5
15
39
41
115
89
87
91
5
29
39
41
219
88
86
92
5
15
22
46
117
66
91
488
5
15
39
46
118
92
90
88
5
29
39
46
222
91
67
89
6
9
12
36
109
15
94
491
6
9
33
36
110
95
93
12
6
30
33
36
225
94
16
13
8
9
20
44
105
21
97
494
8
9
33
44
107
98
96
100
8
32
33
44
228
97
22
101
8
9
23
47
111
102
100
497
8
9
33
47
113
101
99
97
8
32
33
47
231
100
104
98
8
18
23
47
30
99
103
500
8
18
42
47
31
104
102
18
8
32
42
47
234
103
101
19
9
10
20
44
48
96
106
503
9
10
34
44
49
107
105
24
9
33
34
44
237
106
97
25
9
12
21
45
120
112
109
506
9
12
36
45
122
110
108
93
9
33
36
45
240
109
113
94
9
21
23
47
129
99
112
509
9
21
45
47
130
113
111
108
9
33
45
47
243
112
100
110
11
15
17
41
87
84
115
512
11
15
39
41
88
116
114
118
11
35
39
41
246
115
85
119
11
15
22
46
90
54
118
515
11
15
39
46
91
119
117
115
11
35
39
46
249
118
55
116
12
14
21
45
130
108
121
518
12
14
38
45
131
122
120
124
12
36
38
45
252
121
109
125
12
14
23
47
129
27
124
521
12
14
38
47
131
125
123
121
12
36
38
47
255
124
28
122
13
16
19
43
75
81
127
524
13
16
40
43
76
128
126
72
13
37
40
43
258
127
82
73
14
21
23
47
111
123
130
527
14
21
45
47
112
131
129
120
14
38
45
47
261
130
124
121
24
25
34
58
181
156
133
2
24
25
49
58
182
134
132
136
24
48
49
58
264
133
158
137
24
25
37
61
171
138
136
5
24
25
49
61
173
137
135
133
24
48
49
61
267
136
140
134
24
26
37
61
205
135
139
8
24
26
50
61
206
140
138
142
24
48
50
61
270
139
137
143
24
26
44
68
168
153
142
11
24
26
50
68
169
143
141
139
24
48
50
68
273
142
155
140
24
30
33
57
226
157
145
14
24
30
54
57
227
146
144
148
24
48
54
57
276
145
158
149
24
30
36
60
225
160
148
17
24
30
54
60
227
149
147
145
24
48
54
60
279
148
161
146
24
32
42
66
235
163
151
20
24
32
56
66
236
152
150
154
24
48
56
66
282
151
164
155
24
32
44
68
228
141
154
23
24
32
56
68
230
155
153
151
24
48
56
68
285
154
143
152
24
33
34
58
238
132
157
26
24
33
57
58
239
158
156
144
24
48
57
58
288
157
134
146
24
36
47
71
255
162
160
29
24
36
60
71
257
161
159
147
24
48
60
71
291
160
164
149
24
42
47
71
234
159
163
32
24
42
66
71
235
164
162
150
24
48
66
71
294
163
161
152
25
26
31
55
189
178
166
35
25
26
50
55
191
167
165
169
25
49
50
55
297
166
179
170
25
26
44
68
141
180
169
38
25
26
50
68
142
170
168
166
25
49
50
68
300
169
182
167
25
28
37
61
214
135
172
41
25
28
52
61
215
173
171
175
25
49
52
61
303
172
136
176
25
28
43
67
213
183
175
44
25
28
52
67
215
176
174
172
25
49
52
67
306
175
185
173
25
31
46
70
210
186
178
47
25
31
55
70
211
179
177
165
25
49
55
70
309
178
188
167
25
34
44
68
237
168
181
50
25
34
58
68
238
182
180
132
25
49
58
68
312
181
170
133
25
35
43
67
201
174
184
53
25
35
59
67
202
185
183
187
25
49
59
67
315
184
176
188
25
35
46
70
249
177
187
56
25
35
59
70
251
188
186
184
25
49
59
70
318
187
179
185
26
27
31
55
211
165
190
59
26
27
51
55
212
191
189
193
26
50
51
55
321
190
166
194
26
27
46
70
210
198
193
62
26
27
51
70
212
194
192
190
26
50
51
70
324
193
200
191
26
29
35
59
217
202
196
65
26
29
53
59
218
197
195
199
26
50
53
59
327
196
203
200
26
29
46
70
222
192
199
68
26
29
53
70
224
200
198
196
26
50
53
70
330
199
194
197
26
35
43
67
183
207
202
71
26
35
59
67
184
203
201
195
26
50
59
67
333
202
209
197
26
37
40
64
259
208
205
74
26
37
61
64
260
206
204
138
26
50
61
64
336
205
209
139
26
40
43
67
258
201
208
77
26
40
64
67
259
209
207
204
26
50
64
67
339
208
203
206
27
31
46
70
177
192
211
80
27
31
55
70
178
212
210
189
27
51
55
70
342
211
193
190
28
37
43
67
258
174
214
83
28
37
61
67
260
215
213
171
28
52
61
67
345
214
175
172
29
35
41
65
246
219
217
86
29
35
59
65
248
218
216
195
29
53
59
65
348
217
221
196
29
39
41
65
246
216
220
89
29
39
63
65
247
221
219
223
29
53
63
65
351
220
218
224
29
39
46
70
249
198
223
92
29
39
63
70
250
224
222
220
29
53
63
70
354
223
199
221
30
33
36
60
241
147
226
95
30
33
57
60
242
227
225
144
30
54
57
60
357
226
148
145
32
33
44
68
237
153
229
98
32
33
57
68
239
230
228
232
32
56
57
68
360
229
154
233
32
33
47
71
243
234
232
101
32
33
57
71
245
233
231
229
32
56
57
71
363
232
236
230
32
42
47
71
162
231
235
104
32
42
66
71
163
236
234
150
32
56
66
71
366
235
233
151
33
34
44
68
180
228
238
107
33
34
58
68
181
239
237
156
33
57
58
68
369
238
229
157
33
36
45
69
252
244
241
110
33
36
60
69
254
242
240
225
33
57
60
69
372
241
245
226
33
45
47
71
261
231
244
113
33
45
69
71
262
245
243
240
33
57
69
71
375
244
232
242
35
39
41
65
219
216
247
116
35
39
63
65
220
248
246
250
35
59
63
65
378
247
217
251
35
39
46
70
222
186
250
119
35
39
63
70
223
251
249
247
35
59
63
70
381
250
187
248
36
38
45
69
262
240
253
122
36
38
62
69
263
254
252
256
36
60
62
69
384
253
241
257
36
38
47
71
261
159
256
125
36
38
62
71
263
257
255
253
36
60
62
71
387
256
160
254
37
40
43
67
207
213
259
128
37
40
64
67
208
260
258
204
37
61
64
67
390
259
214
205
38
45
47
71
243
255
262
131
38
45
69
71
244
263
261
252
38
62
69
71
393
262
256
253
48
49
58
82
313
288
265
134
48
49
73
82
314
266
264
268
48
72
73
82
396
265
290
269
48
49
61
85
303
270
268
137
48
49
73
85
305
269
267
265
48
72
73
85
399
268
272
266
48
50
61
85
337
267
271
140
48
50
74
85
338
272
270
274
48
72
74
85
402
271
269
275
48
50
68
92
300
285
274
143
48
50
74
92
301
275
273
271
48
72
74
92
405
274
287
272
48
54
57
81
358
289
277
146
48
54
78
81
359
278
276
280
48
72
78
81
408
277
290
281
48
54
60
84
357
292
280
149
48
54
78
84
359
281
279
277
48
72
78
84
411
280
293
278
48
56
66
90
367
295
283
152
48
56
80
90
368
284
282
286
48
72
80
90
414
283
296
287
48
56
68
92
360
273
286
155
48
56
80
92
362
287
285
283
48
72
80
92
417
286
275
284
48
57
58
82
370
264
289
158
48
57
81
82
371
290
288
276
48
72
81
82
420
289
266
278
48
60
71
95
387
294
292
161
48
60
84
95
389
293
291
279
48
72
84
95
423
292
296
281
48
66
71
95
366
291
295
164
48
66
90
95
367
296
294
282
48
72
90
95
426
295
293
284
49
50
55
79
321
310
298
167
49
50
74
79
323
299
297
301
49
73
74
79
429
298
311
302
49
50
68
92
273
312
301
170
49
50
74
92
274
302
300
298
49
73
74
92
432
301
314
299
49
52
61
85
346
267
304
173
49
52
76
85
347
305
303
307
49
73
76
85
435
304
268
308
49
52
67
91
345
315
307
176
49
52
76
91
347
308
306
304
49
73
76
91
438
307
317
305
49
55
70
94
342
318
310
179
49
55
79
94
343
311
309
297
49
73
79
94
441
310
320
299
49
58
68
92
369
300
313
182
49
58
82
92
370
314
312
264
49
73
82
92
444
313
302
265
49
59
67
91
333
306
316
185
49
59
83
91
334
317
315
319
49
73
83
91
447
316
308
320
49
59
70
94
381
309
319
188
49
59
83
94
383
320
318
316
49
73
83
94
450
319
311
317
50
51
55
79
343
297
322
191
50
51
75
79
344
323
321
325
50
74
75
79
453
322
298
326
50
51
70
94
342
330
325
194
50
51
75
94
344
326
324
322
50
74
75
94
456
325
332
323
50
53
59
83
349
334
328
197
50
53
77
83
350
329
327
331
50
74
77
83
459
328
335
332
50
53
70
94
354
324
331
200
50
53
77
94
356
332
330
328
50
74
77
94
462
331
326
329
50
59
67
91
315
339
334
203
50
59
83
91
316
335
333
327
50
74
83
91
465
334
341
329
50
61
64
88
391
340
337
206
50
61
85
88
392
338
336
270
50
74
85
88
468
337
341
271
50
64
67
91
390
333
340
209
50
64
88
91
391
341
339
336
50
74
88
91
471
340
335
338
51
55
70
94
309
324
343
212
51
55
79
94
310
344
342
321
51
75
79
94
474
343
325
322
52
61
67
91
390
306
346
215
52
61
85
91
392
347
345
303
52
76
85
91
477
346
307
304
53
59
65
89
378
351
349
218
53
59
83
89
380
350
348
327
53
77
83
89
480
349
353
328
53
63
65
89
378
348
352
221
53
63
87
89
379
353
351
355
53
77
87
89
483
352
350
356
53
63
70
94
381
330
355
224
53
63
87
94
382
356
354
352
53
77
87
94
486
355
331
353
54
57
60
84
373
279
358
227
54
57
81
84
374
359
357
276
54
78
81
84
489
358
280
277
56
57
68
92
369
285
361
230
56
57
81
92
371
362
360
364
56
80
81
92
492
361
286
365
56
57
71
95
375
366
364
233
56
57
81
95
377
365
363
361
56
80
81
95
495
364
368
362
56
66
71
95
294
363
367
236
56
66
90
95
295
368
366
282
56
80
90
95
498
367
365
283
57
58
68
92
312
360
370
239
57
58
82
92
313
371
369
288
57
81
82
92
501
370
361
289
57
60
69
93
384
376
373
242
57
60
84
93
386
374
372
357
57
81
84
93
504
373
377
358
57
69
71
95
393
363
376
245
57
69
93
95
394
377
375
372
57
81
93
95
507
376
364
374
59
63
65
89
351
348
379
248
59
63
87
89
352
380
378
382
59
83
87
89
510
379
349
383
59
63
70
94
354
318
382
251
59
63
87
94
355
383
381
379
59
83
87
94
513
382
319
380
60
62
69
93
394
372
385
254
60
62
86
93
395
386
384
388
60
84
86
93
516
385
373
389
60
62
71
95
393
291
388
257
60
62
86
95
395
389
387
385
60
84
86
95
519
388
292
386
61
64
67
91
339
345
391
260
61
64
88
91
340
392
390
336
61
85
88
91
522
391
346
337
62
69
71
95
375
387
394
263
62
69
93
95
376
395
393
384
62
86
93
95
525
394
388
385
72
73
82
10
445
420
397
266
72
73
1
10
446
398
396
400
72
0
1
10
0
397
422
401
72
73
85
13
435
402
400
269
72
73
1
13
437
401
399
397
72
0
1
13
3
400
404
398
72
74
85
13
469
399
403
272
72
74
2
13
470
404
402
406
72
0
2
13
6
403
401
407
72
74
92
20
432
417
406
275
72
74
2
20
433
407
405
403
72
0
2
20
9
406
419
404
72
78
81
9
490
421
409
278
72
78
6
9
491
410
408
412
72
0
6
9
12
409
422
413
72
78
84
12
489
424
412
281
72
78
6
12
491
413
411
409
72
0
6
12
15
412
425
410
72
80
90
18
499
427
415
284
72
80
8
18
500
416
414
418
72
0
8
18
18
415
428
419
72
80
92
20
492
405
418
287
72
80
8
20
494
419
417
415
72
0
8
20
21
418
407
416
72
81
82
10
502
396
421
290
72
81
9
10
503
422
420
408
72
0
9
10
24
421
398
410
72
84
95
23
519
426
424
293
72
84
12
23
521
425
423
411
72
0
12
23
27
424
428
413
72
90
95
23
498
423
427
296
72
90
18
23
499
428
426
414
72
0
18
23
30
427
425
416
73
74
79
7
453
442
430
299
73
74
2
7
455
431
429
433
73
1
2
7
33
430
443
434
73
74
92
20
405
444
433
302
73
74
2
20
406
434
432
430
73
1
2
20
36
433
446
431
73
76
85
13
478
399
436
305
73
76
4
13
479
437
435
439
73
1
4
13
39
436
400
440
73
76
91
19
477
447
439
308
73
76
4
19
479
440
438
436
73
1
4
19
42
439
449
437
73
79
94
22
474
450
442
311
73
79
7
22
475
443
441
429
73
1
7
22
45
442
452
431
73
82
92
20
501
432
445
314
73
82
10
20
502
446
444
396
73
1
10
20
48
445
434
397
73
83
91
19
465
438
448
317
73
83
11
19
466
449
447
451
73
1
11
19
51
448
440
452
73
83
94
22
513
441
451
320
73
83
11
22
515
452
450
448
73
1
11
22
54
451
443
449
74
75
79
7
475
429
454
323
74
75
3
7
476
455
453
457
74
2
3
7
57
454
430
458
74
75
94
22
474
462
457
326
74
75
3
22
476
458
456
454
74
2
3
22
60
457
464
455
74
77
83
11
481
466
460
329
74
77
5
11
482
461
459
463
74
2
5
11
63
460
467
464
74
77
94
22
486
456
463
332
74
77
5
22
488
464
462
460
74
2
5
22
66
463
458
461
74
83
91
19
447
471
466
335
74
83
11
19
448
467
465
459
74
2
11
19
69
466
473
461
74
85
88
16
523
472
469
338
74
85
13
16
524
470
468
402
74
2
13
16
72
469
473
403
74
88
91
19
522
465
472
341
74
88
16
19
523
473
471
468
74
2
16
19
75
472
467
470
75
79
94
22
441
456
475
344
75
79
7
22
442
476
474
453
75
3
7
22
78
475
457
454
76
85
91
19
522
438
478
347
76
85
13
19
524
479
477
435
76
4
13
19
81
478
439
436
77
83
89
17
510
483
481
350
77
83
11
17
512
482
480
459
77
5
11
17
84
481
485
460
77
87
89
17
510
480
484
353
77
87
15
17
511
485
483
487
77
5
15
17
87
484
482
488
77
87
94
22
513
462
487
356
77
87
15
22
514
488
486
484
77
5
15
22
90
487
463
485
78
81
84
12
505
411
490
359
78
81
9
12
506
491
489
408
78
6
9
12
93
490
412
409
80
81
92
20
501
417
493
362
80
81
9
20
503
494
492
496
80
8
9
20
96
493
418
497
80
81
95
23
507
498
496
365
80
81
9
23
509
497
495
493
80
8
9
23
99
496
500
494
80
90
95
23
426
495
499
368
80
90
18
23
427
500
498
414
80
8
18
23
102
499
497
415
81
82
92
20
444
492
502
371
81
82
10
20
445
503
501
420
81
9
10
20
105
502
493
421
81
84
93
21
516
508
505
374
81
84
12
21
518
506
504
489
81
9
12
21
108
505
509
490
81
93
95
23
525
495
508
377
81
93
21
23
526
509
507
504
81
9
21
23
111
508
496
506
83
87
89
17
483
480
511
380
83
87
15
17
484
512
510
514
83
11
15
17
114
511
481
515
83
87
94
22
486
450
514
383
83
87
15
22
487
515
513
511
83
11
15
22
117
514
451
512
84
86
93
21
526
504
517
386
84
86
14
21
527
518
516
520
84
12
14
21
120
517
505
521
84
86
95
23
525
423
520
389
84
86
14
23
527
521
519
517
84
12
14
23
123
520
424
518
85
88
91
19
471
477
523
392
85
88
16
19
472
524
522
468
85
13
16
19
126
523
478
469
86
93
95
23
507
519
526
395
86
93
21
23
508
527
525
516
86
14
21
23
129
526
520
517
528
