1
96
0
0
0
0
0
0
0
0
0
0
0
0
0
0
0
0
0
0
0
0
0
0
0
0
1
1
1
1
1
1
1
1
1
1
1
1
1
1
1
1
1
1
1
1
1
1
1
1
2
2
2
2
2
2
2
2
2
2
2
2
2
2
2
2
2
2
2
2
2
2
2
2
3
3
3
3
3
3
3
3
3
3
3
3
3
3
3
3
3
3
3
3
3
3
3
3
96
528
0
11
13
37
103
7
1
398
0
11
35
37
104
2
0
4
0
24
35
37
132
1
8
5
0
11
18
42
66
6
4
401
0
11
35
42
67
5
3
1
0
24
35
42
135
4
8
2
0
13
18
42
127
3
7
404
0
13
37
42
128
8
6
0
0
24
37
42
138
7
5
2
1
3
14
38
55
15
10
407
1
3
27
38
56
11
9
13
1
25
27
38
141
10
17
14
1
3
16
40
51
18
13
410
1
3
27
40
53
14
12
10
1
25
27
40
144
13
20
11
1
13
14
38
124
9
16
413
1
13
37
38
125
17
15
19
1
25
37
38
147
16
11
20
1
13
16
40
51
12
19
416
1
13
37
40
52
20
18
16
1
25
37
40
150
19
14
17
2
6
13
37
79
27
22
419
2
6
30
37
80
23
21
25
2
26
30
37
153
22
29
26
2
6
20
44
72
30
25
422
2
6
30
44
74
26
24
22
2
26
30
44
156
25
32
23
2
10
13
37
100
21
28
425
2
10
34
37
101
29
27
31
2
26
34
37
159
28
23
32
2
10
20
44
72
24
31
428
2
10
34
44
73
32
30
28
2
26
34
44
162
31
26
29
3
4
15
39
57
39
34
431
3
4
28
39
59
35
33
37
3
27
28
39
165
34
41
38
3
4
21
45
60
48
37
434
3
4
28
45
62
38
36
34
3
27
28
45
168
37
50
35
3
7
15
39
85
33
40
437
3
7
31
39
86
41
39
43
3
27
31
39
171
40
35
44
3
7
23
47
84
54
43
440
3
7
31
47
86
44
42
40
3
27
31
47
174
43
56
41
3
9
13
37
97
52
46
443
3
9
33
37
98
47
45
49
3
27
33
37
177
46
53
50
3
9
21
45
96
36
49
446
3
9
33
45
98
50
48
46
3
27
33
45
180
49
38
47
3
13
16
40
18
12
52
449
3
13
37
40
19
53
51
45
3
27
37
40
183
52
13
47
3
14
23
47
129
42
55
452
3
14
38
47
131
56
54
9
3
27
38
47
186
55
44
10
4
5
15
39
63
33
58
455
4
5
29
39
65
59
57
61
4
28
29
39
189
58
34
62
4
5
21
45
69
36
61
458
4
5
29
45
71
62
60
58
4
28
29
45
192
61
37
59
5
11
15
39
106
57
64
461
5
11
35
39
107
65
63
67
5
29
35
39
195
64
58
68
5
11
18
42
3
70
67
464
5
11
35
42
4
68
66
64
5
29
35
42
198
67
71
65
5
18
21
45
126
60
70
467
5
18
42
45
127
71
69
66
5
29
42
45
201
70
61
68
6
10
20
44
30
24
73
470
6
10
34
44
31
74
72
76
6
30
34
44
204
73
25
77
6
10
22
46
99
81
76
473
6
10
34
46
101
77
75
73
6
30
34
46
207
76
83
74
6
13
19
43
102
82
79
476
6
13
37
43
103
80
78
21
6
30
37
43
210
79
83
22
6
19
22
46
108
75
82
479
6
19
43
46
109
83
81
78
6
30
43
46
213
82
77
80
7
15
23
47
90
42
85
482
7
15
39
47
91
86
84
39
7
31
39
47
216
85
43
40
8
15
22
46
105
94
88
485
8
15
39
46
106
89
87
91
8
32
39
46
219
88
95
92
8
15
23
47
84
93
91
488
8
15
39
47
85
92
90
88
8
32
39
47
222
91
95
89
8
22
23
47
129
90
94
491
8
22
46
47
130
95
93
87
8
32
46
47
225
94
92
89
9
13
21
45
126
48
97
494
9
13
37
45
128
98
96
45
9
33
37
45
228
97
49
46
10
13
22
46
114
75
100
497
10
13
37
46
115
101
99
27
10
34
37
46
231
100
76
28
11
13
19
43
78
109
103
500
11
13
37
43
79
104
102
0
11
35
37
43
234
103
110
1
11
15
22
46
87
108
106
503
11
15
39
46
88
107
105
63
11
35
39
46
237
106
110
64
11
19
22
46
81
105
109
506
11
19
43
46
82
110
108
102
11
35
43
46
240
109
107
104
12
13
17
41
123
117
112
509
12
13
37
41
125
113
111
115
12
36
37
41
243
112
119
116
12
13
22
46
99
120
115
512
12
13
37
46
100
116
114
112
12
36
37
46
246
115
122
113
12
14
17
41
123
111
118
515
12
14
38
41
124
119
117
121
12
36
38
41
249
118
113
122
12
14
22
46
130
114
121
518
12
14
38
46
131
122
120
118
12
36
38
46
252
121
116
119
13
14
17
41
117
111
124
521
13
14
38
41
118
125
123
15
13
37
38
41
255
124
112
16
13
18
21
45
69
96
127
524
13
18
42
45
70
128
126
6
13
37
42
45
258
127
97
7
14
22
23
47
93
54
130
527
14
22
46
47
94
131
129
120
14
38
46
47
261
130
55
121
24
35
37
61
235
139
133
2
24
35
59
61
236
134
132
136
24
48
59
61
264
133
140
137
24
35
42
66
198
138
136
5
24
35
59
66
199
137
135
133
24
48
59
66
267
136
140
134
24
37
42
66
259
135
139
8
24
37
61
66
260
140
138
132
24
48
61
66
270
139
137
134
25
27
38
62
187
147
142
11
25
27
51
62
188
143
141
145
25
49
51
62
273
142
149
146
25
27
40
64
183
150
145
14
25
27
51
64
185
146
144
142
25
49
51
64
276
145
152
143
25
37
38
62
256
141
148
17
25
37
61
62
257
149
147
151
25
49
61
62
279
148
143
152
25
37
40
64
183
144
151
20
25
37
61
64
184
152
150
148
25
49
61
64
282
151
146
149
26
30
37
61
211
159
154
23
26
30
54
61
212
155
153
157
26
50
54
61
285
154
161
158
26
30
44
68
204
162
157
26
26
30
54
68
206
158
156
154
26
50
54
68
288
157
164
155
26
34
37
61
232
153
160
29
26
34
58
61
233
161
159
163
26
50
58
61
291
160
155
164
26
34
44
68
204
156
163
32
26
34
58
68
205
164
162
160
26
50
58
68
294
163
158
161
27
28
39
63
189
171
166
35
27
28
52
63
191
167
165
169
27
51
52
63
297
166
173
170
27
28
45
69
192
180
169
38
27
28
52
69
194
170
168
166
27
51
52
69
300
169
182
167
27
31
39
63
217
165
172
41
27
31
55
63
218
173
171
175
27
51
55
63
303
172
167
176
27
31
47
71
216
186
175
44
27
31
55
71
218
176
174
172
27
51
55
71
306
175
188
173
27
33
37
61
229
184
178
47
27
33
57
61
230
179
177
181
27
51
57
61
309
178
185
182
27
33
45
69
228
168
181
50
27
33
57
69
230
182
180
178
27
51
57
69
312
181
170
179
27
37
40
64
150
144
184
53
27
37
61
64
151
185
183
177
27
51
61
64
315
184
145
179
27
38
47
71
261
174
187
56
27
38
62
71
263
188
186
141
27
51
62
71
318
187
176
142
28
29
39
63
195
165
190
59
28
29
53
63
197
191
189
193
28
52
53
63
321
190
166
194
28
29
45
69
201
168
193
62
28
29
53
69
203
194
192
190
28
52
53
69
324
193
169
191
29
35
39
63
238
189
196
65
29
35
59
63
239
197
195
199
29
53
59
63
327
196
190
200
29
35
42
66
135
202
199
68
29
35
59
66
136
200
198
196
29
53
59
66
330
199
203
197
29
42
45
69
258
192
202
71
29
42
66
69
259
203
201
198
29
53
66
69
333
202
193
200
30
34
44
68
162
156
205
74
30
34
58
68
163
206
204
208
30
54
58
68
336
205
157
209
30
34
46
70
231
213
208
77
30
34
58
70
233
209
207
205
30
54
58
70
339
208
215
206
30
37
43
67
234
214
211
80
30
37
61
67
235
212
210
153
30
54
61
67
342
211
215
154
30
43
46
70
240
207
214
83
30
43
67
70
241
215
213
210
30
54
67
70
345
214
209
212
31
39
47
71
222
174
217
86
31
39
63
71
223
218
216
171
31
55
63
71
348
217
175
172
32
39
46
70
237
226
220
89
32
39
63
70
238
221
219
223
32
56
63
70
351
220
227
224
32
39
47
71
216
225
223
92
32
39
63
71
217
224
222
220
32
56
63
71
354
223
227
221
32
46
47
71
261
222
226
95
32
46
70
71
262
227
225
219
32
56
70
71
357
226
224
221
33
37
45
69
258
180
229
98
33
37
61
69
260
230
228
177
33
57
61
69
360
229
181
178
34
37
46
70
246
207
232
101
34
37
61
70
247
233
231
159
34
58
61
70
363
232
208
160
35
37
43
67
210
241
235
104
35
37
61
67
211
236
234
132
35
59
61
67
366
235
242
133
35
39
46
70
219
240
238
107
35
39
63
70
220
239
237
195
35
59
63
70
369
238
242
196
35
43
46
70
213
237
241
110
35
43
67
70
214
242
240
234
35
59
67
70
372
241
239
236
36
37
41
65
255
249
244
113
36
37
61
65
257
245
243
247
36
60
61
65
375
244
251
248
36
37
46
70
231
252
247
116
36
37
61
70
232
248
246
244
36
60
61
70
378
247
254
245
36
38
41
65
255
243
250
119
36
38
62
65
256
251
249
253
36
60
62
65
381
250
245
254
36
38
46
70
262
246
253
122
36
38
62
70
263
254
252
250
36
60
62
70
384
253
248
251
37
38
41
65
249
243
256
125
37
38
62
65
250
257
255
147
37
61
62
65
387
256
244
148
37
42
45
69
201
228
259
128
37
42
66
69
202
260
258
138
37
61
66
69
390
259
229
139
38
46
47
71
225
186
262
131
38
46
70
71
226
263
261
252
38
62
70
71
393
262
187
253
48
59
61
85
367
271
265
134
48
59
83
85
368
266
264
268
48
72
83
85
396
265
272
269
48
59
66
90
330
270
268
137
48
59
83
90
331
269
267
265
48
72
83
90
399
268
272
266
48
61
66
90
391
267
271
140
48
61
85
90
392
272
270
264
48
72
85
90
402
271
269
266
49
51
62
86
319
279
274
143
49
51
75
86
320
275
273
277
49
73
75
86
405
274
281
278
49
51
64
88
315
282
277
146
49
51
75
88
317
278
276
274
49
73
75
88
408
277
284
275
49
61
62
86
388
273
280
149
49
61
85
86
389
281
279
283
49
73
85
86
411
280
275
284
49
61
64
88
315
276
283
152
49
61
85
88
316
284
282
280
49
73
85
88
414
283
278
281
50
54
61
85
343
291
286
155
50
54
78
85
344
287
285
289
50
74
78
85
417
286
293
290
50
54
68
92
336
294
289
158
50
54
78
92
338
290
288
286
50
74
78
92
420
289
296
287
50
58
61
85
364
285
292
161
50
58
82
85
365
293
291
295
50
74
82
85
423
292
287
296
50
58
68
92
336
288
295
164
50
58
82
92
337
296
294
292
50
74
82
92
426
295
290
293
51
52
63
87
321
303
298
167
51
52
76
87
323
299
297
301
51
75
76
87
429
298
305
302
51
52
69
93
324
312
301
170
51
52
76
93
326
302
300
298
51
75
76
93
432
301
314
299
51
55
63
87
349
297
304
173
51
55
79
87
350
305
303
307
51
75
79
87
435
304
299
308
51
55
71
95
348
318
307
176
51
55
79
95
350
308
306
304
51
75
79
95
438
307
320
305
51
57
61
85
361
316
310
179
51
57
81
85
362
311
309
313
51
75
81
85
441
310
317
314
51
57
69
93
360
300
313
182
51
57
81
93
362
314
312
310
51
75
81
93
444
313
302
311
51
61
64
88
282
276
316
185
51
61
85
88
283
317
315
309
51
75
85
88
447
316
277
311
51
62
71
95
393
306
319
188
51
62
86
95
395
320
318
273
51
75
86
95
450
319
308
274
52
53
63
87
327
297
322
191
52
53
77
87
329
323
321
325
52
76
77
87
453
322
298
326
52
53
69
93
333
300
325
194
52
53
77
93
335
326
324
322
52
76
77
93
456
325
301
323
53
59
63
87
370
321
328
197
53
59
83
87
371
329
327
331
53
77
83
87
459
328
322
332
53
59
66
90
267
334
331
200
53
59
83
90
268
332
330
328
53
77
83
90
462
331
335
329
53
66
69
93
390
324
334
203
53
66
90
93
391
335
333
330
53
77
90
93
465
334
325
332
54
58
68
92
294
288
337
206
54
58
82
92
295
338
336
340
54
78
82
92
468
337
289
341
54
58
70
94
363
345
340
209
54
58
82
94
365
341
339
337
54
78
82
94
471
340
347
338
54
61
67
91
366
346
343
212
54
61
85
91
367
344
342
285
54
78
85
91
474
343
347
286
54
67
70
94
372
339
346
215
54
67
91
94
373
347
345
342
54
78
91
94
477
346
341
344
55
63
71
95
354
306
349
218
55
63
87
95
355
350
348
303
55
79
87
95
480
349
307
304
56
63
70
94
369
358
352
221
56
63
87
94
370
353
351
355
56
80
87
94
483
352
359
356
56
63
71
95
348
357
355
224
56
63
87
95
349
356
354
352
56
80
87
95
486
355
359
353
56
70
71
95
393
354
358
227
56
70
94
95
394
359
357
351
56
80
94
95
489
358
356
353
57
61
69
93
390
312
361
230
57
61
85
93
392
362
360
309
57
81
85
93
492
361
313
310
58
61
70
94
378
339
364
233
58
61
85
94
379
365
363
291
58
82
85
94
495
364
340
292
59
61
67
91
342
373
367
236
59
61
85
91
343
368
366
264
59
83
85
91
498
367
374
265
59
63
70
94
351
372
370
239
59
63
87
94
352
371
369
327
59
83
87
94
501
370
374
328
59
67
70
94
345
369
373
242
59
67
91
94
346
374
372
366
59
83
91
94
504
373
371
368
60
61
65
89
387
381
376
245
60
61
85
89
389
377
375
379
60
84
85
89
507
376
383
380
60
61
70
94
363
384
379
248
60
61
85
94
364
380
378
376
60
84
85
94
510
379
386
377
60
62
65
89
387
375
382
251
60
62
86
89
388
383
381
385
60
84
86
89
513
382
377
386
60
62
70
94
394
378
385
254
60
62
86
94
395
386
384
382
60
84
86
94
516
385
380
383
61
62
65
89
381
375
388
257
61
62
86
89
382
389
387
279
61
85
86
89
519
388
376
280
61
66
69
93
333
360
391
260
61
66
90
93
334
392
390
270
61
85
90
93
522
391
361
271
62
70
71
95
357
318
394
263
62
70
94
95
358
395
393
384
62
86
94
95
525
394
319
385
72
83
85
13
499
403
397
266
72
83
11
13
500
398
396
400
72
0
11
13
0
397
404
401
72
83
90
18
462
402
400
269
72
83
11
18
463
401
399
397
72
0
11
18
3
400
404
398
72
85
90
18
523
399
403
272
72
85
13
18
524
404
402
396
72
0
13
18
6
403
401
398
73
75
86
14
451
411
406
275
73
75
3
14
452
407
405
409
73
1
3
14
9
406
413
410
73
75
88
16
447
414
409
278
73
75
3
16
449
410
408
406
73
1
3
16
12
409
416
407
73
85
86
14
520
405
412
281
73
85
13
14
521
413
411
415
73
1
13
14
15
412
407
416
73
85
88
16
447
408
415
284
73
85
13
16
448
416
414
412
73
1
13
16
18
415
410
413
74
78
85
13
475
423
418
287
74
78
6
13
476
419
417
421
74
2
6
13
21
418
425
422
74
78
92
20
468
426
421
290
74
78
6
20
470
422
420
418
74
2
6
20
24
421
428
419
74
82
85
13
496
417
424
293
74
82
10
13
497
425
423
427
74
2
10
13
27
424
419
428
74
82
92
20
468
420
427
296
74
82
10
20
469
428
426
424
74
2
10
20
30
427
422
425
75
76
87
15
453
435
430
299
75
76
4
15
455
431
429
433
75
3
4
15
33
430
437
434
75
76
93
21
456
444
433
302
75
76
4
21
458
434
432
430
75
3
4
21
36
433
446
431
75
79
87
15
481
429
436
305
75
79
7
15
482
437
435
439
75
3
7
15
39
436
431
440
75
79
95
23
480
450
439
308
75
79
7
23
482
440
438
436
75
3
7
23
42
439
452
437
75
81
85
13
493
448
442
311
75
81
9
13
494
443
441
445
75
3
9
13
45
442
449
446
75
81
93
21
492
432
445
314
75
81
9
21
494
446
444
442
75
3
9
21
48
445
434
443
75
85
88
16
414
408
448
317
75
85
13
16
415
449
447
441
75
3
13
16
51
448
409
443
75
86
95
23
525
438
451
320
75
86
14
23
527
452
450
405
75
3
14
23
54
451
440
406
76
77
87
15
459
429
454
323
76
77
5
15
461
455
453
457
76
4
5
15
57
454
430
458
76
77
93
21
465
432
457
326
76
77
5
21
467
458
456
454
76
4
5
21
60
457
433
455
77
83
87
15
502
453
460
329
77
83
11
15
503
461
459
463
77
5
11
15
63
460
454
464
77
83
90
18
399
466
463
332
77
83
11
18
400
464
462
460
77
5
11
18
66
463
467
461
77
90
93
21
522
456
466
335
77
90
18
21
523
467
465
462
77
5
18
21
69
466
457
464
78
82
92
20
426
420
469
338
78
82
10
20
427
470
468
472
78
6
10
20
72
469
421
473
78
82
94
22
495
477
472
341
78
82
10
22
497
473
471
469
78
6
10
22
75
472
479
470
78
85
91
19
498
478
475
344
78
85
13
19
499
476
474
417
78
6
13
19
78
475
479
418
78
91
94
22
504
471
478
347
78
91
19
22
505
479
477
474
78
6
19
22
81
478
473
476
79
87
95
23
486
438
481
350
79
87
15
23
487
482
480
435
79
7
15
23
84
481
439
436
80
87
94
22
501
490
484
353
80
87
15
22
502
485
483
487
80
8
15
22
87
484
491
488
80
87
95
23
480
489
487
356
80
87
15
23
481
488
486
484
80
8
15
23
90
487
491
485
80
94
95
23
525
486
490
359
80
94
22
23
526
491
489
483
80
8
22
23
93
490
488
485
81
85
93
21
522
444
493
362
81
85
13
21
524
494
492
441
81
9
13
21
96
493
445
442
82
85
94
22
510
471
496
365
82
85
13
22
511
497
495
423
82
10
13
22
99
496
472
424
83
85
91
19
474
505
499
368
83
85
13
19
475
500
498
396
83
11
13
19
102
499
506
397
83
87
94
22
483
504
502
371
83
87
15
22
484
503
501
459
83
11
15
22
105
502
506
460
83
91
94
22
477
501
505
374
83
91
19
22
478
506
504
498
83
11
19
22
108
505
503
500
84
85
89
17
519
513
508
377
84
85
13
17
521
509
507
511
84
12
13
17
111
508
515
512
84
85
94
22
495
516
511
380
84
85
13
22
496
512
510
508
84
12
13
22
114
511
518
509
84
86
89
17
519
507
514
383
84
86
14
17
520
515
513
517
84
12
14
17
117
514
509
518
84
86
94
22
526
510
517
386
84
86
14
22
527
518
516
514
84
12
14
22
120
517
512
515
85
86
89
17
513
507
520
389
85
86
14
17
514
521
519
411
85
13
14
17
123
520
508
412
85
90
93
21
465
492
523
392
85
90
18
21
466
524
522
402
85
13
18
21
126
523
493
403
86
94
95
23
489
450
526
395
86
94
22
23
490
527
525
516
86
14
22
23
129
526
451
517
528
