1
96
0
0
0
0
0
0
0
0
0
0
0
0
0
0
0
0
0
0
0
0
0
0
0
0
1
1
1
1
1
1
1
1
1
1
1
1
1
1
1
1
1
1
1
1
1
1
1
1
2
2
2
2
2
2
2
2
2
2
2
2
2
2
2
2
2
2
2
2
2
2
2
2
3
3
3
3
3
3
3
3
3
3
3
3
3
3
3
3
3
3
3
3
3
3
3
3
96
528
0
9
14
38
112
7
1
398
0
9
33
38
113
2
0
4
0
24
33
38
132
1
8
5
0
9
22
46
123
12
4
401
0
9
33
46
125
5
3
1
0
24
33
46
135
4
14
2
0
14
18
42
111
10
7
404
0
14
38
42
112
8
6
0
0
24
38
42
138
7
11
2
0
18
23
47
45
15
10
407
0
18
42
47
46
11
9
6
0
24
42
47
141
10
17
8
0
21
22
46
123
3
13
410
0
21
45
46
124
14
12
16
0
24
45
46
144
13
5
17
0
21
23
47
108
9
16
413
0
21
45
47
109
17
15
13
0
24
45
47
147
16
11
14
1
3
4
28
49
25
19
416
1
3
27
28
50
20
18
22
1
25
27
28
150
19
26
23
1
3
10
34
51
28
22
419
1
3
27
34
53
23
21
19
1
25
27
34
153
22
29
20
1
4
17
41
57
27
25
422
1
4
28
41
59
26
24
18
1
25
28
41
156
25
29
20
1
10
17
41
96
24
28
425
1
10
34
41
97
29
27
21
1
25
34
41
159
28
26
23
2
3
7
31
52
37
31
428
2
3
27
31
53
32
30
34
2
26
27
31
162
31
38
35
2
3
16
40
55
40
34
431
2
3
27
40
56
35
33
31
2
26
27
40
165
34
41
32
2
7
20
44
99
42
37
434
2
7
31
44
101
38
36
30
2
26
31
44
168
37
44
32
2
16
23
47
54
45
40
437
2
16
40
47
55
41
39
33
2
26
40
47
171
40
47
35
2
18
20
44
120
36
43
440
2
18
42
44
121
44
42
46
2
26
42
44
174
43
38
47
2
18
23
47
9
39
46
443
2
18
42
47
10
47
45
43
2
26
42
47
177
46
41
44
3
4
23
47
60
54
49
446
3
4
28
47
62
50
48
18
3
27
28
47
180
49
56
19
3
7
10
34
97
21
52
449
3
7
31
34
98
53
51
30
3
27
31
34
183
52
22
31
3
16
23
47
39
48
55
452
3
16
40
47
40
56
54
33
3
27
40
47
186
55
50
34
4
11
17
41
81
24
58
455
4
11
35
41
82
59
57
61
4
28
35
41
189
58
25
62
4
11
23
47
105
48
61
458
4
11
35
47
106
62
60
58
4
28
35
47
192
61
49
59
5
13
15
39
130
70
64
461
5
13
37
39
131
65
63
67
5
29
37
39
195
64
71
68
5
13
17
41
90
73
67
464
5
13
37
41
91
68
66
64
5
29
37
41
198
67
74
65
5
15
20
44
114
72
70
467
5
15
39
44
115
71
69
63
5
29
39
44
201
70
74
65
5
17
20
44
99
69
73
470
5
17
41
44
100
74
72
66
5
29
41
44
204
73
71
68
6
8
12
36
102
88
76
473
6
8
32
36
104
77
75
79
6
30
32
36
207
76
89
80
6
8
21
45
109
93
79
476
6
8
32
45
110
80
78
76
6
30
32
45
210
79
95
77
6
11
17
41
57
90
82
479
6
11
35
41
58
83
81
85
6
30
35
41
213
82
92
86
6
11
19
43
126
87
85
482
6
11
35
43
128
86
84
82
6
30
35
43
216
85
89
83
6
12
19
43
126
84
88
485
6
12
36
43
127
89
87
75
6
30
36
43
219
88
86
77
6
13
17
41
66
81
91
488
6
13
37
41
67
92
90
94
6
30
37
41
222
91
83
95
6
13
21
45
129
78
94
491
6
13
37
45
131
95
93
91
6
30
37
45
225
94
80
92
7
10
17
41
27
100
97
494
7
10
34
41
28
98
96
51
7
31
34
41
228
97
101
52
7
17
20
44
72
36
100
497
7
17
41
44
73
101
99
96
7
31
41
44
231
100
37
98
8
11
12
36
127
75
103
500
8
11
35
36
128
104
102
106
8
32
35
36
234
103
76
107
8
11
23
47
60
108
106
503
8
11
35
47
61
107
105
103
8
32
35
47
237
106
110
104
8
21
23
47
15
105
109
506
8
21
45
47
16
110
108
78
8
32
45
47
240
109
107
79
9
14
18
42
6
121
112
509
9
14
38
42
7
113
111
0
9
33
38
42
243
112
122
1
9
15
20
44
69
120
115
512
9
15
39
44
70
116
114
118
9
33
39
44
246
115
122
119
9
15
21
45
129
124
118
515
9
15
39
45
130
119
117
115
9
33
39
45
249
118
125
116
9
18
20
44
42
114
121
518
9
18
42
44
43
122
120
111
9
33
42
44
252
121
116
113
9
21
22
46
12
3
124
521
9
21
45
46
13
125
123
117
9
33
45
46
255
124
4
119
11
12
19
43
87
84
127
524
11
12
36
43
88
128
126
102
11
35
36
43
258
127
85
103
13
15
21
45
117
93
130
527
13
15
39
45
118
131
129
63
13
37
39
45
261
130
94
64
24
33
38
62
244
139
133
2
24
33
57
62
245
134
132
136
24
48
57
62
264
133
140
137
24
33
46
70
255
144
136
5
24
33
57
70
257
137
135
133
24
48
57
70
267
136
146
134
24
38
42
66
243
142
139
8
24
38
62
66
244
140
138
132
24
48
62
66
270
139
143
134
24
42
47
71
177
147
142
11
24
42
66
71
178
143
141
138
24
48
66
71
273
142
149
140
24
45
46
70
255
135
145
14
24
45
69
70
256
146
144
148
24
48
69
70
276
145
137
149
24
45
47
71
240
141
148
17
24
45
69
71
241
149
147
145
24
48
69
71
279
148
143
146
25
27
28
52
181
157
151
20
25
27
51
52
182
152
150
154
25
49
51
52
282
151
158
155
25
27
34
58
183
160
154
23
25
27
51
58
185
155
153
151
25
49
51
58
285
154
161
152
25
28
41
65
189
159
157
26
25
28
52
65
191
158
156
150
25
49
52
65
288
157
161
152
25
34
41
65
228
156
160
29
25
34
58
65
229
161
159
153
25
49
58
65
291
160
158
155
26
27
31
55
184
169
163
32
26
27
51
55
185
164
162
166
26
50
51
55
294
163
170
167
26
27
40
64
187
172
166
35
26
27
51
64
188
167
165
163
26
50
51
64
297
166
173
164
26
31
44
68
231
174
169
38
26
31
55
68
233
170
168
162
26
50
55
68
300
169
176
164
26
40
47
71
186
177
172
41
26
40
64
71
187
173
171
165
26
50
64
71
303
172
179
167
26
42
44
68
252
168
175
44
26
42
66
68
253
176
174
178
26
50
66
68
306
175
170
179
26
42
47
71
141
171
178
47
26
42
66
71
142
179
177
175
26
50
66
71
309
178
173
176
27
28
47
71
192
186
181
50
27
28
52
71
194
182
180
150
27
51
52
71
312
181
188
151
27
31
34
58
229
153
184
53
27
31
55
58
230
185
183
162
27
51
55
58
315
184
154
163
27
40
47
71
171
180
187
56
27
40
64
71
172
188
186
165
27
51
64
71
318
187
182
166
28
35
41
65
213
156
190
59
28
35
59
65
214
191
189
193
28
52
59
65
321
190
157
194
28
35
47
71
237
180
193
62
28
35
59
71
238
194
192
190
28
52
59
71
324
193
181
191
29
37
39
63
262
202
196
65
29
37
61
63
263
197
195
199
29
53
61
63
327
196
203
200
29
37
41
65
222
205
199
68
29
37
61
65
223
200
198
196
29
53
61
65
330
199
206
197
29
39
44
68
246
204
202
71
29
39
63
68
247
203
201
195
29
53
63
68
333
202
206
197
29
41
44
68
231
201
205
74
29
41
65
68
232
206
204
198
29
53
65
68
336
205
203
200
30
32
36
60
234
220
208
77
30
32
56
60
236
209
207
211
30
54
56
60
339
208
221
212
30
32
45
69
241
225
211
80
30
32
56
69
242
212
210
208
30
54
56
69
342
211
227
209
30
35
41
65
189
222
214
83
30
35
59
65
190
215
213
217
30
54
59
65
345
214
224
218
30
35
43
67
258
219
217
86
30
35
59
67
260
218
216
214
30
54
59
67
348
217
221
215
30
36
43
67
258
216
220
89
30
36
60
67
259
221
219
207
30
54
60
67
351
220
218
209
30
37
41
65
198
213
223
92
30
37
61
65
199
224
222
226
30
54
61
65
354
223
215
227
30
37
45
69
261
210
226
95
30
37
61
69
263
227
225
223
30
54
61
69
357
226
212
224
31
34
41
65
159
232
229
98
31
34
58
65
160
230
228
183
31
55
58
65
360
229
233
184
31
41
44
68
204
168
232
101
31
41
65
68
205
233
231
228
31
55
65
68
363
232
169
230
32
35
36
60
259
207
235
104
32
35
59
60
260
236
234
238
32
56
59
60
366
235
208
239
32
35
47
71
192
240
238
107
32
35
59
71
193
239
237
235
32
56
59
71
369
238
242
236
32
45
47
71
147
237
241
110
32
45
69
71
148
242
240
210
32
56
69
71
372
241
239
211
33
38
42
66
138
253
244
113
33
38
62
66
139
245
243
132
33
57
62
66
375
244
254
133
33
39
44
68
201
252
247
116
33
39
63
68
202
248
246
250
33
57
63
68
378
247
254
251
33
39
45
69
261
256
250
119
33
39
63
69
262
251
249
247
33
57
63
69
381
250
257
248
33
42
44
68
174
246
253
122
33
42
66
68
175
254
252
243
33
57
66
68
384
253
248
245
33
45
46
70
144
135
256
125
33
45
69
70
145
257
255
249
33
57
69
70
387
256
136
251
35
36
43
67
219
216
259
128
35
36
60
67
220
260
258
234
35
59
60
67
390
259
217
235
37
39
45
69
249
225
262
131
37
39
63
69
250
263
261
195
37
61
63
69
393
262
226
196
48
57
62
86
376
271
265
134
48
57
81
86
377
266
264
268
48
72
81
86
396
265
272
269
48
57
70
94
387
276
268
137
48
57
81
94
389
269
267
265
48
72
81
94
399
268
278
266
48
62
66
90
375
274
271
140
48
62
86
90
376
272
270
264
48
72
86
90
402
271
275
266
48
66
71
95
309
279
274
143
48
66
90
95
310
275
273
270
48
72
90
95
405
274
281
272
48
69
70
94
387
267
277
146
48
69
93
94
388
278
276
280
48
72
93
94
408
277
269
281
48
69
71
95
372
273
280
149
48
69
93
95
373
281
279
277
48
72
93
95
411
280
275
278
49
51
52
76
313
289
283
152
49
51
75
76
314
284
282
286
49
73
75
76
414
283
290
287
49
51
58
82
315
292
286
155
49
51
75
82
317
287
285
283
49
73
75
82
417
286
293
284
49
52
65
89
321
291
289
158
49
52
76
89
323
290
288
282
49
73
76
89
420
289
293
284
49
58
65
89
360
288
292
161
49
58
82
89
361
293
291
285
49
73
82
89
423
292
290
287
50
51
55
79
316
301
295
164
50
51
75
79
317
296
294
298
50
74
75
79
426
295
302
299
50
51
64
88
319
304
298
167
50
51
75
88
320
299
297
295
50
74
75
88
429
298
305
296
50
55
68
92
363
306
301
170
50
55
79
92
365
302
300
294
50
74
79
92
432
301
308
296
50
64
71
95
318
309
304
173
50
64
88
95
319
305
303
297
50
74
88
95
435
304
311
299
50
66
68
92
384
300
307
176
50
66
90
92
385
308
306
310
50
74
90
92
438
307
302
311
50
66
71
95
273
303
310
179
50
66
90
95
274
311
309
307
50
74
90
95
441
310
305
308
51
52
71
95
324
318
313
182
51
52
76
95
326
314
312
282
51
75
76
95
444
313
320
283
51
55
58
82
361
285
316
185
51
55
79
82
362
317
315
294
51
75
79
82
447
316
286
295
51
64
71
95
303
312
319
188
51
64
88
95
304
320
318
297
51
75
88
95
450
319
314
298
52
59
65
89
345
288
322
191
52
59
83
89
346
323
321
325
52
76
83
89
453
322
289
326
52
59
71
95
369
312
325
194
52
59
83
95
370
326
324
322
52
76
83
95
456
325
313
323
53
61
63
87
394
334
328
197
53
61
85
87
395
329
327
331
53
77
85
87
459
328
335
332
53
61
65
89
354
337
331
200
53
61
85
89
355
332
330
328
53
77
85
89
462
331
338
329
53
63
68
92
378
336
334
203
53
63
87
92
379
335
333
327
53
77
87
92
465
334
338
329
53
65
68
92
363
333
337
206
53
65
89
92
364
338
336
330
53
77
89
92
468
337
335
332
54
56
60
84
366
352
340
209
54
56
80
84
368
341
339
343
54
78
80
84
471
340
353
344
54
56
69
93
373
357
343
212
54
56
80
93
374
344
342
340
54
78
80
93
474
343
359
341
54
59
65
89
321
354
346
215
54
59
83
89
322
347
345
349
54
78
83
89
477
346
356
350
54
59
67
91
390
351
349
218
54
59
83
91
392
350
348
346
54
78
83
91
480
349
353
347
54
60
67
91
390
348
352
221
54
60
84
91
391
353
351
339
54
78
84
91
483
352
350
341
54
61
65
89
330
345
355
224
54
61
85
89
331
356
354
358
54
78
85
89
486
355
347
359
54
61
69
93
393
342
358
227
54
61
85
93
395
359
357
355
54
78
85
93
489
358
344
356
55
58
65
89
291
364
361
230
55
58
82
89
292
362
360
315
55
79
82
89
492
361
365
316
55
65
68
92
336
300
364
233
55
65
89
92
337
365
363
360
55
79
89
92
495
364
301
362
56
59
60
84
391
339
367
236
56
59
83
84
392
368
366
370
56
80
83
84
498
367
340
371
56
59
71
95
324
372
370
239
56
59
83
95
325
371
369
367
56
80
83
95
501
370
374
368
56
69
71
95
279
369
373
242
56
69
93
95
280
374
372
342
56
80
93
95
504
373
371
343
57
62
66
90
270
385
376
245
57
62
86
90
271
377
375
264
57
81
86
90
507
376
386
265
57
63
68
92
333
384
379
248
57
63
87
92
334
380
378
382
57
81
87
92
510
379
386
383
57
63
69
93
393
388
382
251
57
63
87
93
394
383
381
379
57
81
87
93
513
382
389
380
57
66
68
92
306
378
385
254
57
66
90
92
307
386
384
375
57
81
90
92
516
385
380
377
57
69
70
94
276
267
388
257
57
69
93
94
277
389
387
381
57
81
93
94
519
388
268
383
59
60
67
91
351
348
391
260
59
60
84
91
352
392
390
366
59
83
84
91
522
391
349
367
61
63
69
93
381
357
394
263
61
63
87
93
382
395
393
327
61
85
87
93
525
394
358
328
72
81
86
14
508
403
397
266
72
81
9
14
509
398
396
400
72
0
9
14
0
397
404
401
72
81
94
22
519
408
400
269
72
81
9
22
521
401
399
397
72
0
9
22
3
400
410
398
72
86
90
18
507
406
403
272
72
86
14
18
508
404
402
396
72
0
14
18
6
403
407
398
72
90
95
23
441
411
406
275
72
90
18
23
442
407
405
402
72
0
18
23
9
406
413
404
72
93
94
22
519
399
409
278
72
93
21
22
520
410
408
412
72
0
21
22
12
409
401
413
72
93
95
23
504
405
412
281
72
93
21
23
505
413
411
409
72
0
21
23
15
412
407
410
73
75
76
4
445
421
415
284
73
75
3
4
446
416
414
418
73
1
3
4
18
415
422
419
73
75
82
10
447
424
418
287
73
75
3
10
449
419
417
415
73
1
3
10
21
418
425
416
73
76
89
17
453
423
421
290
73
76
4
17
455
422
420
414
73
1
4
17
24
421
425
416
73
82
89
17
492
420
424
293
73
82
10
17
493
425
423
417
73
1
10
17
27
424
422
419
74
75
79
7
448
433
427
296
74
75
3
7
449
428
426
430
74
2
3
7
30
427
434
431
74
75
88
16
451
436
430
299
74
75
3
16
452
431
429
427
74
2
3
16
33
430
437
428
74
79
92
20
495
438
433
302
74
79
7
20
497
434
432
426
74
2
7
20
36
433
440
428
74
88
95
23
450
441
436
305
74
88
16
23
451
437
435
429
74
2
16
23
39
436
443
431
74
90
92
20
516
432
439
308
74
90
18
20
517
440
438
442
74
2
18
20
42
439
434
443
74
90
95
23
405
435
442
311
74
90
18
23
406
443
441
439
74
2
18
23
45
442
437
440
75
76
95
23
456
450
445
314
75
76
4
23
458
446
444
414
75
3
4
23
48
445
452
415
75
79
82
10
493
417
448
317
75
79
7
10
494
449
447
426
75
3
7
10
51
448
418
427
75
88
95
23
435
444
451
320
75
88
16
23
436
452
450
429
75
3
16
23
54
451
446
430
76
83
89
17
477
420
454
323
76
83
11
17
478
455
453
457
76
4
11
17
57
454
421
458
76
83
95
23
501
444
457
326
76
83
11
23
502
458
456
454
76
4
11
23
60
457
445
455
77
85
87
15
526
466
460
329
77
85
13
15
527
461
459
463
77
5
13
15
63
460
467
464
77
85
89
17
486
469
463
332
77
85
13
17
487
464
462
460
77
5
13
17
66
463
470
461
77
87
92
20
510
468
466
335
77
87
15
20
511
467
465
459
77
5
15
20
69
466
470
461
77
89
92
20
495
465
469
338
77
89
17
20
496
470
468
462
77
5
17
20
72
469
467
464
78
80
84
12
498
484
472
341
78
80
8
12
500
473
471
475
78
6
8
12
75
472
485
476
78
80
93
21
505
489
475
344
78
80
8
21
506
476
474
472
78
6
8
21
78
475
491
473
78
83
89
17
453
486
478
347
78
83
11
17
454
479
477
481
78
6
11
17
81
478
488
482
78
83
91
19
522
483
481
350
78
83
11
19
524
482
480
478
78
6
11
19
84
481
485
479
78
84
91
19
522
480
484
353
78
84
12
19
523
485
483
471
78
6
12
19
87
484
482
473
78
85
89
17
462
477
487
356
78
85
13
17
463
488
486
490
78
6
13
17
90
487
479
491
78
85
93
21
525
474
490
359
78
85
13
21
527
491
489
487
78
6
13
21
93
490
476
488
79
82
89
17
423
496
493
362
79
82
10
17
424
494
492
447
79
7
10
17
96
493
497
448
79
89
92
20
468
432
496
365
79
89
17
20
469
497
495
492
79
7
17
20
99
496
433
494
80
83
84
12
523
471
499
368
80
83
11
12
524
500
498
502
80
8
11
12
102
499
472
503
80
83
95
23
456
504
502
371
80
83
11
23
457
503
501
499
80
8
11
23
105
502
506
500
80
93
95
23
411
501
505
374
80
93
21
23
412
506
504
474
80
8
21
23
108
505
503
475
81
86
90
18
402
517
508
377
81
86
14
18
403
509
507
396
81
9
14
18
111
508
518
397
81
87
92
20
465
516
511
380
81
87
15
20
466
512
510
514
81
9
15
20
114
511
518
515
81
87
93
21
525
520
514
383
81
87
15
21
526
515
513
511
81
9
15
21
117
514
521
512
81
90
92
20
438
510
517
386
81
90
18
20
439
518
516
507
81
9
18
20
120
517
512
509
81
93
94
22
408
399
520
389
81
93
21
22
409
521
519
513
81
9
21
22
123
520
400
515
83
84
91
19
483
480
523
392
83
84
12
19
484
524
522
498
83
11
12
19
126
523
481
499
85
87
93
21
513
489
526
395
85
87
15
21
514
527
525
459
85
13
15
21
129
526
490
460
528
