1
96
0
0
0
0
0
0
0
0
0
0
0
0
0
0
0
0
0
0
0
0
0
0
0
0
1
1
1
1
1
1
1
1
1
1
1
1
1
1
1
1
1
1
1
1
1
1
1
1
2
2
2
2
2
2
2
2
2
2
2
2
2
2
2
2
2
2
2
2
2
2
2
2
3
3
3
3
3
3
3
3
3
3
3
3
3
3
3
3
3
3
3
3
3
3
3
3
96
528
0
1
6
30
25
12
1
398
0
1
25
30
26
2
0
4
0
24
25
30
132
1
14
5
0
1
8
32
28
16
4
401
0
1
25
32
29
5
3
1
0
24
25
32
135
4
17
2
0
3
4
28
46
13
7
404
0
3
27
28
47
8
6
10
0
24
27
28
138
7
14
11
0
3
21
45
48
18
10
407
0
3
27
45
50
11
9
7
0
24
27
45
141
10
20
8
0
4
6
30
45
0
13
410
0
4
28
30
46
14
12
6
0
24
28
30
144
13
2
8
0
8
22
46
93
21
16
413
0
8
32
46
95
17
15
3
0
24
32
46
147
16
23
5
0
17
21
45
130
9
19
416
0
17
41
45
131
20
18
22
0
24
41
45
150
19
11
23
0
17
22
46
129
15
22
419
0
17
41
46
131
23
21
19
0
24
41
46
153
22
17
20
1
6
23
47
72
33
25
422
1
6
30
47
74
26
24
0
1
25
30
47
156
25
35
1
1
8
19
43
90
30
28
425
1
8
32
43
92
29
27
3
1
25
32
43
159
28
32
4
1
11
19
43
114
27
31
428
1
11
35
43
115
32
30
34
1
25
35
43
162
31
29
35
1
11
23
47
72
24
34
431
1
11
35
47
73
35
33
31
1
25
35
47
165
34
26
32
2
3
6
30
45
43
37
434
2
3
27
30
47
38
36
40
2
26
27
30
168
37
44
41
2
3
12
36
49
42
40
437
2
3
27
36
50
41
39
37
2
26
27
36
171
40
44
38
2
6
12
36
76
39
43
440
2
6
30
36
77
44
42
36
2
26
30
36
174
43
41
38
3
4
6
30
12
36
46
443
3
4
28
30
13
47
45
6
3
27
28
30
177
46
37
7
3
12
21
45
60
9
49
446
3
12
36
45
61
50
48
39
3
27
36
45
180
49
10
40
5
7
15
39
81
67
52
449
5
7
31
39
83
53
51
55
5
29
31
39
183
52
68
56
5
7
21
45
84
60
55
452
5
7
31
45
86
56
54
52
5
29
31
45
186
55
62
53
5
12
13
37
75
64
58
455
5
12
36
37
76
59
57
61
5
29
36
37
189
58
65
62
5
12
21
45
48
54
61
458
5
12
36
45
49
62
60
58
5
29
36
45
192
61
56
59
5
13
16
40
78
66
64
461
5
13
37
40
79
65
63
57
5
29
37
40
195
64
68
59
5
15
16
40
120
63
67
464
5
15
39
40
121
68
66
51
5
29
39
40
198
67
65
53
6
11
16
40
120
78
70
467
6
11
35
40
122
71
69
73
6
30
35
40
201
70
80
74
6
11
23
47
33
24
73
470
6
11
35
47
34
74
72
70
6
30
35
47
204
73
25
71
6
12
13
37
57
79
76
473
6
12
36
37
58
77
75
42
6
30
36
37
207
76
80
43
6
13
16
40
63
69
79
476
6
13
37
40
64
80
78
75
6
30
37
40
210
79
71
77
7
9
15
39
103
51
82
479
7
9
33
39
104
83
81
85
7
31
33
39
213
82
52
86
7
9
21
45
109
54
85
482
7
9
33
45
110
86
84
82
7
31
33
45
216
85
55
83
8
10
14
38
111
94
88
485
8
10
34
38
113
89
87
91
8
32
34
38
219
88
95
92
8
10
19
43
114
27
91
488
8
10
34
43
116
92
90
88
8
32
34
43
222
91
28
89
8
14
22
46
126
15
94
491
8
14
38
46
128
95
93
87
8
32
38
46
225
94
16
89
9
14
18
42
117
102
97
494
9
14
38
42
118
98
96
100
9
33
38
42
228
97
104
101
9
14
20
44
127
106
100
497
9
14
38
44
128
101
99
97
9
33
38
44
231
100
107
98
9
15
18
42
123
96
103
500
9
15
39
42
124
104
102
81
9
33
39
42
234
103
98
82
9
20
22
46
126
108
106
503
9
20
44
46
127
107
105
99
9
33
44
46
237
106
110
101
9
21
22
46
129
105
109
506
9
21
45
46
130
110
108
84
9
33
45
46
240
109
107
85
10
11
14
38
118
87
112
509
10
11
35
38
119
113
111
115
10
34
35
38
243
112
88
116
10
11
19
43
30
90
115
512
10
11
35
43
31
116
114
112
10
34
35
43
246
115
91
113
11
14
18
42
96
123
118
515
11
14
38
42
97
119
117
111
11
35
38
42
249
118
125
112
11
15
16
40
66
69
121
518
11
15
39
40
67
122
120
124
11
35
39
40
252
121
70
125
11
15
18
42
102
117
124
521
11
15
39
42
103
125
123
121
11
35
39
42
255
124
119
122
14
20
22
46
105
93
127
524
14
20
44
46
106
128
126
99
14
38
44
46
258
127
94
100
17
21
22
46
108
21
130
527
17
21
45
46
109
131
129
18
17
41
45
46
261
130
22
19
24
25
30
54
157
144
133
2
24
25
49
54
158
134
132
136
24
48
49
54
264
133
146
137
24
25
32
56
160
148
136
5
24
25
49
56
161
137
135
133
24
48
49
56
267
136
149
134
24
27
28
52
178
145
139
8
24
27
51
52
179
140
138
142
24
48
51
52
270
139
146
143
24
27
45
69
180
150
142
11
24
27
51
69
182
143
141
139
24
48
51
69
273
142
152
140
24
28
30
54
177
132
145
14
24
28
52
54
178
146
144
138
24
48
52
54
276
145
134
140
24
32
46
70
225
153
148
17
24
32
56
70
227
149
147
135
24
48
56
70
279
148
155
137
24
41
45
69
262
141
151
20
24
41
65
69
263
152
150
154
24
48
65
69
282
151
143
155
24
41
46
70
261
147
154
23
24
41
65
70
263
155
153
151
24
48
65
70
285
154
149
152
25
30
47
71
204
165
157
26
25
30
54
71
206
158
156
132
25
49
54
71
288
157
167
133
25
32
43
67
222
162
160
29
25
32
56
67
224
161
159
135
25
49
56
67
291
160
164
136
25
35
43
67
246
159
163
32
25
35
59
67
247
164
162
166
25
49
59
67
294
163
161
167
25
35
47
71
204
156
166
35
25
35
59
71
205
167
165
163
25
49
59
71
297
166
158
164
26
27
30
54
177
175
169
38
26
27
51
54
179
170
168
172
26
50
51
54
300
169
176
173
26
27
36
60
181
174
172
41
26
27
51
60
182
173
171
169
26
50
51
60
303
172
176
170
26
30
36
60
208
171
175
44
26
30
54
60
209
176
174
168
26
50
54
60
306
175
173
170
27
28
30
54
144
168
178
47
27
28
52
54
145
179
177
138
27
51
52
54
309
178
169
139
27
36
45
69
192
141
181
50
27
36
60
69
193
182
180
171
27
51
60
69
312
181
142
172
29
31
39
63
213
199
184
53
29
31
55
63
215
185
183
187
29
53
55
63
315
184
200
188
29
31
45
69
216
192
187
56
29
31
55
69
218
188
186
184
29
53
55
69
318
187
194
185
29
36
37
61
207
196
190
59
29
36
60
61
208
191
189
193
29
53
60
61
321
190
197
194
29
36
45
69
180
186
193
62
29
36
60
69
181
194
192
190
29
53
60
69
324
193
188
191
29
37
40
64
210
198
196
65
29
37
61
64
211
197
195
189
29
53
61
64
327
196
200
191
29
39
40
64
252
195
199
68
29
39
63
64
253
200
198
183
29
53
63
64
330
199
197
185
30
35
40
64
252
210
202
71
30
35
59
64
254
203
201
205
30
54
59
64
333
202
212
206
30
35
47
71
165
156
205
74
30
35
59
71
166
206
204
202
30
54
59
71
336
205
157
203
30
36
37
61
189
211
208
77
30
36
60
61
190
209
207
174
30
54
60
61
339
208
212
175
30
37
40
64
195
201
211
80
30
37
61
64
196
212
210
207
30
54
61
64
342
211
203
209
31
33
39
63
235
183
214
83
31
33
57
63
236
215
213
217
31
55
57
63
345
214
184
218
31
33
45
69
241
186
217
86
31
33
57
69
242
218
216
214
31
55
57
69
348
217
187
215
32
34
38
62
243
226
220
89
32
34
58
62
245
221
219
223
32
56
58
62
351
220
227
224
32
34
43
67
246
159
223
92
32
34
58
67
248
224
222
220
32
56
58
67
354
223
160
221
32
38
46
70
258
147
226
95
32
38
62
70
260
227
225
219
32
56
62
70
357
226
148
221
33
38
42
66
249
234
229
98
33
38
62
66
250
230
228
232
33
57
62
66
360
229
236
233
33
38
44
68
259
238
232
101
33
38
62
68
260
233
231
229
33
57
62
68
363
232
239
230
33
39
42
66
255
228
235
104
33
39
63
66
256
236
234
213
33
57
63
66
366
235
230
214
33
44
46
70
258
240
238
107
33
44
68
70
259
239
237
231
33
57
68
70
369
238
242
233
33
45
46
70
261
237
241
110
33
45
69
70
262
242
240
216
33
57
69
70
372
241
239
217
34
35
38
62
250
219
244
113
34
35
59
62
251
245
243
247
34
58
59
62
375
244
220
248
34
35
43
67
162
222
247
116
34
35
59
67
163
248
246
244
34
58
59
67
378
247
223
245
35
38
42
66
228
255
250
119
35
38
62
66
229
251
249
243
35
59
62
66
381
250
257
244
35
39
40
64
198
201
253
122
35
39
63
64
199
254
252
256
35
59
63
64
384
253
202
257
35
39
42
66
234
249
256
125
35
39
63
66
235
257
255
253
35
59
63
66
387
256
251
254
38
44
46
70
237
225
259
128
38
44
68
70
238
260
258
231
38
62
68
70
390
259
226
232
41
45
46
70
240
153
262
131
41
45
69
70
241
263
261
150
41
65
69
70
393
262
154
151
48
49
54
78
289
276
265
134
48
49
73
78
290
266
264
268
48
72
73
78
396
265
278
269
48
49
56
80
292
280
268
137
48
49
73
80
293
269
267
265
48
72
73
80
399
268
281
266
48
51
52
76
310
277
271
140
48
51
75
76
311
272
270
274
48
72
75
76
402
271
278
275
48
51
69
93
312
282
274
143
48
51
75
93
314
275
273
271
48
72
75
93
405
274
284
272
48
52
54
78
309
264
277
146
48
52
76
78
310
278
276
270
48
72
76
78
408
277
266
272
48
56
70
94
357
285
280
149
48
56
80
94
359
281
279
267
48
72
80
94
411
280
287
269
48
65
69
93
394
273
283
152
48
65
89
93
395
284
282
286
48
72
89
93
414
283
275
287
48
65
70
94
393
279
286
155
48
65
89
94
395
287
285
283
48
72
89
94
417
286
281
284
49
54
71
95
336
297
289
158
49
54
78
95
338
290
288
264
49
73
78
95
420
289
299
265
49
56
67
91
354
294
292
161
49
56
80
91
356
293
291
267
49
73
80
91
423
292
296
268
49
59
67
91
378
291
295
164
49
59
83
91
379
296
294
298
49
73
83
91
426
295
293
299
49
59
71
95
336
288
298
167
49
59
83
95
337
299
297
295
49
73
83
95
429
298
290
296
50
51
54
78
309
307
301
170
50
51
75
78
311
302
300
304
50
74
75
78
432
301
308
305
50
51
60
84
313
306
304
173
50
51
75
84
314
305
303
301
50
74
75
84
435
304
308
302
50
54
60
84
340
303
307
176
50
54
78
84
341
308
306
300
50
74
78
84
438
307
305
302
51
52
54
78
276
300
310
179
51
52
76
78
277
311
309
270
51
75
76
78
441
310
301
271
51
60
69
93
324
273
313
182
51
60
84
93
325
314
312
303
51
75
84
93
444
313
274
304
53
55
63
87
345
331
316
185
53
55
79
87
347
317
315
319
53
77
79
87
447
316
332
320
53
55
69
93
348
324
319
188
53
55
79
93
350
320
318
316
53
77
79
93
450
319
326
317
53
60
61
85
339
328
322
191
53
60
84
85
340
323
321
325
53
77
84
85
453
322
329
326
53
60
69
93
312
318
325
194
53
60
84
93
313
326
324
322
53
77
84
93
456
325
320
323
53
61
64
88
342
330
328
197
53
61
85
88
343
329
327
321
53
77
85
88
459
328
332
323
53
63
64
88
384
327
331
200
53
63
87
88
385
332
330
315
53
77
87
88
462
331
329
317
54
59
64
88
384
342
334
203
54
59
83
88
386
335
333
337
54
78
83
88
465
334
344
338
54
59
71
95
297
288
337
206
54
59
83
95
298
338
336
334
54
78
83
95
468
337
289
335
54
60
61
85
321
343
340
209
54
60
84
85
322
341
339
306
54
78
84
85
471
340
344
307
54
61
64
88
327
333
343
212
54
61
85
88
328
344
342
339
54
78
85
88
474
343
335
341
55
57
63
87
367
315
346
215
55
57
81
87
368
347
345
349
55
79
81
87
477
346
316
350
55
57
69
93
373
318
349
218
55
57
81
93
374
350
348
346
55
79
81
93
480
349
319
347
56
58
62
86
375
358
352
221
56
58
82
86
377
353
351
355
56
80
82
86
483
352
359
356
56
58
67
91
378
291
355
224
56
58
82
91
380
356
354
352
56
80
82
91
486
355
292
353
56
62
70
94
390
279
358
227
56
62
86
94
392
359
357
351
56
80
86
94
489
358
280
353
57
62
66
90
381
366
361
230
57
62
86
90
382
362
360
364
57
81
86
90
492
361
368
365
57
62
68
92
391
370
364
233
57
62
86
92
392
365
363
361
57
81
86
92
495
364
371
362
57
63
66
90
387
360
367
236
57
63
87
90
388
368
366
345
57
81
87
90
498
367
362
346
57
68
70
94
390
372
370
239
57
68
92
94
391
371
369
363
57
81
92
94
501
370
374
365
57
69
70
94
393
369
373
242
57
69
93
94
394
374
372
348
57
81
93
94
504
373
371
349
58
59
62
86
382
351
376
245
58
59
83
86
383
377
375
379
58
82
83
86
507
376
352
380
58
59
67
91
294
354
379
248
58
59
83
91
295
380
378
376
58
82
83
91
510
379
355
377
59
62
66
90
360
387
382
251
59
62
86
90
361
383
381
375
59
83
86
90
513
382
389
376
59
63
64
88
330
333
385
254
59
63
87
88
331
386
384
388
59
83
87
88
516
385
334
389
59
63
66
90
366
381
388
257
59
63
87
90
367
389
387
385
59
83
87
90
519
388
383
386
62
68
70
94
369
357
391
260
62
68
92
94
370
392
390
363
62
86
92
94
522
391
358
364
65
69
70
94
372
285
394
263
65
69
93
94
373
395
393
282
65
89
93
94
525
394
286
283
72
73
78
6
421
408
397
266
72
73
1
6
422
398
396
400
72
0
1
6
0
397
410
401
72
73
80
8
424
412
400
269
72
73
1
8
425
401
399
397
72
0
1
8
3
400
413
398
72
75
76
4
442
409
403
272
72
75
3
4
443
404
402
406
72
0
3
4
6
403
410
407
72
75
93
21
444
414
406
275
72
75
3
21
446
407
405
403
72
0
3
21
9
406
416
404
72
76
78
6
441
396
409
278
72
76
4
6
442
410
408
402
72
0
4
6
12
409
398
404
72
80
94
22
489
417
412
281
72
80
8
22
491
413
411
399
72
0
8
22
15
412
419
401
72
89
93
21
526
405
415
284
72
89
17
21
527
416
414
418
72
0
17
21
18
415
407
419
72
89
94
22
525
411
418
287
72
89
17
22
527
419
417
415
72
0
17
22
21
418
413
416
73
78
95
23
468
429
421
290
73
78
6
23
470
422
420
396
73
1
6
23
24
421
431
397
73
80
91
19
486
426
424
293
73
80
8
19
488
425
423
399
73
1
8
19
27
424
428
400
73
83
91
19
510
423
427
296
73
83
11
19
511
428
426
430
73
1
11
19
30
427
425
431
73
83
95
23
468
420
430
299
73
83
11
23
469
431
429
427
73
1
11
23
33
430
422
428
74
75
78
6
441
439
433
302
74
75
3
6
443
434
432
436
74
2
3
6
36
433
440
437
74
75
84
12
445
438
436
305
74
75
3
12
446
437
435
433
74
2
3
12
39
436
440
434
74
78
84
12
472
435
439
308
74
78
6
12
473
440
438
432
74
2
6
12
42
439
437
434
75
76
78
6
408
432
442
311
75
76
4
6
409
443
441
402
75
3
4
6
45
442
433
403
75
84
93
21
456
405
445
314
75
84
12
21
457
446
444
435
75
3
12
21
48
445
406
436
77
79
87
15
477
463
448
317
77
79
7
15
479
449
447
451
77
5
7
15
51
448
464
452
77
79
93
21
480
456
451
320
77
79
7
21
482
452
450
448
77
5
7
21
54
451
458
449
77
84
85
13
471
460
454
323
77
84
12
13
472
455
453
457
77
5
12
13
57
454
461
458
77
84
93
21
444
450
457
326
77
84
12
21
445
458
456
454
77
5
12
21
60
457
452
455
77
85
88
16
474
462
460
329
77
85
13
16
475
461
459
453
77
5
13
16
63
460
464
455
77
87
88
16
516
459
463
332
77
87
15
16
517
464
462
447
77
5
15
16
66
463
461
449
78
83
88
16
516
474
466
335
78
83
11
16
518
467
465
469
78
6
11
16
69
466
476
470
78
83
95
23
429
420
469
338
78
83
11
23
430
470
468
466
78
6
11
23
72
469
421
467
78
84
85
13
453
475
472
341
78
84
12
13
454
473
471
438
78
6
12
13
75
472
476
439
78
85
88
16
459
465
475
344
78
85
13
16
460
476
474
471
78
6
13
16
78
475
467
473
79
81
87
15
499
447
478
347
79
81
9
15
500
479
477
481
79
7
9
15
81
478
448
482
79
81
93
21
505
450
481
350
79
81
9
21
506
482
480
478
79
7
9
21
84
481
451
479
80
82
86
14
507
490
484
353
80
82
10
14
509
485
483
487
80
8
10
14
87
484
491
488
80
82
91
19
510
423
487
356
80
82
10
19
512
488
486
484
80
8
10
19
90
487
424
485
80
86
94
22
522
411
490
359
80
86
14
22
524
491
489
483
80
8
14
22
93
490
412
485
81
86
90
18
513
498
493
362
81
86
14
18
514
494
492
496
81
9
14
18
96
493
500
497
81
86
92
20
523
502
496
365
81
86
14
20
524
497
495
493
81
9
14
20
99
496
503
494
81
87
90
18
519
492
499
368
81
87
15
18
520
500
498
477
81
9
15
18
102
499
494
478
81
92
94
22
522
504
502
371
81
92
20
22
523
503
501
495
81
9
20
22
105
502
506
497
81
93
94
22
525
501
505
374
81
93
21
22
526
506
504
480
81
9
21
22
108
505
503
481
82
83
86
14
514
483
508
377
82
83
11
14
515
509
507
511
82
10
11
14
111
508
484
512
82
83
91
19
426
486
511
380
82
83
11
19
427
512
510
508
82
10
11
19
114
511
487
509
83
86
90
18
492
519
514
383
83
86
14
18
493
515
513
507
83
11
14
18
117
514
521
508
83
87
88
16
462
465
517
386
83
87
15
16
463
518
516
520
83
11
15
16
120
517
466
521
83
87
90
18
498
513
520
389
83
87
15
18
499
521
519
517
83
11
15
18
123
520
515
518
86
92
94
22
501
489
523
392
86
92
20
22
502
524
522
495
86
14
20
22
126
523
490
496
89
93
94
22
504
417
526
395
89
93
21
22
505
527
525
414
89
17
21
22
129
526
418
415
528
