1
96
0
0
0
0
0
0
0
0
0
0
0
0
0
0
0
0
0
0
0
0
0
0
0
0
1
1
1
1
1
1
1
1
1
1
1
1
1
1
1
1
1
1
1
1
1
1
1
1
2
2
2
2
2
2
2
2
2
2
2
2
2
2
2
2
2
2
2
2
2
2
2
2
3
3
3
3
3
3
3
3
3
3
3
3
3
3
3
3
3
3
3
3
3
3
3
3
96
528
0
2
4
28
37
7
1
398
0
2
26
28
38
2
0
4
0
24
26
28
132
1
8
5
0
2
15
39
45
13
4
401
0
2
26
39
47
5
3
1
0
24
26
39
135
4
14
2
0
4
8
32
72
10
7
404
0
4
28
32
74
8
6
0
0
24
28
32
138
7
11
2
0
8
20
44
93
16
10
407
0
8
32
44
95
11
9
6
0
24
32
44
141
10
17
8
0
15
23
47
66
15
13
410
0
15
39
47
67
14
12
3
0
24
39
47
144
13
17
5
0
20
23
47
129
12
16
413
0
20
44
47
131
17
15
9
0
24
44
47
147
16
14
11
1
2
12
36
42
30
19
416
1
2
26
36
44
20
18
22
1
25
26
36
150
19
32
23
1
2
21
45
48
33
22
419
1
2
26
45
50
23
21
19
1
25
26
45
153
22
35
20
1
3
5
29
52
31
25
422
1
3
27
29
53
26
24
28
1
25
27
29
156
25
32
29
1
3
15
39
67
34
28
425
1
3
27
39
68
29
27
25
1
25
27
39
159
28
35
26
1
5
12
36
51
18
31
428
1
5
29
36
52
32
30
24
1
25
29
36
162
31
20
26
1
15
21
45
108
21
34
431
1
15
39
45
109
35
33
27
1
25
39
45
165
34
23
29
2
4
6
30
73
40
37
434
2
4
28
30
74
38
36
0
2
26
28
30
168
37
41
1
2
6
9
33
79
43
40
437
2
6
30
33
80
41
39
36
2
26
30
33
171
40
44
38
2
9
12
36
60
18
43
440
2
9
33
36
61
44
42
39
2
26
33
36
174
43
19
41
2
11
15
39
109
3
46
443
2
11
35
39
110
47
45
49
2
26
35
39
177
46
4
50
2
11
21
45
108
21
49
446
2
11
35
45
110
50
48
46
2
26
35
45
180
49
22
47
3
5
12
36
30
60
52
449
3
5
29
36
31
53
51
24
3
27
29
36
183
52
62
25
3
7
16
40
88
70
55
452
3
7
31
40
89
56
54
58
3
27
31
40
186
55
71
59
3
7
23
47
87
66
58
455
3
7
31
47
89
59
57
55
3
27
31
47
189
58
68
56
3
9
12
36
42
51
61
458
3
9
33
36
43
62
60
64
3
27
33
36
192
61
53
65
3
9
18
42
102
69
64
461
3
9
33
42
104
65
63
61
3
27
33
42
195
64
71
62
3
15
23
47
12
57
67
464
3
15
39
47
13
68
66
27
3
27
39
47
198
67
59
28
3
16
18
42
105
63
70
467
3
16
40
42
106
71
69
54
3
27
40
42
201
70
65
56
4
6
8
32
76
6
73
470
4
6
30
32
77
74
72
36
4
28
30
32
204
73
7
37
6
8
23
47
99
84
76
473
6
8
32
47
101
77
75
72
6
30
32
47
207
76
86
73
6
9
10
34
103
82
79
476
6
9
33
34
104
80
78
39
6
30
33
34
210
79
83
40
6
10
16
40
106
85
82
479
6
10
34
40
107
83
81
78
6
30
34
40
213
82
86
80
6
16
23
47
87
75
85
482
6
16
40
47
88
86
84
81
6
30
40
47
216
85
77
83
7
16
23
47
84
57
88
485
7
16
40
47
85
89
87
54
7
31
40
47
219
88
58
55
8
14
19
43
120
97
91
488
8
14
38
43
122
92
90
94
8
32
38
43
222
91
98
95
8
14
20
44
123
9
94
491
8
14
38
44
125
95
93
91
8
32
38
44
225
94
10
92
8
19
22
46
126
100
97
494
8
19
43
46
127
98
96
90
8
32
43
46
228
97
101
92
8
22
23
47
129
75
100
497
8
22
46
47
130
101
99
96
8
32
46
47
231
100
76
98
9
10
18
42
105
63
103
500
9
10
34
42
107
104
102
78
9
33
34
42
234
103
64
79
10
16
18
42
69
102
106
503
10
16
40
42
70
107
105
81
10
34
40
42
237
106
103
82
11
15
21
45
33
48
109
506
11
15
39
45
34
110
108
45
11
35
39
45
240
109
49
46
13
17
20
44
123
118
112
509
13
17
41
44
124
113
111
115
13
37
41
44
243
112
119
116
13
17
22
46
126
117
115
512
13
17
41
46
128
116
114
112
13
37
41
46
246
115
119
113
13
20
22
46
130
114
118
515
13
20
44
46
131
119
117
111
13
37
44
46
249
118
116
113
14
17
19
43
127
90
121
518
14
17
41
43
128
122
120
124
14
38
41
43
252
121
91
125
14
17
20
44
111
93
124
521
14
17
41
44
112
125
123
121
14
38
41
44
255
124
94
122
17
19
22
46
96
114
127
524
17
19
43
46
97
128
126
120
17
41
43
46
258
127
115
121
20
22
23
47
99
15
130
527
20
22
46
47
100
131
129
117
20
44
46
47
261
130
16
118
24
26
28
52
169
139
133
2
24
26
50
52
170
134
132
136
24
48
50
52
264
133
140
137
24
26
39
63
177
145
136
5
24
26
50
63
179
137
135
133
24
48
50
63
267
136
146
134
24
28
32
56
204
142
139
8
24
28
52
56
206
140
138
132
24
48
52
56
270
139
143
134
24
32
44
68
225
148
142
11
24
32
56
68
227
143
141
138
24
48
56
68
273
142
149
140
24
39
47
71
198
147
145
14
24
39
63
71
199
146
144
135
24
48
63
71
276
145
149
137
24
44
47
71
261
144
148
17
24
44
68
71
263
149
147
141
24
48
68
71
279
148
146
143
25
26
36
60
174
162
151
20
25
26
50
60
176
152
150
154
25
49
50
60
282
151
164
155
25
26
45
69
180
165
154
23
25
26
50
69
182
155
153
151
25
49
50
69
285
154
167
152
25
27
29
53
184
163
157
26
25
27
51
53
185
158
156
160
25
49
51
53
288
157
164
161
25
27
39
63
199
166
160
29
25
27
51
63
200
161
159
157
25
49
51
63
291
160
167
158
25
29
36
60
183
150
163
32
25
29
53
60
184
164
162
156
25
49
53
60
294
163
152
158
25
39
45
69
240
153
166
35
25
39
63
69
241
167
165
159
25
49
63
69
297
166
155
161
26
28
30
54
205
172
169
38
26
28
52
54
206
170
168
132
26
50
52
54
300
169
173
133
26
30
33
57
211
175
172
41
26
30
54
57
212
173
171
168
26
50
54
57
303
172
176
170
26
33
36
60
192
150
175
44
26
33
57
60
193
176
174
171
26
50
57
60
306
175
151
173
26
35
39
63
241
135
178
47
26
35
59
63
242
179
177
181
26
50
59
63
309
178
136
182
26
35
45
69
240
153
181
50
26
35
59
69
242
182
180
178
26
50
59
69
312
181
154
179
27
29
36
60
162
192
184
53
27
29
53
60
163
185
183
156
27
51
53
60
315
184
194
157
27
31
40
64
220
202
187
56
27
31
55
64
221
188
186
190
27
51
55
64
318
187
203
191
27
31
47
71
219
198
190
59
27
31
55
71
221
191
189
187
27
51
55
71
321
190
200
188
27
33
36
60
174
183
193
62
27
33
57
60
175
194
192
196
27
51
57
60
324
193
185
197
27
33
42
66
234
201
196
65
27
33
57
66
236
197
195
193
27
51
57
66
327
196
203
194
27
39
47
71
144
189
199
68
27
39
63
71
145
200
198
159
27
51
63
71
330
199
191
160
27
40
42
66
237
195
202
71
27
40
64
66
238
203
201
186
27
51
64
66
333
202
197
188
28
30
32
56
208
138
205
74
28
30
54
56
209
206
204
168
28
52
54
56
336
205
139
169
30
32
47
71
231
216
208
77
30
32
56
71
233
209
207
204
30
54
56
71
339
208
218
205
30
33
34
58
235
214
211
80
30
33
57
58
236
212
210
171
30
54
57
58
342
211
215
172
30
34
40
64
238
217
214
83
30
34
58
64
239
215
213
210
30
54
58
64
345
214
218
212
30
40
47
71
219
207
217
86
30
40
64
71
220
218
216
213
30
54
64
71
348
217
209
215
31
40
47
71
216
189
220
89
31
40
64
71
217
221
219
186
31
55
64
71
351
220
190
187
32
38
43
67
252
229
223
92
32
38
62
67
254
224
222
226
32
56
62
67
354
223
230
227
32
38
44
68
255
141
226
95
32
38
62
68
257
227
225
223
32
56
62
68
357
226
142
224
32
43
46
70
258
232
229
98
32
43
67
70
259
230
228
222
32
56
67
70
360
229
233
224
32
46
47
71
261
207
232
101
32
46
70
71
262
233
231
228
32
56
70
71
363
232
208
230
33
34
42
66
237
195
235
104
33
34
58
66
239
236
234
210
33
57
58
66
366
235
196
211
34
40
42
66
201
234
238
107
34
40
64
66
202
239
237
213
34
58
64
66
369
238
235
214
35
39
45
69
165
180
241
110
35
39
63
69
166
242
240
177
35
59
63
69
372
241
181
178
37
41
44
68
255
250
244
113
37
41
65
68
256
245
243
247
37
61
65
68
375
244
251
248
37
41
46
70
258
249
247
116
37
41
65
70
260
248
246
244
37
61
65
70
378
247
251
245
37
44
46
70
262
246
250
119
37
44
68
70
263
251
249
243
37
61
68
70
381
250
248
245
38
41
43
67
259
222
253
122
38
41
65
67
260
254
252
256
38
62
65
67
384
253
223
257
38
41
44
68
243
225
256
125
38
41
65
68
244
257
255
253
38
62
65
68
387
256
226
254
41
43
46
70
228
246
259
128
41
43
67
70
229
260
258
252
41
65
67
70
390
259
247
253
44
46
47
71
231
147
262
131
44
46
70
71
232
263
261
249
44
68
70
71
393
262
148
250
48
50
52
76
301
271
265
134
48
50
74
76
302
266
264
268
48
72
74
76
396
265
272
269
48
50
63
87
309
277
268
137
48
50
74
87
311
269
267
265
48
72
74
87
399
268
278
266
48
52
56
80
336
274
271
140
48
52
76
80
338
272
270
264
48
72
76
80
402
271
275
266
48
56
68
92
357
280
274
143
48
56
80
92
359
275
273
270
48
72
80
92
405
274
281
272
48
63
71
95
330
279
277
146
48
63
87
95
331
278
276
267
48
72
87
95
408
277
281
269
48
68
71
95
393
276
280
149
48
68
92
95
395
281
279
273
48
72
92
95
411
280
278
275
49
50
60
84
306
294
283
152
49
50
74
84
308
284
282
286
49
73
74
84
414
283
296
287
49
50
69
93
312
297
286
155
49
50
74
93
314
287
285
283
49
73
74
93
417
286
299
284
49
51
53
77
316
295
289
158
49
51
75
77
317
290
288
292
49
73
75
77
420
289
296
293
49
51
63
87
331
298
292
161
49
51
75
87
332
293
291
289
49
73
75
87
423
292
299
290
49
53
60
84
315
282
295
164
49
53
77
84
316
296
294
288
49
73
77
84
426
295
284
290
49
63
69
93
372
285
298
167
49
63
87
93
373
299
297
291
49
73
87
93
429
298
287
293
50
52
54
78
337
304
301
170
50
52
76
78
338
302
300
264
50
74
76
78
432
301
305
265
50
54
57
81
343
307
304
173
50
54
78
81
344
305
303
300
50
74
78
81
435
304
308
302
50
57
60
84
324
282
307
176
50
57
81
84
325
308
306
303
50
74
81
84
438
307
283
305
50
59
63
87
373
267
310
179
50
59
83
87
374
311
309
313
50
74
83
87
441
310
268
314
50
59
69
93
372
285
313
182
50
59
83
93
374
314
312
310
50
74
83
93
444
313
286
311
51
53
60
84
294
324
316
185
51
53
77
84
295
317
315
288
51
75
77
84
447
316
326
289
51
55
64
88
352
334
319
188
51
55
79
88
353
320
318
322
51
75
79
88
450
319
335
323
51
55
71
95
351
330
322
191
51
55
79
95
353
323
321
319
51
75
79
95
453
322
332
320
51
57
60
84
306
315
325
194
51
57
81
84
307
326
324
328
51
75
81
84
456
325
317
329
51
57
66
90
366
333
328
197
51
57
81
90
368
329
327
325
51
75
81
90
459
328
335
326
51
63
71
95
276
321
331
200
51
63
87
95
277
332
330
291
51
75
87
95
462
331
323
292
51
64
66
90
369
327
334
203
51
64
88
90
370
335
333
318
51
75
88
90
465
334
329
320
52
54
56
80
340
270
337
206
52
54
78
80
341
338
336
300
52
76
78
80
468
337
271
301
54
56
71
95
363
348
340
209
54
56
80
95
365
341
339
336
54
78
80
95
471
340
350
337
54
57
58
82
367
346
343
212
54
57
81
82
368
344
342
303
54
78
81
82
474
343
347
304
54
58
64
88
370
349
346
215
54
58
82
88
371
347
345
342
54
78
82
88
477
346
350
344
54
64
71
95
351
339
349
218
54
64
88
95
352
350
348
345
54
78
88
95
480
349
341
347
55
64
71
95
348
321
352
221
55
64
88
95
349
353
351
318
55
79
88
95
483
352
322
319
56
62
67
91
384
361
355
224
56
62
86
91
386
356
354
358
56
80
86
91
486
355
362
359
56
62
68
92
387
273
358
227
56
62
86
92
389
359
357
355
56
80
86
92
489
358
274
356
56
67
70
94
390
364
361
230
56
67
91
94
391
362
360
354
56
80
91
94
492
361
365
356
56
70
71
95
393
339
364
233
56
70
94
95
394
365
363
360
56
80
94
95
495
364
340
362
57
58
66
90
369
327
367
236
57
58
82
90
371
368
366
342
57
81
82
90
498
367
328
343
58
64
66
90
333
366
370
239
58
64
88
90
334
371
369
345
58
82
88
90
501
370
367
346
59
63
69
93
297
312
373
242
59
63
87
93
298
374
372
309
59
83
87
93
504
373
313
310
61
65
68
92
387
382
376
245
61
65
89
92
388
377
375
379
61
85
89
92
507
376
383
380
61
65
70
94
390
381
379
248
61
65
89
94
392
380
378
376
61
85
89
94
510
379
383
377
61
68
70
94
394
378
382
251
61
68
92
94
395
383
381
375
61
85
92
94
513
382
380
377
62
65
67
91
391
354
385
254
62
65
89
91
392
386
384
388
62
86
89
91
516
385
355
389
62
65
68
92
375
357
388
257
62
65
89
92
376
389
387
385
62
86
89
92
519
388
358
386
65
67
70
94
360
378
391
260
65
67
91
94
361
392
390
384
65
89
91
94
522
391
379
385
68
70
71
95
363
279
394
263
68
70
94
95
364
395
393
381
68
92
94
95
525
394
280
382
72
74
76
4
433
403
397
266
72
74
2
4
434
398
396
400
72
0
2
4
0
397
404
401
72
74
87
15
441
409
400
269
72
74
2
15
443
401
399
397
72
0
2
15
3
400
410
398
72
76
80
8
468
406
403
272
72
76
4
8
470
404
402
396
72
0
4
8
6
403
407
398
72
80
92
20
489
412
406
275
72
80
8
20
491
407
405
402
72
0
8
20
9
406
413
404
72
87
95
23
462
411
409
278
72
87
15
23
463
410
408
399
72
0
15
23
12
409
413
401
72
92
95
23
525
408
412
281
72
92
20
23
527
413
411
405
72
0
20
23
15
412
410
407
73
74
84
12
438
426
415
284
73
74
2
12
440
416
414
418
73
1
2
12
18
415
428
419
73
74
93
21
444
429
418
287
73
74
2
21
446
419
417
415
73
1
2
21
21
418
431
416
73
75
77
5
448
427
421
290
73
75
3
5
449
422
420
424
73
1
3
5
24
421
428
425
73
75
87
15
463
430
424
293
73
75
3
15
464
425
423
421
73
1
3
15
27
424
431
422
73
77
84
12
447
414
427
296
73
77
5
12
448
428
426
420
73
1
5
12
30
427
416
422
73
87
93
21
504
417
430
299
73
87
15
21
505
431
429
423
73
1
15
21
33
430
419
425
74
76
78
6
469
436
433
302
74
76
4
6
470
434
432
396
74
2
4
6
36
433
437
397
74
78
81
9
475
439
436
305
74
78
6
9
476
437
435
432
74
2
6
9
39
436
440
434
74
81
84
12
456
414
439
308
74
81
9
12
457
440
438
435
74
2
9
12
42
439
415
437
74
83
87
15
505
399
442
311
74
83
11
15
506
443
441
445
74
2
11
15
45
442
400
446
74
83
93
21
504
417
445
314
74
83
11
21
506
446
444
442
74
2
11
21
48
445
418
443
75
77
84
12
426
456
448
317
75
77
5
12
427
449
447
420
75
3
5
12
51
448
458
421
75
79
88
16
484
466
451
320
75
79
7
16
485
452
450
454
75
3
7
16
54
451
467
455
75
79
95
23
483
462
454
323
75
79
7
23
485
455
453
451
75
3
7
23
57
454
464
452
75
81
84
12
438
447
457
326
75
81
9
12
439
458
456
460
75
3
9
12
60
457
449
461
75
81
90
18
498
465
460
329
75
81
9
18
500
461
459
457
75
3
9
18
63
460
467
458
75
87
95
23
408
453
463
332
75
87
15
23
409
464
462
423
75
3
15
23
66
463
455
424
75
88
90
18
501
459
466
335
75
88
16
18
502
467
465
450
75
3
16
18
69
466
461
452
76
78
80
8
472
402
469
338
76
78
6
8
473
470
468
432
76
4
6
8
72
469
403
433
78
80
95
23
495
480
472
341
78
80
8
23
497
473
471
468
78
6
8
23
75
472
482
469
78
81
82
10
499
478
475
344
78
81
9
10
500
476
474
435
78
6
9
10
78
475
479
436
78
82
88
16
502
481
478
347
78
82
10
16
503
479
477
474
78
6
10
16
81
478
482
476
78
88
95
23
483
471
481
350
78
88
16
23
484
482
480
477
78
6
16
23
84
481
473
479
79
88
95
23
480
453
484
353
79
88
16
23
481
485
483
450
79
7
16
23
87
484
454
451
80
86
91
19
516
493
487
356
80
86
14
19
518
488
486
490
80
8
14
19
90
487
494
491
80
86
92
20
519
405
490
359
80
86
14
20
521
491
489
487
80
8
14
20
93
490
406
488
80
91
94
22
522
496
493
362
80
91
19
22
523
494
492
486
80
8
19
22
96
493
497
488
80
94
95
23
525
471
496
365
80
94
22
23
526
497
495
492
80
8
22
23
99
496
472
494
81
82
90
18
501
459
499
368
81
82
10
18
503
500
498
474
81
9
10
18
102
499
460
475
82
88
90
18
465
498
502
371
82
88
16
18
466
503
501
477
82
10
16
18
105
502
499
478
83
87
93
21
429
444
505
374
83
87
15
21
430
506
504
441
83
11
15
21
108
505
445
442
85
89
92
20
519
514
508
377
85
89
17
20
520
509
507
511
85
13
17
20
111
508
515
512
85
89
94
22
522
513
511
380
85
89
17
22
524
512
510
508
85
13
17
22
114
511
515
509
85
92
94
22
526
510
514
383
85
92
20
22
527
515
513
507
85
13
20
22
117
514
512
509
86
89
91
19
523
486
517
386
86
89
17
19
524
518
516
520
86
14
17
19
120
517
487
521
86
89
92
20
507
489
520
389
86
89
17
20
508
521
519
517
86
14
17
20
123
520
490
518
89
91
94
22
492
510
523
392
89
91
19
22
493
524
522
516
89
17
19
22
126
523
511
517
92
94
95
23
495
411
526
395
92
94
22
23
496
527
525
513
92
20
22
23
129
526
412
514
528
