1
96
0
0
0
0
0
0
0
0
0
0
0
0
0
0
0
0
0
0
0
0
0
0
0
0
1
1
1
1
1
1
1
1
1
1
1
1
1
1
1
1
1
1
1
1
1
1
1
1
2
2
2
2
2
2
2
2
2
2
2
2
2
2
2
2
2
2
2
2
2
2
2
2
3
3
3
3
3
3
3
3
3
3
3
3
3
3
3
3
3
3
3
3
3
3
3
3
96
528
0
5
13
37
82
7
1
398
0
5
29
37
83
2
0
4
0
24
29
37
132
1
8
5
0
5
18
42
15
10
4
401
0
5
29
42
16
5
3
1
0
24
29
42
135
4
11
2
0
13
23
47
120
9
7
404
0
13
37
47
122
8
6
0
0
24
37
47
138
7
11
2
0
18
23
47
120
6
10
407
0
18
42
47
121
11
9
3
0
24
42
47
141
10
8
5
1
5
14
38
36
28
13
410
1
5
29
38
37
14
12
16
1
25
29
38
144
13
29
17
1
5
18
42
3
24
16
413
1
5
29
42
4
17
15
13
1
25
29
42
147
16
26
14
1
7
10
34
100
25
19
416
1
7
31
34
101
20
18
22
1
25
31
34
150
19
26
23
1
7
20
44
102
30
22
419
1
7
31
44
104
23
21
19
1
25
31
44
153
22
32
20
1
10
18
42
114
15
25
422
1
10
34
42
116
26
24
18
1
25
34
42
156
25
17
20
1
14
21
45
48
33
28
425
1
14
38
45
49
29
27
12
1
25
38
45
159
28
35
14
1
17
20
44
123
21
31
428
1
17
41
44
124
32
30
34
1
25
41
44
162
31
23
35
1
17
21
45
127
27
34
431
1
17
41
45
128
35
33
31
1
25
41
45
165
34
29
32
2
5
14
38
12
49
37
434
2
5
29
38
13
38
36
40
2
26
29
38
168
37
50
41
2
5
17
41
69
52
40
437
2
5
29
41
70
41
39
37
2
26
29
41
171
40
53
38
2
8
19
43
106
55
43
440
2
8
32
43
107
44
42
46
2
26
32
43
174
43
56
47
2
8
21
45
105
48
46
443
2
8
32
45
107
47
45
43
2
26
32
45
177
46
50
44
2
14
21
45
27
45
49
446
2
14
38
45
28
50
48
36
2
26
38
45
180
49
47
38
2
17
22
46
126
54
52
449
2
17
41
46
128
53
51
39
2
26
41
46
183
52
56
41
2
19
22
46
129
51
55
452
2
19
43
46
131
56
54
42
2
26
43
46
186
55
53
44
3
6
11
35
91
64
58
455
3
6
30
35
92
59
57
61
3
27
30
35
189
58
65
62
3
6
15
39
97
63
61
458
3
6
30
39
98
62
60
58
3
27
30
39
192
61
65
59
3
11
15
39
117
60
64
461
3
11
35
39
119
65
63
57
3
27
35
39
195
64
62
59
4
5
12
36
79
73
67
464
4
5
29
36
80
68
66
70
4
28
29
36
198
67
74
71
4
5
17
41
39
75
70
467
4
5
29
41
40
71
69
67
4
28
29
41
201
70
77
68
4
12
15
39
78
76
73
470
4
12
36
39
79
74
72
66
4
28
36
39
204
73
77
68
4
15
17
41
96
69
76
473
4
15
39
41
97
77
75
72
4
28
39
41
207
76
71
74
5
12
15
39
72
81
79
476
5
12
36
39
73
80
78
66
5
29
36
39
210
79
83
67
5
13
15
39
117
78
82
479
5
13
37
39
118
83
81
0
5
29
37
39
213
82
80
1
6
9
16
40
109
93
85
482
6
9
33
40
110
86
84
88
6
30
33
40
216
85
95
89
6
9
17
41
108
96
88
485
6
9
33
41
110
89
87
85
6
30
33
41
219
88
98
86
6
11
13
37
118
94
91
488
6
11
35
37
119
92
90
57
6
30
35
37
222
91
95
58
6
13
16
40
111
84
94
491
6
13
37
40
112
95
93
90
6
30
37
40
225
94
86
92
6
15
17
41
75
87
97
494
6
15
39
41
76
98
96
60
6
30
39
41
228
97
89
61
7
10
16
40
111
103
100
497
7
10
34
40
113
101
99
18
7
31
34
40
231
100
104
19
7
16
20
44
123
21
103
500
7
16
40
44
125
104
102
99
7
31
40
44
234
103
22
101
8
19
21
45
130
45
106
503
8
19
43
45
131
107
105
42
8
32
43
45
237
106
46
43
9
16
17
41
124
87
109
506
9
16
40
41
125
110
108
84
9
33
40
41
240
109
88
85
10
13
16
40
93
99
112
509
10
13
37
40
94
113
111
115
10
34
37
40
243
112
100
116
10
13
18
42
121
24
115
512
10
13
37
42
122
116
114
112
10
34
37
42
246
115
25
113
11
13
15
39
81
63
118
515
11
13
37
39
82
119
117
90
11
35
37
39
249
118
64
91
13
18
23
47
9
6
121
518
13
18
42
47
10
122
120
114
13
37
42
47
252
121
7
115
16
17
20
44
30
102
124
521
16
17
41
44
31
125
123
108
16
40
41
44
255
124
103
109
17
21
22
46
129
51
127
524
17
21
45
46
130
128
126
33
17
41
45
46
258
127
52
34
19
21
22
46
126
54
130
527
19
21
45
46
127
131
129
105
19
43
45
46
261
130
55
106
24
29
37
61
214
139
133
2
24
29
53
61
215
134
132
136
24
48
53
61
264
133
140
137
24
29
42
66
147
142
136
5
24
29
53
66
148
137
135
133
24
48
53
66
267
136
143
134
24
37
47
71
252
141
139
8
24
37
61
71
254
140
138
132
24
48
61
71
270
139
143
134
24
42
47
71
252
138
142
11
24
42
66
71
253
143
141
135
24
48
66
71
273
142
140
137
25
29
38
62
168
160
145
14
25
29
53
62
169
146
144
148
25
49
53
62
276
145
161
149
25
29
42
66
135
156
148
17
25
29
53
66
136
149
147
145
25
49
53
66
279
148
158
146
25
31
34
58
232
157
151
20
25
31
55
58
233
152
150
154
25
49
55
58
282
151
158
155
25
31
44
68
234
162
154
23
25
31
55
68
236
155
153
151
25
49
55
68
285
154
164
152
25
34
42
66
246
147
157
26
25
34
58
66
248
158
156
150
25
49
58
66
288
157
149
152
25
38
45
69
180
165
160
29
25
38
62
69
181
161
159
144
25
49
62
69
291
160
167
146
25
41
44
68
255
153
163
32
25
41
65
68
256
164
162
166
25
49
65
68
294
163
155
167
25
41
45
69
259
159
166
35
25
41
65
69
260
167
165
163
25
49
65
69
297
166
161
164
26
29
38
62
144
181
169
38
26
29
53
62
145
170
168
172
26
50
53
62
300
169
182
173
26
29
41
65
201
184
172
41
26
29
53
65
202
173
171
169
26
50
53
65
303
172
185
170
26
32
43
67
238
187
175
44
26
32
56
67
239
176
174
178
26
50
56
67
306
175
188
179
26
32
45
69
237
180
178
47
26
32
56
69
239
179
177
175
26
50
56
69
309
178
182
176
26
38
45
69
159
177
181
50
26
38
62
69
160
182
180
168
26
50
62
69
312
181
179
170
26
41
46
70
258
186
184
53
26
41
65
70
260
185
183
171
26
50
65
70
315
184
188
173
26
43
46
70
261
183
187
56
26
43
67
70
263
188
186
174
26
50
67
70
318
187
185
176
27
30
35
59
223
196
190
59
27
30
54
59
224
191
189
193
27
51
54
59
321
190
197
194
27
30
39
63
229
195
193
62
27
30
54
63
230
194
192
190
27
51
54
63
324
193
197
191
27
35
39
63
249
192
196
65
27
35
59
63
251
197
195
189
27
51
59
63
327
196
194
191
28
29
36
60
211
205
199
68
28
29
53
60
212
200
198
202
28
52
53
60
330
199
206
203
28
29
41
65
171
207
202
71
28
29
53
65
172
203
201
199
28
52
53
65
333
202
209
200
28
36
39
63
210
208
205
74
28
36
60
63
211
206
204
198
28
52
60
63
336
205
209
200
28
39
41
65
228
201
208
77
28
39
63
65
229
209
207
204
28
52
63
65
339
208
203
206
29
36
39
63
204
213
211
80
29
36
60
63
205
212
210
198
29
53
60
63
342
211
215
199
29
37
39
63
249
210
214
83
29
37
61
63
250
215
213
132
29
53
61
63
345
214
212
133
30
33
40
64
241
225
217
86
30
33
57
64
242
218
216
220
30
54
57
64
348
217
227
221
30
33
41
65
240
228
220
89
30
33
57
65
242
221
219
217
30
54
57
65
351
220
230
218
30
35
37
61
250
226
223
92
30
35
59
61
251
224
222
189
30
54
59
61
354
223
227
190
30
37
40
64
243
216
226
95
30
37
61
64
244
227
225
222
30
54
61
64
357
226
218
224
30
39
41
65
207
219
229
98
30
39
63
65
208
230
228
192
30
54
63
65
360
229
221
193
31
34
40
64
243
235
232
101
31
34
58
64
245
233
231
150
31
55
58
64
363
232
236
151
31
40
44
68
255
153
235
104
31
40
64
68
257
236
234
231
31
55
64
68
366
235
154
233
32
43
45
69
262
177
238
107
32
43
67
69
263
239
237
174
32
56
67
69
369
238
178
175
33
40
41
65
256
219
241
110
33
40
64
65
257
242
240
216
33
57
64
65
372
241
220
217
34
37
40
64
225
231
244
113
34
37
61
64
226
245
243
247
34
58
61
64
375
244
232
248
34
37
42
66
253
156
247
116
34
37
61
66
254
248
246
244
34
58
61
66
378
247
157
245
35
37
39
63
213
195
250
119
35
37
61
63
214
251
249
222
35
59
61
63
381
250
196
223
37
42
47
71
141
138
253
122
37
42
66
71
142
254
252
246
37
61
66
71
384
253
139
247
40
41
44
68
162
234
256
125
40
41
65
68
163
257
255
240
40
64
65
68
387
256
235
241
41
45
46
70
261
183
259
128
41
45
69
70
262
260
258
165
41
65
69
70
390
259
184
166
43
45
46
70
258
186
262
131
43
45
69
70
259
263
261
237
43
67
69
70
393
262
187
238
48
53
61
85
346
271
265
134
48
53
77
85
347
266
264
268
48
72
77
85
396
265
272
269
48
53
66
90
279
274
268
137
48
53
77
90
280
269
267
265
48
72
77
90
399
268
275
266
48
61
71
95
384
273
271
140
48
61
85
95
386
272
270
264
48
72
85
95
402
271
275
266
48
66
71
95
384
270
274
143
48
66
90
95
385
275
273
267
48
72
90
95
405
274
272
269
49
53
62
86
300
292
277
146
49
53
77
86
301
278
276
280
49
73
77
86
408
277
293
281
49
53
66
90
267
288
280
149
49
53
77
90
268
281
279
277
49
73
77
90
411
280
290
278
49
55
58
82
364
289
283
152
49
55
79
82
365
284
282
286
49
73
79
82
414
283
290
287
49
55
68
92
366
294
286
155
49
55
79
92
368
287
285
283
49
73
79
92
417
286
296
284
49
58
66
90
378
279
289
158
49
58
82
90
380
290
288
282
49
73
82
90
420
289
281
284
49
62
69
93
312
297
292
161
49
62
86
93
313
293
291
276
49
73
86
93
423
292
299
278
49
65
68
92
387
285
295
164
49
65
89
92
388
296
294
298
49
73
89
92
426
295
287
299
49
65
69
93
391
291
298
167
49
65
89
93
392
299
297
295
49
73
89
93
429
298
293
296
50
53
62
86
276
313
301
170
50
53
77
86
277
302
300
304
50
74
77
86
432
301
314
305
50
53
65
89
333
316
304
173
50
53
77
89
334
305
303
301
50
74
77
89
435
304
317
302
50
56
67
91
370
319
307
176
50
56
80
91
371
308
306
310
50
74
80
91
438
307
320
311
50
56
69
93
369
312
310
179
50
56
80
93
371
311
309
307
50
74
80
93
441
310
314
308
50
62
69
93
291
309
313
182
50
62
86
93
292
314
312
300
50
74
86
93
444
313
311
302
50
65
70
94
390
318
316
185
50
65
89
94
392
317
315
303
50
74
89
94
447
316
320
305
50
67
70
94
393
315
319
188
50
67
91
94
395
320
318
306
50
74
91
94
450
319
317
308
51
54
59
83
355
328
322
191
51
54
78
83
356
323
321
325
51
75
78
83
453
322
329
326
51
54
63
87
361
327
325
194
51
54
78
87
362
326
324
322
51
75
78
87
456
325
329
323
51
59
63
87
381
324
328
197
51
59
83
87
383
329
327
321
51
75
83
87
459
328
326
323
52
53
60
84
343
337
331
200
52
53
77
84
344
332
330
334
52
76
77
84
462
331
338
335
52
53
65
89
303
339
334
203
52
53
77
89
304
335
333
331
52
76
77
89
465
334
341
332
52
60
63
87
342
340
337
206
52
60
84
87
343
338
336
330
52
76
84
87
468
337
341
332
52
63
65
89
360
333
340
209
52
63
87
89
361
341
339
336
52
76
87
89
471
340
335
338
53
60
63
87
336
345
343
212
53
60
84
87
337
344
342
330
53
77
84
87
474
343
347
331
53
61
63
87
381
342
346
215
53
61
85
87
382
347
345
264
53
77
85
87
477
346
344
265
54
57
64
88
373
357
349
218
54
57
81
88
374
350
348
352
54
78
81
88
480
349
359
353
54
57
65
89
372
360
352
221
54
57
81
89
374
353
351
349
54
78
81
89
483
352
362
350
54
59
61
85
382
358
355
224
54
59
83
85
383
356
354
321
54
78
83
85
486
355
359
322
54
61
64
88
375
348
358
227
54
61
85
88
376
359
357
354
54
78
85
88
489
358
350
356
54
63
65
89
339
351
361
230
54
63
87
89
340
362
360
324
54
78
87
89
492
361
353
325
55
58
64
88
375
367
364
233
55
58
82
88
377
365
363
282
55
79
82
88
495
364
368
283
55
64
68
92
387
285
367
236
55
64
88
92
389
368
366
363
55
79
88
92
498
367
286
365
56
67
69
93
394
309
370
239
56
67
91
93
395
371
369
306
56
80
91
93
501
370
310
307
57
64
65
89
388
351
373
242
57
64
88
89
389
374
372
348
57
81
88
89
504
373
352
349
58
61
64
88
357
363
376
245
58
61
85
88
358
377
375
379
58
82
85
88
507
376
364
380
58
61
66
90
385
288
379
248
58
61
85
90
386
380
378
376
58
82
85
90
510
379
289
377
59
61
63
87
345
327
382
251
59
61
85
87
346
383
381
354
59
83
85
87
513
382
328
355
61
66
71
95
273
270
385
254
61
66
90
95
274
386
384
378
61
85
90
95
516
385
271
379
64
65
68
92
294
366
388
257
64
65
89
92
295
389
387
372
64
88
89
92
519
388
367
373
65
69
70
94
393
315
391
260
65
69
93
94
394
392
390
297
65
89
93
94
522
391
316
298
67
69
70
94
390
318
394
263
67
69
93
94
391
395
393
369
67
91
93
94
525
394
319
370
72
77
85
13
478
403
397
266
72
77
5
13
479
398
396
400
72
0
5
13
0
397
404
401
72
77
90
18
411
406
400
269
72
77
5
18
412
401
399
397
72
0
5
18
3
400
407
398
72
85
95
23
516
405
403
272
72
85
13
23
518
404
402
396
72
0
13
23
6
403
407
398
72
90
95
23
516
402
406
275
72
90
18
23
517
407
405
399
72
0
18
23
9
406
404
401
73
77
86
14
432
424
409
278
73
77
5
14
433
410
408
412
73
1
5
14
12
409
425
413
73
77
90
18
399
420
412
281
73
77
5
18
400
413
411
409
73
1
5
18
15
412
422
410
73
79
82
10
496
421
415
284
73
79
7
10
497
416
414
418
73
1
7
10
18
415
422
419
73
79
92
20
498
426
418
287
73
79
7
20
500
419
417
415
73
1
7
20
21
418
428
416
73
82
90
18
510
411
421
290
73
82
10
18
512
422
420
414
73
1
10
18
24
421
413
416
73
86
93
21
444
429
424
293
73
86
14
21
445
425
423
408
73
1
14
21
27
424
431
410
73
89
92
20
519
417
427
296
73
89
17
20
520
428
426
430
73
1
17
20
30
427
419
431
73
89
93
21
523
423
430
299
73
89
17
21
524
431
429
427
73
1
17
21
33
430
425
428
74
77
86
14
408
445
433
302
74
77
5
14
409
434
432
436
74
2
5
14
36
433
446
437
74
77
89
17
465
448
436
305
74
77
5
17
466
437
435
433
74
2
5
17
39
436
449
434
74
80
91
19
502
451
439
308
74
80
8
19
503
440
438
442
74
2
8
19
42
439
452
443
74
80
93
21
501
444
442
311
74
80
8
21
503
443
441
439
74
2
8
21
45
442
446
440
74
86
93
21
423
441
445
314
74
86
14
21
424
446
444
432
74
2
14
21
48
445
443
434
74
89
94
22
522
450
448
317
74
89
17
22
524
449
447
435
74
2
17
22
51
448
452
437
74
91
94
22
525
447
451
320
74
91
19
22
527
452
450
438
74
2
19
22
54
451
449
440
75
78
83
11
487
460
454
323
75
78
6
11
488
455
453
457
75
3
6
11
57
454
461
458
75
78
87
15
493
459
457
326
75
78
6
15
494
458
456
454
75
3
6
15
60
457
461
455
75
83
87
15
513
456
460
329
75
83
11
15
515
461
459
453
75
3
11
15
63
460
458
455
76
77
84
12
475
469
463
332
76
77
5
12
476
464
462
466
76
4
5
12
66
463
470
467
76
77
89
17
435
471
466
335
76
77
5
17
436
467
465
463
76
4
5
17
69
466
473
464
76
84
87
15
474
472
469
338
76
84
12
15
475
470
468
462
76
4
12
15
72
469
473
464
76
87
89
17
492
465
472
341
76
87
15
17
493
473
471
468
76
4
15
17
75
472
467
470
77
84
87
15
468
477
475
344
77
84
12
15
469
476
474
462
77
5
12
15
78
475
479
463
77
85
87
15
513
474
478
347
77
85
13
15
514
479
477
396
77
5
13
15
81
478
476
397
78
81
88
16
505
489
481
350
78
81
9
16
506
482
480
484
78
6
9
16
84
481
491
485
78
81
89
17
504
492
484
353
78
81
9
17
506
485
483
481
78
6
9
17
87
484
494
482
78
83
85
13
514
490
487
356
78
83
11
13
515
488
486
453
78
6
11
13
90
487
491
454
78
85
88
16
507
480
490
359
78
85
13
16
508
491
489
486
78
6
13
16
93
490
482
488
78
87
89
17
471
483
493
362
78
87
15
17
472
494
492
456
78
6
15
17
96
493
485
457
79
82
88
16
507
499
496
365
79
82
10
16
509
497
495
414
79
7
10
16
99
496
500
415
79
88
92
20
519
417
499
368
79
88
16
20
521
500
498
495
79
7
16
20
102
499
418
497
80
91
93
21
526
441
502
371
80
91
19
21
527
503
501
438
80
8
19
21
105
502
442
439
81
88
89
17
520
483
505
374
81
88
16
17
521
506
504
480
81
9
16
17
108
505
484
481
82
85
88
16
489
495
508
377
82
85
13
16
490
509
507
511
82
10
13
16
111
508
496
512
82
85
90
18
517
420
511
380
82
85
13
18
518
512
510
508
82
10
13
18
114
511
421
509
83
85
87
15
477
459
514
383
83
85
13
15
478
515
513
486
83
11
13
15
117
514
460
487
85
90
95
23
405
402
517
386
85
90
18
23
406
518
516
510
85
13
18
23
120
517
403
511
88
89
92
20
426
498
520
389
88
89
17
20
427
521
519
504
88
16
17
20
123
520
499
505
89
93
94
22
525
447
523
392
89
93
21
22
526
524
522
429
89
17
21
22
126
523
448
430
91
93
94
22
522
450
526
395
91
93
21
22
523
527
525
501
91
19
21
22
129
526
451
502
528
