1
48
0
0
0
0
0
0
0
0
0
0
0
0
1
1
1
1
1
1
1
1
1
1
1
1
2
2
2
2
2
2
2
2
2
2
2
2
3
3
3
3
3
3
3
3
3
3
3
3
48
240
0
3
4
16
40
7
1
182
0
3
15
16
41
2
0
4
0
12
15
16
60
1
8
5
0
3
7
19
43
10
4
185
0
3
15
19
44
5
3
1
0
12
15
19
63
4
11
2
0
4
11
23
15
9
7
188
0
4
16
23
16
8
6
0
0
12
16
23
66
7
11
2
0
7
11
23
57
6
10
191
0
7
19
23
59
11
9
3
0
12
19
23
69
10
8
5
1
4
6
18
45
18
13
194
1
4
16
18
47
14
12
16
1
13
16
18
72
13
20
17
1
4
11
23
6
27
16
197
1
4
16
23
7
17
15
13
1
13
16
23
75
16
29
14
1
5
6
18
45
12
19
200
1
5
17
18
46
20
18
22
1
13
17
18
78
19
14
23
1
5
7
19
55
25
22
203
1
5
17
19
56
23
21
19
1
13
17
19
81
22
26
20
1
7
10
22
58
28
25
206
1
7
19
22
59
26
24
21
1
13
19
22
84
25
29
23
1
10
11
23
57
15
28
209
1
10
22
23
58
29
27
24
1
13
22
23
87
28
17
26
2
4
7
19
52
37
31
212
2
4
16
19
53
32
30
34
2
14
16
19
90
31
38
35
2
4
9
21
48
36
34
215
2
4
16
21
50
35
33
31
2
14
16
21
93
34
38
32
2
7
9
21
54
33
37
218
2
7
19
21
55
38
36
30
2
14
19
21
96
37
35
32
3
4
8
20
51
42
40
221
3
4
16
20
53
41
39
0
3
15
16
20
99
40
44
1
3
7
8
20
51
39
43
224
3
7
19
20
52
44
42
3
3
15
19
20
102
43
41
4
4
5
6
18
18
12
46
227
4
5
17
18
19
47
45
49
4
16
17
18
105
46
13
50
4
5
9
21
54
33
49
230
4
5
17
21
56
50
48
46
4
16
17
21
108
49
34
47
4
7
8
20
42
39
52
233
4
7
19
20
43
53
51
30
4
16
19
20
111
52
40
31
5
7
9
21
36
48
55
236
5
7
19
21
37
56
54
21
5
17
19
21
114
55
49
22
7
10
11
23
27
9
58
239
7
10
22
23
28
59
57
24
7
19
22
23
117
58
10
25
12
15
16
28
100
67
61
2
12
15
27
28
101
62
60
64
12
24
27
28
120
61
68
65
12
15
19
31
103
70
64
5
12
15
27
31
104
65
63
61
12
24
27
31
123
64
71
62
12
16
23
35
75
69
67
8
12
16
28
35
76
68
66
60
12
24
28
35
126
67
71
62
12
19
23
35
117
66
70
11
12
19
31
35
119
71
69
63
12
24
31
35
129
70
68
65
13
16
18
30
105
78
73
14
13
16
28
30
107
74
72
76
13
25
28
30
132
73
80
77
13
16
23
35
66
87
76
17
13
16
28
35
67
77
75
73
13
25
28
35
135
76
89
74
13
17
18
30
105
72
79
20
13
17
29
30
106
80
78
82
13
25
29
30
138
79
74
83
13
17
19
31
115
85
82
23
13
17
29
31
116
83
81
79
13
25
29
31
141
82
86
80
13
19
22
34
118
88
85
26
13
19
31
34
119
86
84
81
13
25
31
34
144
85
89
83
13
22
23
35
117
75
88
29
13
22
34
35
118
89
87
84
13
25
34
35
147
88
77
86
14
16
19
31
112
97
91
32
14
16
28
31
113
92
90
94
14
26
28
31
150
91
98
95
14
16
21
33
108
96
94
35
14
16
28
33
110
95
93
91
14
26
28
33
153
94
98
92
14
19
21
33
114
93
97
38
14
19
31
33
115
98
96
90
14
26
31
33
156
97
95
92
15
16
20
32
111
102
100
41
15
16
28
32
113
101
99
60
15
27
28
32
159
100
104
61
15
19
20
32
111
99
103
44
15
19
31
32
112
104
102
63
15
27
31
32
162
103
101
64
16
17
18
30
78
72
106
47
16
17
29
30
79
107
105
109
16
28
29
30
165
106
73
110
16
17
21
33
114
93
109
50
16
17
29
33
116
110
108
106
16
28
29
33
168
109
94
107
16
19
20
32
102
99
112
53
16
19
31
32
103
113
111
90
16
28
31
32
171
112
100
91
17
19
21
33
96
108
115
56
17
19
31
33
97
116
114
81
17
29
31
33
174
115
109
82
19
22
23
35
87
69
118
59
19
22
34
35
88
119
117
84
19
31
34
35
177
118
70
85
24
27
28
40
160
127
121
62
24
27
39
40
161
122
120
124
24
36
39
40
180
121
128
125
24
27
31
43
163
130
124
65
24
27
39
43
164
125
123
121
24
36
39
43
183
124
131
122
24
28
35
47
135
129
127
68
24
28
40
47
136
128
126
120
24
36
40
47
186
127
131
122
24
31
35
47
177
126
130
71
24
31
43
47
179
131
129
123
24
36
43
47
189
130
128
125
25
28
30
42
165
138
133
74
25
28
40
42
167
134
132
136
25
37
40
42
192
133
140
137
25
28
35
47
126
147
136
77
25
28
40
47
127
137
135
133
25
37
40
47
195
136
149
134
25
29
30
42
165
132
139
80
25
29
41
42
166
140
138
142
25
37
41
42
198
139
134
143
25
29
31
43
175
145
142
83
25
29
41
43
176
143
141
139
25
37
41
43
201
142
146
140
25
31
34
46
178
148
145
86
25
31
43
46
179
146
144
141
25
37
43
46
204
145
149
143
25
34
35
47
177
135
148
89
25
34
46
47
178
149
147
144
25
37
46
47
207
148
137
146
26
28
31
43
172
157
151
92
26
28
40
43
173
152
150
154
26
38
40
43
210
151
158
155
26
28
33
45
168
156
154
95
26
28
40
45
170
155
153
151
26
38
40
45
213
154
158
152
26
31
33
45
174
153
157
98
26
31
43
45
175
158
156
150
26
38
43
45
216
157
155
152
27
28
32
44
171
162
160
101
27
28
40
44
173
161
159
120
27
39
40
44
219
160
164
121
27
31
32
44
171
159
163
104
27
31
43
44
172
164
162
123
27
39
43
44
222
163
161
124
28
29
30
42
138
132
166
107
28
29
41
42
139
167
165
169
28
40
41
42
225
166
133
170
28
29
33
45
174
153
169
110
28
29
41
45
176
170
168
166
28
40
41
45
228
169
154
167
28
31
32
44
162
159
172
113
28
31
43
44
163
173
171
150
28
40
43
44
231
172
160
151
29
31
33
45
156
168
175
116
29
31
43
45
157
176
174
141
29
41
43
45
234
175
169
142
31
34
35
47
147
129
178
119
31
34
46
47
148
179
177
144
31
43
46
47
237
178
130
145
36
39
40
4
220
187
181
122
36
39
3
4
221
182
180
184
36
0
3
4
0
181
188
185
36
39
43
7
223
190
184
125
36
39
3
7
224
185
183
181
36
0
3
7
3
184
191
182
36
40
47
11
195
189
187
128
36
40
4
11
196
188
186
180
36
0
4
11
6
187
191
182
36
43
47
11
237
186
190
131
36
43
7
11
239
191
189
183
36
0
7
11
9
190
188
185
37
40
42
6
225
198
193
134
37
40
4
6
227
194
192
196
37
1
4
6
12
193
200
197
37
40
47
11
186
207
196
137
37
40
4
11
187
197
195
193
37
1
4
11
15
196
209
194
37
41
42
6
225
192
199
140
37
41
5
6
226
200
198
202
37
1
5
6
18
199
194
203
37
41
43
7
235
205
202
143
37
41
5
7
236
203
201
199
37
1
5
7
21
202
206
200
37
43
46
10
238
208
205
146
37
43
7
10
239
206
204
201
37
1
7
10
24
205
209
203
37
46
47
11
237
195
208
149
37
46
10
11
238
209
207
204
37
1
10
11
27
208
197
206
38
40
43
7
232
217
211
152
38
40
4
7
233
212
210
214
38
2
4
7
30
211
218
215
38
40
45
9
228
216
214
155
38
40
4
9
230
215
213
211
38
2
4
9
33
214
218
212
38
43
45
9
234
213
217
158
38
43
7
9
235
218
216
210
38
2
7
9
36
217
215
212
39
40
44
8
231
222
220
161
39
40
4
8
233
221
219
180
39
3
4
8
39
220
224
181
39
43
44
8
231
219
223
164
39
43
7
8
232
224
222
183
39
3
7
8
42
223
221
184
40
41
42
6
198
192
226
167
40
41
5
6
199
227
225
229
40
4
5
6
45
226
193
230
40
41
45
9
234
213
229
170
40
41
5
9
236
230
228
226
40
4
5
9
48
229
214
227
40
43
44
8
222
219
232
173
40
43
7
8
223
233
231
210
40
4
7
8
51
232
220
211
41
43
45
9
216
228
235
176
41
43
7
9
217
236
234
201
41
5
7
9
54
235
229
202
43
46
47
11
207
189
238
179
43
46
10
11
208
239
237
204
43
7
10
11
57
238
190
205
240
