1
96
0
0
0
0
0
0
0
0
0
0
0
0
0
0
0
0
0
0
0
0
0
0
0
0
1
1
1
1
1
1
1
1
1
1
1
1
1
1
1
1
1
1
1
1
1
1
1
1
2
2
2
2
2
2
2
2
2
2
2
2
2
2
2
2
2
2
2
2
2
2
2
2
3
3
3
3
3
3
3
3
3
3
3
3
3
3
3
3
3
3
3
3
3
3
3
3
96
528
0
1
3
27
34
13
1
398
0
1
25
27
35
2
0
4
0
24
25
27
132
1
14
5
0
1
21
45
45
24
4
401
0
1
25
45
47
5
3
1
0
24
25
45
135
4
26
2
0
2
7
31
67
22
7
404
0
2
26
31
68
8
6
10
0
24
26
31
138
7
23
11
0
2
20
44
30
25
10
407
0
2
26
44
31
11
9
7
0
24
26
44
141
10
26
8
0
3
22
46
90
18
13
410
0
3
27
46
92
14
12
0
0
24
27
46
144
13
20
2
0
4
11
35
102
21
16
413
0
4
28
35
104
17
15
19
0
24
28
35
147
16
23
20
0
4
22
46
90
12
19
416
0
4
28
46
91
20
18
16
0
24
28
46
150
19
14
17
0
7
11
35
102
15
22
419
0
7
31
35
103
23
21
6
0
24
31
35
153
22
17
8
0
20
21
45
45
3
25
422
0
20
44
45
46
26
24
9
0
24
44
45
156
25
5
11
1
2
6
30
60
43
28
425
1
2
26
30
62
29
27
31
1
25
26
30
159
28
44
32
1
2
20
44
9
46
31
428
1
2
26
44
10
32
30
28
1
25
26
44
162
31
47
29
1
3
12
36
96
36
34
431
1
3
27
36
98
35
33
0
1
25
27
36
165
34
38
1
1
5
12
36
96
33
37
434
1
5
29
36
97
38
36
40
1
25
29
36
168
37
35
41
1
5
18
42
111
42
40
437
1
5
29
42
113
41
39
37
1
25
29
42
171
40
44
38
1
6
18
42
111
39
43
440
1
6
30
42
112
44
42
27
1
25
30
42
174
43
41
29
1
20
21
45
24
3
46
443
1
20
44
45
25
47
45
30
1
25
44
45
177
46
4
32
2
3
9
33
93
73
49
446
2
3
27
33
95
50
48
52
2
26
27
33
180
49
74
53
2
3
15
39
87
79
52
449
2
3
27
39
89
53
51
49
2
26
27
39
183
52
80
50
2
4
8
32
99
70
55
452
2
4
28
32
101
56
54
58
2
26
28
32
186
55
71
59
2
4
23
47
108
84
58
455
2
4
28
47
110
59
57
55
2
26
28
47
189
58
86
56
2
5
6
30
112
27
61
458
2
5
29
30
113
62
60
64
2
26
29
30
192
61
28
65
2
5
13
37
118
72
64
461
2
5
29
37
119
65
63
61
2
26
29
37
195
64
74
62
2
7
10
34
120
76
67
464
2
7
31
34
122
68
66
6
2
26
31
34
198
67
77
7
2
8
14
38
123
75
70
467
2
8
32
38
125
71
69
54
2
26
32
38
201
70
77
56
2
9
13
37
127
63
73
470
2
9
33
37
128
74
72
48
2
26
33
37
204
73
65
50
2
10
14
38
123
69
76
473
2
10
34
38
124
77
75
66
2
26
34
38
207
76
71
68
2
15
17
41
129
81
79
476
2
15
39
41
131
80
78
51
2
26
39
41
210
79
83
53
2
16
17
41
129
78
82
479
2
16
40
41
130
83
81
85
2
26
40
41
213
82
80
86
2
16
23
47
108
57
85
482
2
16
40
47
109
86
84
82
2
26
40
47
216
85
59
83
3
4
15
39
106
51
88
485
3
4
28
39
107
89
87
91
3
27
28
39
219
88
52
92
3
4
22
46
18
12
91
488
3
4
28
46
19
92
90
88
3
27
28
46
222
91
13
89
3
5
9
33
115
48
94
491
3
5
29
33
116
95
93
97
3
27
29
33
225
94
49
98
3
5
12
36
36
33
97
494
3
5
29
36
37
98
96
94
3
27
29
36
228
97
34
95
4
7
8
32
121
54
100
497
4
7
31
32
122
101
99
103
4
28
31
32
231
100
55
104
4
7
11
35
21
15
103
500
4
7
31
35
22
104
102
100
4
28
31
35
234
103
16
101
4
15
16
40
130
109
106
503
4
15
39
40
131
107
105
87
4
28
39
40
237
106
110
88
4
16
23
47
84
57
109
506
4
16
40
47
85
110
108
105
4
28
40
47
240
109
58
107
5
6
18
42
42
39
112
509
5
6
30
42
43
113
111
60
5
29
30
42
243
112
40
61
5
9
19
43
126
117
115
512
5
9
33
43
128
116
114
93
5
29
33
43
246
115
119
94
5
13
19
43
126
114
118
515
5
13
37
43
127
119
117
63
5
29
37
43
249
118
116
64
7
8
10
34
124
66
121
518
7
8
32
34
125
122
120
99
7
31
32
34
252
121
67
100
8
10
14
38
75
69
124
521
8
10
34
38
76
125
123
120
8
32
34
38
255
124
70
121
9
13
19
43
117
114
127
524
9
13
37
43
118
128
126
72
9
33
37
43
258
127
115
73
15
16
17
41
81
78
130
527
15
16
40
41
82
131
129
105
15
39
40
41
261
130
79
106
24
25
27
51
166
145
133
2
24
25
49
51
167
134
132
136
24
48
49
51
264
133
146
137
24
25
45
69
177
156
136
5
24
25
49
69
179
137
135
133
24
48
49
69
267
136
158
134
24
26
31
55
199
154
139
8
24
26
50
55
200
140
138
142
24
48
50
55
270
139
155
143
24
26
44
68
162
157
142
11
24
26
50
68
163
143
141
139
24
48
50
68
273
142
158
140
24
27
46
70
222
150
145
14
24
27
51
70
224
146
144
132
24
48
51
70
276
145
152
134
24
28
35
59
234
153
148
17
24
28
52
59
236
149
147
151
24
48
52
59
279
148
155
152
24
28
46
70
222
144
151
20
24
28
52
70
223
152
150
148
24
48
52
70
282
151
146
149
24
31
35
59
234
147
154
23
24
31
55
59
235
155
153
138
24
48
55
59
285
154
149
140
24
44
45
69
177
135
157
26
24
44
68
69
178
158
156
141
24
48
68
69
288
157
137
143
25
26
30
54
192
175
160
29
25
26
50
54
194
161
159
163
25
49
50
54
291
160
176
164
25
26
44
68
141
178
163
32
25
26
50
68
142
164
162
160
25
49
50
68
294
163
179
161
25
27
36
60
228
168
166
35
25
27
51
60
230
167
165
132
25
49
51
60
297
166
170
133
25
29
36
60
228
165
169
38
25
29
53
60
229
170
168
172
25
49
53
60
300
169
167
173
25
29
42
66
243
174
172
41
25
29
53
66
245
173
171
169
25
49
53
66
303
172
176
170
25
30
42
66
243
171
175
44
25
30
54
66
244
176
174
159
25
49
54
66
306
175
173
161
25
44
45
69
156
135
178
47
25
44
68
69
157
179
177
162
25
49
68
69
309
178
136
164
26
27
33
57
225
205
181
50
26
27
51
57
227
182
180
184
26
50
51
57
312
181
206
185
26
27
39
63
219
211
184
53
26
27
51
63
221
185
183
181
26
50
51
63
315
184
212
182
26
28
32
56
231
202
187
56
26
28
52
56
233
188
186
190
26
50
52
56
318
187
203
191
26
28
47
71
240
216
190
59
26
28
52
71
242
191
189
187
26
50
52
71
321
190
218
188
26
29
30
54
244
159
193
62
26
29
53
54
245
194
192
196
26
50
53
54
324
193
160
197
26
29
37
61
250
204
196
65
26
29
53
61
251
197
195
193
26
50
53
61
327
196
206
194
26
31
34
58
252
208
199
68
26
31
55
58
254
200
198
138
26
50
55
58
330
199
209
139
26
32
38
62
255
207
202
71
26
32
56
62
257
203
201
186
26
50
56
62
333
202
209
188
26
33
37
61
259
195
205
74
26
33
57
61
260
206
204
180
26
50
57
61
336
205
197
182
26
34
38
62
255
201
208
77
26
34
58
62
256
209
207
198
26
50
58
62
339
208
203
200
26
39
41
65
261
213
211
80
26
39
63
65
263
212
210
183
26
50
63
65
342
211
215
185
26
40
41
65
261
210
214
83
26
40
64
65
262
215
213
217
26
50
64
65
345
214
212
218
26
40
47
71
240
189
217
86
26
40
64
71
241
218
216
214
26
50
64
71
348
217
191
215
27
28
39
63
238
183
220
89
27
28
52
63
239
221
219
223
27
51
52
63
351
220
184
224
27
28
46
70
150
144
223
92
27
28
52
70
151
224
222
220
27
51
52
70
354
223
145
221
27
29
33
57
247
180
226
95
27
29
53
57
248
227
225
229
27
51
53
57
357
226
181
230
27
29
36
60
168
165
229
98
27
29
53
60
169
230
228
226
27
51
53
60
360
229
166
227
28
31
32
56
253
186
232
101
28
31
55
56
254
233
231
235
28
52
55
56
363
232
187
236
28
31
35
59
153
147
235
104
28
31
55
59
154
236
234
232
28
52
55
59
366
235
148
233
28
39
40
64
262
241
238
107
28
39
63
64
263
239
237
219
28
52
63
64
369
238
242
220
28
40
47
71
216
189
241
110
28
40
64
71
217
242
240
237
28
52
64
71
372
241
190
239
29
30
42
66
174
171
244
113
29
30
54
66
175
245
243
192
29
53
54
66
375
244
172
193
29
33
43
67
258
249
247
116
29
33
57
67
260
248
246
225
29
53
57
67
378
247
251
226
29
37
43
67
258
246
250
119
29
37
61
67
259
251
249
195
29
53
61
67
381
250
248
196
31
32
34
58
256
198
253
122
31
32
56
58
257
254
252
231
31
55
56
58
384
253
199
232
32
34
38
62
207
201
256
125
32
34
58
62
208
257
255
252
32
56
58
62
387
256
202
253
33
37
43
67
249
246
259
128
33
37
61
67
250
260
258
204
33
57
61
67
390
259
247
205
39
40
41
65
213
210
262
131
39
40
64
65
214
263
261
237
39
63
64
65
393
262
211
238
48
49
51
75
298
277
265
134
48
49
73
75
299
266
264
268
48
72
73
75
396
265
278
269
48
49
69
93
309
288
268
137
48
49
73
93
311
269
267
265
48
72
73
93
399
268
290
266
48
50
55
79
331
286
271
140
48
50
74
79
332
272
270
274
48
72
74
79
402
271
287
275
48
50
68
92
294
289
274
143
48
50
74
92
295
275
273
271
48
72
74
92
405
274
290
272
48
51
70
94
354
282
277
146
48
51
75
94
356
278
276
264
48
72
75
94
408
277
284
266
48
52
59
83
366
285
280
149
48
52
76
83
368
281
279
283
48
72
76
83
411
280
287
284
48
52
70
94
354
276
283
152
48
52
76
94
355
284
282
280
48
72
76
94
414
283
278
281
48
55
59
83
366
279
286
155
48
55
79
83
367
287
285
270
48
72
79
83
417
286
281
272
48
68
69
93
309
267
289
158
48
68
92
93
310
290
288
273
48
72
92
93
420
289
269
275
49
50
54
78
324
307
292
161
49
50
74
78
326
293
291
295
49
73
74
78
423
292
308
296
49
50
68
92
273
310
295
164
49
50
74
92
274
296
294
292
49
73
74
92
426
295
311
293
49
51
60
84
360
300
298
167
49
51
75
84
362
299
297
264
49
73
75
84
429
298
302
265
49
53
60
84
360
297
301
170
49
53
77
84
361
302
300
304
49
73
77
84
432
301
299
305
49
53
66
90
375
306
304
173
49
53
77
90
377
305
303
301
49
73
77
90
435
304
308
302
49
54
66
90
375
303
307
176
49
54
78
90
376
308
306
291
49
73
78
90
438
307
305
293
49
68
69
93
288
267
310
179
49
68
92
93
289
311
309
294
49
73
92
93
441
310
268
296
50
51
57
81
357
337
313
182
50
51
75
81
359
314
312
316
50
74
75
81
444
313
338
317
50
51
63
87
351
343
316
185
50
51
75
87
353
317
315
313
50
74
75
87
447
316
344
314
50
52
56
80
363
334
319
188
50
52
76
80
365
320
318
322
50
74
76
80
450
319
335
323
50
52
71
95
372
348
322
191
50
52
76
95
374
323
321
319
50
74
76
95
453
322
350
320
50
53
54
78
376
291
325
194
50
53
77
78
377
326
324
328
50
74
77
78
456
325
292
329
50
53
61
85
382
336
328
197
50
53
77
85
383
329
327
325
50
74
77
85
459
328
338
326
50
55
58
82
384
340
331
200
50
55
79
82
386
332
330
270
50
74
79
82
462
331
341
271
50
56
62
86
387
339
334
203
50
56
80
86
389
335
333
318
50
74
80
86
465
334
341
320
50
57
61
85
391
327
337
206
50
57
81
85
392
338
336
312
50
74
81
85
468
337
329
314
50
58
62
86
387
333
340
209
50
58
82
86
388
341
339
330
50
74
82
86
471
340
335
332
50
63
65
89
393
345
343
212
50
63
87
89
395
344
342
315
50
74
87
89
474
343
347
317
50
64
65
89
393
342
346
215
50
64
88
89
394
347
345
349
50
74
88
89
477
346
344
350
50
64
71
95
372
321
349
218
50
64
88
95
373
350
348
346
50
74
88
95
480
349
323
347
51
52
63
87
370
315
352
221
51
52
76
87
371
353
351
355
51
75
76
87
483
352
316
356
51
52
70
94
282
276
355
224
51
52
76
94
283
356
354
352
51
75
76
94
486
355
277
353
51
53
57
81
379
312
358
227
51
53
77
81
380
359
357
361
51
75
77
81
489
358
313
362
51
53
60
84
300
297
361
230
51
53
77
84
301
362
360
358
51
75
77
84
492
361
298
359
52
55
56
80
385
318
364
233
52
55
79
80
386
365
363
367
52
76
79
80
495
364
319
368
52
55
59
83
285
279
367
236
52
55
79
83
286
368
366
364
52
76
79
83
498
367
280
365
52
63
64
88
394
373
370
239
52
63
87
88
395
371
369
351
52
76
87
88
501
370
374
352
52
64
71
95
348
321
373
242
52
64
88
95
349
374
372
369
52
76
88
95
504
373
322
371
53
54
66
90
306
303
376
245
53
54
78
90
307
377
375
324
53
77
78
90
507
376
304
325
53
57
67
91
390
381
379
248
53
57
81
91
392
380
378
357
53
77
81
91
510
379
383
358
53
61
67
91
390
378
382
251
53
61
85
91
391
383
381
327
53
77
85
91
513
382
380
328
55
56
58
82
388
330
385
254
55
56
80
82
389
386
384
363
55
79
80
82
516
385
331
364
56
58
62
86
339
333
388
257
56
58
82
86
340
389
387
384
56
80
82
86
519
388
334
385
57
61
67
91
381
378
391
260
57
61
85
91
382
392
390
336
57
81
85
91
522
391
379
337
63
64
65
89
345
342
394
263
63
64
88
89
346
395
393
369
63
87
88
89
525
394
343
370
72
73
75
3
430
409
397
266
72
73
1
3
431
398
396
400
72
0
1
3
0
397
410
401
72
73
93
21
441
420
400
269
72
73
1
21
443
401
399
397
72
0
1
21
3
400
422
398
72
74
79
7
463
418
403
272
72
74
2
7
464
404
402
406
72
0
2
7
6
403
419
407
72
74
92
20
426
421
406
275
72
74
2
20
427
407
405
403
72
0
2
20
9
406
422
404
72
75
94
22
486
414
409
278
72
75
3
22
488
410
408
396
72
0
3
22
12
409
416
398
72
76
83
11
498
417
412
281
72
76
4
11
500
413
411
415
72
0
4
11
15
412
419
416
72
76
94
22
486
408
415
284
72
76
4
22
487
416
414
412
72
0
4
22
18
415
410
413
72
79
83
11
498
411
418
287
72
79
7
11
499
419
417
402
72
0
7
11
21
418
413
404
72
92
93
21
441
399
421
290
72
92
20
21
442
422
420
405
72
0
20
21
24
421
401
407
73
74
78
6
456
439
424
293
73
74
2
6
458
425
423
427
73
1
2
6
27
424
440
428
73
74
92
20
405
442
427
296
73
74
2
20
406
428
426
424
73
1
2
20
30
427
443
425
73
75
84
12
492
432
430
299
73
75
3
12
494
431
429
396
73
1
3
12
33
430
434
397
73
77
84
12
492
429
433
302
73
77
5
12
493
434
432
436
73
1
5
12
36
433
431
437
73
77
90
18
507
438
436
305
73
77
5
18
509
437
435
433
73
1
5
18
39
436
440
434
73
78
90
18
507
435
439
308
73
78
6
18
508
440
438
423
73
1
6
18
42
439
437
425
73
92
93
21
420
399
442
311
73
92
20
21
421
443
441
426
73
1
20
21
45
442
400
428
74
75
81
9
489
469
445
314
74
75
3
9
491
446
444
448
74
2
3
9
48
445
470
449
74
75
87
15
483
475
448
317
74
75
3
15
485
449
447
445
74
2
3
15
51
448
476
446
74
76
80
8
495
466
451
320
74
76
4
8
497
452
450
454
74
2
4
8
54
451
467
455
74
76
95
23
504
480
454
323
74
76
4
23
506
455
453
451
74
2
4
23
57
454
482
452
74
77
78
6
508
423
457
326
74
77
5
6
509
458
456
460
74
2
5
6
60
457
424
461
74
77
85
13
514
468
460
329
74
77
5
13
515
461
459
457
74
2
5
13
63
460
470
458
74
79
82
10
516
472
463
332
74
79
7
10
518
464
462
402
74
2
7
10
66
463
473
403
74
80
86
14
519
471
466
335
74
80
8
14
521
467
465
450
74
2
8
14
69
466
473
452
74
81
85
13
523
459
469
338
74
81
9
13
524
470
468
444
74
2
9
13
72
469
461
446
74
82
86
14
519
465
472
341
74
82
10
14
520
473
471
462
74
2
10
14
75
472
467
464
74
87
89
17
525
477
475
344
74
87
15
17
527
476
474
447
74
2
15
17
78
475
479
449
74
88
89
17
525
474
478
347
74
88
16
17
526
479
477
481
74
2
16
17
81
478
476
482
74
88
95
23
504
453
481
350
74
88
16
23
505
482
480
478
74
2
16
23
84
481
455
479
75
76
87
15
502
447
484
353
75
76
4
15
503
485
483
487
75
3
4
15
87
484
448
488
75
76
94
22
414
408
487
356
75
76
4
22
415
488
486
484
75
3
4
22
90
487
409
485
75
77
81
9
511
444
490
359
75
77
5
9
512
491
489
493
75
3
5
9
93
490
445
494
75
77
84
12
432
429
493
362
75
77
5
12
433
494
492
490
75
3
5
12
96
493
430
491
76
79
80
8
517
450
496
365
76
79
7
8
518
497
495
499
76
4
7
8
99
496
451
500
76
79
83
11
417
411
499
368
76
79
7
11
418
500
498
496
76
4
7
11
102
499
412
497
76
87
88
16
526
505
502
371
76
87
15
16
527
503
501
483
76
4
15
16
105
502
506
484
76
88
95
23
480
453
505
374
76
88
16
23
481
506
504
501
76
4
16
23
108
505
454
503
77
78
90
18
438
435
508
377
77
78
6
18
439
509
507
456
77
5
6
18
111
508
436
457
77
81
91
19
522
513
511
380
77
81
9
19
524
512
510
489
77
5
9
19
114
511
515
490
77
85
91
19
522
510
514
383
77
85
13
19
523
515
513
459
77
5
13
19
117
514
512
460
79
80
82
10
520
462
517
386
79
80
8
10
521
518
516
495
79
7
8
10
120
517
463
496
80
82
86
14
471
465
520
389
80
82
10
14
472
521
519
516
80
8
10
14
123
520
466
517
81
85
91
19
513
510
523
392
81
85
13
19
514
524
522
468
81
9
13
19
126
523
511
469
87
88
89
17
477
474
526
395
87
88
16
17
478
527
525
501
87
15
16
17
129
526
475
502
528
