1
96
0
0
0
0
0
0
0
0
0
0
0
0
0
0
0
0
0
0
0
0
0
0
0
0
1
1
1
1
1
1
1
1
1
1
1
1
1
1
1
1
1
1
1
1
1
1
1
1
2
2
2
2
2
2
2
2
2
2
2
2
2
2
2
2
2
2
2
2
2
2
2
2
3
3
3
3
3
3
3
3
3
3
3
3
3
3
3
3
3
3
3
3
3
3
3
3
96
528
0
2
3
27
49
7
1
398
0
2
26
27
50
2
0
4
0
24
26
27
132
1
8
5
0
2
22
46
60
21
4
401
0
2
26
46
62
5
3
1
0
24
26
46
135
4
23
2
0
3
4
28
64
10
7
404
0
3
27
28
65
8
6
0
0
24
27
28
138
7
11
2
0
4
6
30
76
13
10
407
0
4
28
30
77
11
9
6
0
24
28
30
141
10
14
8
0
6
23
47
99
18
13
410
0
6
30
47
101
14
12
9
0
24
30
47
144
13
20
11
0
9
12
36
115
22
16
413
0
9
33
36
116
17
15
19
0
24
33
36
147
16
23
20
0
9
23
47
111
12
19
416
0
9
33
47
113
20
18
16
0
24
33
47
150
19
14
17
0
12
22
46
114
3
22
419
0
12
36
46
115
23
21
15
0
24
36
46
153
22
5
17
1
7
10
34
66
37
25
422
1
7
31
34
67
26
24
28
1
25
31
34
156
25
38
29
1
7
13
37
102
30
28
425
1
7
31
37
104
29
27
25
1
25
31
37
159
28
32
26
1
8
13
37
102
27
31
428
1
8
32
37
103
32
30
34
1
25
32
37
162
31
29
35
1
8
15
39
105
43
34
431
1
8
32
39
106
35
33
31
1
25
32
39
165
34
44
32
1
10
14
38
78
40
37
434
1
10
34
38
79
38
36
24
1
25
34
38
168
37
41
26
1
14
21
45
129
45
40
437
1
14
38
45
131
41
39
36
1
25
38
45
171
40
47
38
1
15
16
40
72
46
43
440
1
15
39
40
73
44
42
33
1
25
39
40
174
43
47
35
1
16
21
45
129
39
46
443
1
16
40
45
130
47
45
42
1
25
40
45
177
46
41
44
2
3
16
40
72
51
49
446
2
3
27
40
74
50
48
0
2
26
27
40
180
49
53
1
2
5
16
40
88
48
52
449
2
5
29
40
89
53
51
55
2
26
29
40
183
52
50
56
2
5
20
44
93
57
55
452
2
5
29
44
95
56
54
52
2
26
29
44
186
55
59
53
2
9
20
44
126
54
58
455
2
9
33
44
128
59
57
61
2
26
33
44
189
58
56
62
2
9
22
46
114
3
61
458
2
9
33
46
116
62
60
58
2
26
33
46
192
61
4
59
3
4
10
34
79
66
64
461
3
4
28
34
80
65
63
6
3
27
28
34
195
64
68
7
3
7
10
34
24
63
67
464
3
7
31
34
25
68
66
70
3
27
31
34
198
67
65
71
3
7
15
39
105
73
70
467
3
7
31
39
107
71
69
67
3
27
31
39
201
70
74
68
3
15
16
40
42
48
73
470
3
15
39
40
43
74
72
69
3
27
39
40
204
73
49
71
4
6
14
38
96
78
76
473
4
6
30
38
98
77
75
9
4
28
30
38
207
76
80
10
4
10
14
38
36
75
79
476
4
10
34
38
37
80
78
63
4
28
34
38
210
79
77
64
5
9
18
42
127
94
82
479
5
9
33
42
128
83
81
85
5
29
33
42
213
82
95
86
5
9
19
43
123
90
85
482
5
9
33
43
125
86
84
82
5
29
33
43
216
85
92
83
5
16
17
41
120
91
88
485
5
16
40
41
121
89
87
51
5
29
40
41
219
88
92
52
5
17
19
43
123
84
91
488
5
17
41
43
124
92
90
87
5
29
41
43
222
91
86
89
5
18
20
44
126
54
94
491
5
18
42
44
127
95
93
81
5
29
42
44
225
94
55
83
6
11
14
38
108
75
97
494
6
11
35
38
109
98
96
100
6
30
35
38
228
97
76
101
6
11
23
47
111
12
100
497
6
11
35
47
112
101
99
97
6
30
35
47
231
100
13
98
7
8
13
37
30
27
103
500
7
8
32
37
31
104
102
106
7
31
32
37
234
103
28
107
7
8
15
39
33
69
106
503
7
8
32
39
34
107
105
103
7
31
32
39
237
106
70
104
9
11
14
38
96
118
109
506
9
11
35
38
97
110
108
112
9
33
35
38
240
109
119
113
9
11
23
47
99
18
112
509
9
11
35
47
100
113
111
109
9
33
35
47
243
112
19
110
9
12
22
46
21
60
115
512
9
12
36
46
22
116
114
15
9
33
36
46
246
115
61
16
9
14
16
40
130
121
118
515
9
14
38
40
131
119
117
108
9
33
38
40
249
118
122
110
9
16
17
41
87
124
121
518
9
16
40
41
88
122
120
117
9
33
40
41
252
121
125
119
9
17
19
43
90
84
124
521
9
17
41
43
91
125
123
120
9
33
41
43
255
124
85
122
9
18
20
44
93
57
127
524
9
18
42
44
94
128
126
81
9
33
42
44
258
127
58
82
14
16
21
45
45
39
130
527
14
16
40
45
46
131
129
117
14
38
40
45
261
130
40
118
24
26
27
51
181
139
133
2
24
26
50
51
182
134
132
136
24
48
50
51
264
133
140
137
24
26
46
70
192
153
136
5
24
26
50
70
194
137
135
133
24
48
50
70
267
136
155
134
24
27
28
52
196
142
139
8
24
27
51
52
197
140
138
132
24
48
51
52
270
139
143
134
24
28
30
54
208
145
142
11
24
28
52
54
209
143
141
138
24
48
52
54
273
142
146
140
24
30
47
71
231
150
145
14
24
30
54
71
233
146
144
141
24
48
54
71
276
145
152
143
24
33
36
60
247
154
148
17
24
33
57
60
248
149
147
151
24
48
57
60
279
148
155
152
24
33
47
71
243
144
151
20
24
33
57
71
245
152
150
148
24
48
57
71
282
151
146
149
24
36
46
70
246
135
154
23
24
36
60
70
247
155
153
147
24
48
60
70
285
154
137
149
25
31
34
58
198
169
157
26
25
31
55
58
199
158
156
160
25
49
55
58
288
157
170
161
25
31
37
61
234
162
160
29
25
31
55
61
236
161
159
157
25
49
55
61
291
160
164
158
25
32
37
61
234
159
163
32
25
32
56
61
235
164
162
166
25
49
56
61
294
163
161
167
25
32
39
63
237
175
166
35
25
32
56
63
238
167
165
163
25
49
56
63
297
166
176
164
25
34
38
62
210
172
169
38
25
34
58
62
211
170
168
156
25
49
58
62
300
169
173
158
25
38
45
69
261
177
172
41
25
38
62
69
263
173
171
168
25
49
62
69
303
172
179
170
25
39
40
64
204
178
175
44
25
39
63
64
205
176
174
165
25
49
63
64
306
175
179
167
25
40
45
69
261
171
178
47
25
40
64
69
262
179
177
174
25
49
64
69
309
178
173
176
26
27
40
64
204
183
181
50
26
27
51
64
206
182
180
132
26
50
51
64
312
181
185
133
26
29
40
64
220
180
184
53
26
29
53
64
221
185
183
187
26
50
53
64
315
184
182
188
26
29
44
68
225
189
187
56
26
29
53
68
227
188
186
184
26
50
53
68
318
187
191
185
26
33
44
68
258
186
190
59
26
33
57
68
260
191
189
193
26
50
57
68
321
190
188
194
26
33
46
70
246
135
193
62
26
33
57
70
248
194
192
190
26
50
57
70
324
193
136
191
27
28
34
58
211
198
196
65
27
28
52
58
212
197
195
138
27
51
52
58
327
196
200
139
27
31
34
58
156
195
199
68
27
31
55
58
157
200
198
202
27
51
55
58
330
199
197
203
27
31
39
63
237
205
202
71
27
31
55
63
239
203
201
199
27
51
55
63
333
202
206
200
27
39
40
64
174
180
205
74
27
39
63
64
175
206
204
201
27
51
63
64
336
205
181
203
28
30
38
62
228
210
208
77
28
30
54
62
230
209
207
141
28
52
54
62
339
208
212
142
28
34
38
62
168
207
211
80
28
34
58
62
169
212
210
195
28
52
58
62
342
211
209
196
29
33
42
66
259
226
214
83
29
33
57
66
260
215
213
217
29
53
57
66
345
214
227
218
29
33
43
67
255
222
217
86
29
33
57
67
257
218
216
214
29
53
57
67
348
217
224
215
29
40
41
65
252
223
220
89
29
40
64
65
253
221
219
183
29
53
64
65
351
220
224
184
29
41
43
67
255
216
223
92
29
41
65
67
256
224
222
219
29
53
65
67
354
223
218
221
29
42
44
68
258
186
226
95
29
42
66
68
259
227
225
213
29
53
66
68
357
226
187
215
30
35
38
62
240
207
229
98
30
35
59
62
241
230
228
232
30
54
59
62
360
229
208
233
30
35
47
71
243
144
232
101
30
35
59
71
244
233
231
229
30
54
59
71
363
232
145
230
31
32
37
61
162
159
235
104
31
32
56
61
163
236
234
238
31
55
56
61
366
235
160
239
31
32
39
63
165
201
238
107
31
32
56
63
166
239
237
235
31
55
56
63
369
238
202
236
33
35
38
62
228
250
241
110
33
35
59
62
229
242
240
244
33
57
59
62
372
241
251
245
33
35
47
71
231
150
244
113
33
35
59
71
232
245
243
241
33
57
59
71
375
244
151
242
33
36
46
70
153
192
247
116
33
36
60
70
154
248
246
147
33
57
60
70
378
247
193
148
33
38
40
64
262
253
250
119
33
38
62
64
263
251
249
240
33
57
62
64
381
250
254
242
33
40
41
65
219
256
253
122
33
40
64
65
220
254
252
249
33
57
64
65
384
253
257
251
33
41
43
67
222
216
256
125
33
41
65
67
223
257
255
252
33
57
65
67
387
256
217
254
33
42
44
68
225
189
259
128
33
42
66
68
226
260
258
213
33
57
66
68
390
259
190
214
38
40
45
69
177
171
262
131
38
40
64
69
178
263
261
249
38
62
64
69
393
262
172
250
48
50
51
75
313
271
265
134
48
50
74
75
314
266
264
268
48
72
74
75
396
265
272
269
48
50
70
94
324
285
268
137
48
50
74
94
326
269
267
265
48
72
74
94
399
268
287
266
48
51
52
76
328
274
271
140
48
51
75
76
329
272
270
264
48
72
75
76
402
271
275
266
48
52
54
78
340
277
274
143
48
52
76
78
341
275
273
270
48
72
76
78
405
274
278
272
48
54
71
95
363
282
277
146
48
54
78
95
365
278
276
273
48
72
78
95
408
277
284
275
48
57
60
84
379
286
280
149
48
57
81
84
380
281
279
283
48
72
81
84
411
280
287
284
48
57
71
95
375
276
283
152
48
57
81
95
377
284
282
280
48
72
81
95
414
283
278
281
48
60
70
94
378
267
286
155
48
60
84
94
379
287
285
279
48
72
84
94
417
286
269
281
49
55
58
82
330
301
289
158
49
55
79
82
331
290
288
292
49
73
79
82
420
289
302
293
49
55
61
85
366
294
292
161
49
55
79
85
368
293
291
289
49
73
79
85
423
292
296
290
49
56
61
85
366
291
295
164
49
56
80
85
367
296
294
298
49
73
80
85
426
295
293
299
49
56
63
87
369
307
298
167
49
56
80
87
370
299
297
295
49
73
80
87
429
298
308
296
49
58
62
86
342
304
301
170
49
58
82
86
343
302
300
288
49
73
82
86
432
301
305
290
49
62
69
93
393
309
304
173
49
62
86
93
395
305
303
300
49
73
86
93
435
304
311
302
49
63
64
88
336
310
307
176
49
63
87
88
337
308
306
297
49
73
87
88
438
307
311
299
49
64
69
93
393
303
310
179
49
64
88
93
394
311
309
306
49
73
88
93
441
310
305
308
50
51
64
88
336
315
313
182
50
51
75
88
338
314
312
264
50
74
75
88
444
313
317
265
50
53
64
88
352
312
316
185
50
53
77
88
353
317
315
319
50
74
77
88
447
316
314
320
50
53
68
92
357
321
319
188
50
53
77
92
359
320
318
316
50
74
77
92
450
319
323
317
50
57
68
92
390
318
322
191
50
57
81
92
392
323
321
325
50
74
81
92
453
322
320
326
50
57
70
94
378
267
325
194
50
57
81
94
380
326
324
322
50
74
81
94
456
325
268
323
51
52
58
82
343
330
328
197
51
52
76
82
344
329
327
270
51
75
76
82
459
328
332
271
51
55
58
82
288
327
331
200
51
55
79
82
289
332
330
334
51
75
79
82
462
331
329
335
51
55
63
87
369
337
334
203
51
55
79
87
371
335
333
331
51
75
79
87
465
334
338
332
51
63
64
88
306
312
337
206
51
63
87
88
307
338
336
333
51
75
87
88
468
337
313
335
52
54
62
86
360
342
340
209
52
54
78
86
362
341
339
273
52
76
78
86
471
340
344
274
52
58
62
86
300
339
343
212
52
58
82
86
301
344
342
327
52
76
82
86
474
343
341
328
53
57
66
90
391
358
346
215
53
57
81
90
392
347
345
349
53
77
81
90
477
346
359
350
53
57
67
91
387
354
349
218
53
57
81
91
389
350
348
346
53
77
81
91
480
349
356
347
53
64
65
89
384
355
352
221
53
64
88
89
385
353
351
315
53
77
88
89
483
352
356
316
53
65
67
91
387
348
355
224
53
65
89
91
388
356
354
351
53
77
89
91
486
355
350
353
53
66
68
92
390
318
358
227
53
66
90
92
391
359
357
345
53
77
90
92
489
358
319
347
54
59
62
86
372
339
361
230
54
59
83
86
373
362
360
364
54
78
83
86
492
361
340
365
54
59
71
95
375
276
364
233
54
59
83
95
376
365
363
361
54
78
83
95
495
364
277
362
55
56
61
85
294
291
367
236
55
56
80
85
295
368
366
370
55
79
80
85
498
367
292
371
55
56
63
87
297
333
370
239
55
56
80
87
298
371
369
367
55
79
80
87
501
370
334
368
57
59
62
86
360
382
373
242
57
59
83
86
361
374
372
376
57
81
83
86
504
373
383
377
57
59
71
95
363
282
376
245
57
59
83
95
364
377
375
373
57
81
83
95
507
376
283
374
57
60
70
94
285
324
379
248
57
60
84
94
286
380
378
279
57
81
84
94
510
379
325
280
57
62
64
88
394
385
382
251
57
62
86
88
395
383
381
372
57
81
86
88
513
382
386
374
57
64
65
89
351
388
385
254
57
64
88
89
352
386
384
381
57
81
88
89
516
385
389
383
57
65
67
91
354
348
388
257
57
65
89
91
355
389
387
384
57
81
89
91
519
388
349
386
57
66
68
92
357
321
391
260
57
66
90
92
358
392
390
345
57
81
90
92
522
391
322
346
62
64
69
93
309
303
394
263
62
64
88
93
310
395
393
381
62
86
88
93
525
394
304
382
72
74
75
3
445
403
397
266
72
74
2
3
446
398
396
400
72
0
2
3
0
397
404
401
72
74
94
22
456
417
400
269
72
74
2
22
458
401
399
397
72
0
2
22
3
400
419
398
72
75
76
4
460
406
403
272
72
75
3
4
461
404
402
396
72
0
3
4
6
403
407
398
72
76
78
6
472
409
406
275
72
76
4
6
473
407
405
402
72
0
4
6
9
406
410
404
72
78
95
23
495
414
409
278
72
78
6
23
497
410
408
405
72
0
6
23
12
409
416
407
72
81
84
12
511
418
412
281
72
81
9
12
512
413
411
415
72
0
9
12
15
412
419
416
72
81
95
23
507
408
415
284
72
81
9
23
509
416
414
412
72
0
9
23
18
415
410
413
72
84
94
22
510
399
418
287
72
84
12
22
511
419
417
411
72
0
12
22
21
418
401
413
73
79
82
10
462
433
421
290
73
79
7
10
463
422
420
424
73
1
7
10
24
421
434
425
73
79
85
13
498
426
424
293
73
79
7
13
500
425
423
421
73
1
7
13
27
424
428
422
73
80
85
13
498
423
427
296
73
80
8
13
499
428
426
430
73
1
8
13
30
427
425
431
73
80
87
15
501
439
430
299
73
80
8
15
502
431
429
427
73
1
8
15
33
430
440
428
73
82
86
14
474
436
433
302
73
82
10
14
475
434
432
420
73
1
10
14
36
433
437
422
73
86
93
21
525
441
436
305
73
86
14
21
527
437
435
432
73
1
14
21
39
436
443
434
73
87
88
16
468
442
439
308
73
87
15
16
469
440
438
429
73
1
15
16
42
439
443
431
73
88
93
21
525
435
442
311
73
88
16
21
526
443
441
438
73
1
16
21
45
442
437
440
74
75
88
16
468
447
445
314
74
75
3
16
470
446
444
396
74
2
3
16
48
445
449
397
74
77
88
16
484
444
448
317
74
77
5
16
485
449
447
451
74
2
5
16
51
448
446
452
74
77
92
20
489
453
451
320
74
77
5
20
491
452
450
448
74
2
5
20
54
451
455
449
74
81
92
20
522
450
454
323
74
81
9
20
524
455
453
457
74
2
9
20
57
454
452
458
74
81
94
22
510
399
457
326
74
81
9
22
512
458
456
454
74
2
9
22
60
457
400
455
75
76
82
10
475
462
460
329
75
76
4
10
476
461
459
402
75
3
4
10
63
460
464
403
75
79
82
10
420
459
463
332
75
79
7
10
421
464
462
466
75
3
7
10
66
463
461
467
75
79
87
15
501
469
466
335
75
79
7
15
503
467
465
463
75
3
7
15
69
466
470
464
75
87
88
16
438
444
469
338
75
87
15
16
439
470
468
465
75
3
15
16
72
469
445
467
76
78
86
14
492
474
472
341
76
78
6
14
494
473
471
405
76
4
6
14
75
472
476
406
76
82
86
14
432
471
475
344
76
82
10
14
433
476
474
459
76
4
10
14
78
475
473
460
77
81
90
18
523
490
478
347
77
81
9
18
524
479
477
481
77
5
9
18
81
478
491
482
77
81
91
19
519
486
481
350
77
81
9
19
521
482
480
478
77
5
9
19
84
481
488
479
77
88
89
17
516
487
484
353
77
88
16
17
517
485
483
447
77
5
16
17
87
484
488
448
77
89
91
19
519
480
487
356
77
89
17
19
520
488
486
483
77
5
17
19
90
487
482
485
77
90
92
20
522
450
490
359
77
90
18
20
523
491
489
477
77
5
18
20
93
490
451
479
78
83
86
14
504
471
493
362
78
83
11
14
505
494
492
496
78
6
11
14
96
493
472
497
78
83
95
23
507
408
496
365
78
83
11
23
508
497
495
493
78
6
11
23
99
496
409
494
79
80
85
13
426
423
499
368
79
80
8
13
427
500
498
502
79
7
8
13
102
499
424
503
79
80
87
15
429
465
502
371
79
80
8
15
430
503
501
499
79
7
8
15
105
502
466
500
81
83
86
14
492
514
505
374
81
83
11
14
493
506
504
508
81
9
11
14
108
505
515
509
81
83
95
23
495
414
508
377
81
83
11
23
496
509
507
505
81
9
11
23
111
508
415
506
81
84
94
22
417
456
511
380
81
84
12
22
418
512
510
411
81
9
12
22
114
511
457
412
81
86
88
16
526
517
514
383
81
86
14
16
527
515
513
504
81
9
14
16
117
514
518
506
81
88
89
17
483
520
517
386
81
88
16
17
484
518
516
513
81
9
16
17
120
517
521
515
81
89
91
19
486
480
520
389
81
89
17
19
487
521
519
516
81
9
17
19
123
520
481
518
81
90
92
20
489
453
523
392
81
90
18
20
490
524
522
477
81
9
18
20
126
523
454
478
86
88
93
21
441
435
526
395
86
88
16
21
442
527
525
513
86
14
16
21
129
526
436
514
528
