1
96
0
0
0
0
0
0
0
0
0
0
0
0
0
0
0
0
0
0
0
0
0
0
0
0
1
1
1
1
1
1
1
1
1
1
1
1
1
1
1
1
1
1
1
1
1
1
1
1
2
2
2
2
2
2
2
2
2
2
2
2
2
2
2
2
2
2
2
2
2
2
2
2
3
3
3
3
3
3
3
3
3
3
3
3
3
3
3
3
3
3
3
3
3
3
3
3
96
528
0
1
7
31
19
7
1
398
0
1
25
31
20
2
0
4
0
24
25
31
132
1
8
5
0
1
8
32
18
10
4
401
0
1
25
32
20
5
3
1
0
24
25
32
135
4
11
2
0
7
22
46
84
15
7
404
0
7
31
46
86
8
6
0
0
24
31
46
138
7
17
2
0
8
12
36
87
12
10
407
0
8
32
36
89
11
9
3
0
24
32
36
141
10
14
5
0
10
12
36
87
9
13
410
0
10
34
36
88
14
12
16
0
24
34
36
144
13
11
17
0
10
22
46
102
6
16
413
0
10
34
46
104
17
15
13
0
24
34
46
147
16
8
14
1
7
8
32
79
3
19
416
1
7
31
32
80
20
18
0
1
25
31
32
150
19
4
1
2
3
14
38
36
28
22
419
2
3
27
38
38
23
21
25
2
26
27
38
153
22
29
26
2
3
16
40
42
27
25
422
2
3
27
40
44
26
24
22
2
26
27
40
156
25
29
23
2
14
16
40
112
24
28
425
2
14
38
40
113
29
27
21
2
26
38
40
159
28
26
23
3
7
20
44
81
45
31
428
3
7
31
44
83
32
30
34
3
27
31
44
162
31
47
35
3
7
21
45
85
48
34
431
3
7
31
45
86
35
33
31
3
27
31
45
165
34
50
32
3
9
14
38
94
21
37
434
3
9
33
38
95
38
36
40
3
27
33
38
168
37
22
41
3
9
17
41
97
49
40
437
3
9
33
41
98
41
39
37
3
27
33
41
171
40
50
38
3
11
16
40
106
24
43
440
3
11
35
40
107
44
42
46
3
27
35
40
174
43
25
47
3
11
20
44
108
30
46
443
3
11
35
44
110
47
45
43
3
27
35
44
177
46
32
44
3
17
21
45
126
33
49
446
3
17
41
45
128
50
48
39
3
27
41
45
180
49
35
41
4
8
13
37
78
58
52
449
4
8
32
37
79
53
51
55
4
28
32
37
183
52
59
56
4
8
21
45
90
60
55
452
4
8
32
45
92
56
54
52
4
28
32
45
186
55
62
53
4
13
20
44
81
61
58
455
4
13
37
44
82
59
57
51
4
28
37
44
189
58
62
53
4
20
21
45
69
54
61
458
4
20
44
45
70
62
60
57
4
28
44
45
192
61
56
59
5
6
20
44
73
70
64
461
5
6
30
44
74
65
63
67
5
29
30
44
195
64
71
68
5
6
21
45
76
69
67
464
5
6
30
45
77
68
66
64
5
29
30
45
198
67
71
65
5
20
21
45
60
66
70
467
5
20
44
45
61
71
69
63
5
29
44
45
201
70
68
65
6
20
23
47
129
75
73
470
6
20
44
47
130
74
72
63
6
30
44
47
204
73
77
64
6
21
23
47
114
72
76
473
6
21
45
47
115
77
75
66
6
30
45
47
207
76
74
67
7
8
13
37
51
82
79
476
7
8
32
37
52
80
78
18
7
31
32
37
210
79
83
19
7
13
20
44
57
30
82
479
7
13
37
44
58
83
81
78
7
31
37
44
213
82
31
80
7
21
22
46
102
6
85
482
7
21
45
46
103
86
84
33
7
31
45
46
216
85
7
34
8
10
12
36
12
9
88
485
8
10
34
36
13
89
87
91
8
32
34
36
219
88
10
92
8
10
21
45
103
54
91
488
8
10
34
45
104
92
90
88
8
32
34
45
222
91
55
89
9
14
21
45
115
99
94
491
9
14
38
45
116
95
93
36
9
33
38
45
225
94
101
37
9
17
19
43
127
100
97
494
9
17
41
43
128
98
96
39
9
33
41
43
228
97
101
40
9
19
21
45
126
93
100
497
9
19
43
45
127
101
99
96
9
33
43
45
231
100
95
98
10
21
22
46
84
15
103
500
10
21
45
46
85
104
102
90
10
34
45
46
234
103
16
91
11
16
18
42
117
109
106
503
11
16
40
42
118
107
105
42
11
35
40
42
237
106
110
43
11
18
20
44
130
45
109
506
11
18
42
44
131
110
108
105
11
35
42
44
240
109
46
107
14
16
23
47
120
114
112
509
14
16
40
47
121
113
111
27
14
38
40
47
243
112
116
28
14
21
23
47
75
111
115
512
14
21
45
47
76
116
114
93
14
38
45
47
246
115
113
94
15
16
18
42
105
124
118
515
15
16
40
42
106
119
117
121
15
39
40
42
249
118
125
122
15
16
23
47
111
123
121
518
15
16
40
47
112
122
120
118
15
39
40
47
252
121
125
119
15
18
23
47
129
120
124
521
15
18
42
47
131
125
123
117
15
39
42
47
255
124
122
119
17
19
21
45
99
48
127
524
17
19
43
45
100
128
126
96
17
41
43
45
258
127
49
97
18
20
23
47
72
123
130
527
18
20
44
47
73
131
129
108
18
42
44
47
261
130
124
109
24
25
31
55
151
139
133
2
24
25
49
55
152
134
132
136
24
48
49
55
264
133
140
137
24
25
32
56
150
142
136
5
24
25
49
56
152
137
135
133
24
48
49
56
267
136
143
134
24
31
46
70
216
147
139
8
24
31
55
70
218
140
138
132
24
48
55
70
270
139
149
134
24
32
36
60
219
144
142
11
24
32
56
60
221
143
141
135
24
48
56
60
273
142
146
137
24
34
36
60
219
141
145
14
24
34
58
60
220
146
144
148
24
48
58
60
276
145
143
149
24
34
46
70
234
138
148
17
24
34
58
70
236
149
147
145
24
48
58
70
279
148
140
146
25
31
32
56
211
135
151
20
25
31
55
56
212
152
150
132
25
49
55
56
282
151
136
133
26
27
38
62
168
160
154
23
26
27
51
62
170
155
153
157
26
50
51
62
285
154
161
158
26
27
40
64
174
159
157
26
26
27
51
64
176
158
156
154
26
50
51
64
288
157
161
155
26
38
40
64
244
156
160
29
26
38
62
64
245
161
159
153
26
50
62
64
291
160
158
155
27
31
44
68
213
177
163
32
27
31
55
68
215
164
162
166
27
51
55
68
294
163
179
167
27
31
45
69
217
180
166
35
27
31
55
69
218
167
165
163
27
51
55
69
297
166
182
164
27
33
38
62
226
153
169
38
27
33
57
62
227
170
168
172
27
51
57
62
300
169
154
173
27
33
41
65
229
181
172
41
27
33
57
65
230
173
171
169
27
51
57
65
303
172
182
170
27
35
40
64
238
156
175
44
27
35
59
64
239
176
174
178
27
51
59
64
306
175
157
179
27
35
44
68
240
162
178
47
27
35
59
68
242
179
177
175
27
51
59
68
309
178
164
176
27
41
45
69
258
165
181
50
27
41
65
69
260
182
180
171
27
51
65
69
312
181
167
173
28
32
37
61
210
190
184
53
28
32
56
61
211
185
183
187
28
52
56
61
315
184
191
188
28
32
45
69
222
192
187
56
28
32
56
69
224
188
186
184
28
52
56
69
318
187
194
185
28
37
44
68
213
193
190
59
28
37
61
68
214
191
189
183
28
52
61
68
321
190
194
185
28
44
45
69
201
186
193
62
28
44
68
69
202
194
192
189
28
52
68
69
324
193
188
191
29
30
44
68
205
202
196
65
29
30
54
68
206
197
195
199
29
53
54
68
327
196
203
200
29
30
45
69
208
201
199
68
29
30
54
69
209
200
198
196
29
53
54
69
330
199
203
197
29
44
45
69
192
198
202
71
29
44
68
69
193
203
201
195
29
53
68
69
333
202
200
197
30
44
47
71
261
207
205
74
30
44
68
71
262
206
204
195
30
54
68
71
336
205
209
196
30
45
47
71
246
204
208
77
30
45
69
71
247
209
207
198
30
54
69
71
339
208
206
199
31
32
37
61
183
214
211
80
31
32
56
61
184
212
210
150
31
55
56
61
342
211
215
151
31
37
44
68
189
162
214
83
31
37
61
68
190
215
213
210
31
55
61
68
345
214
163
212
31
45
46
70
234
138
217
86
31
45
69
70
235
218
216
165
31
55
69
70
348
217
139
166
32
34
36
60
144
141
220
89
32
34
58
60
145
221
219
223
32
56
58
60
351
220
142
224
32
34
45
69
235
186
223
92
32
34
58
69
236
224
222
220
32
56
58
69
354
223
187
221
33
38
45
69
247
231
226
95
33
38
62
69
248
227
225
168
33
57
62
69
357
226
233
169
33
41
43
67
259
232
229
98
33
41
65
67
260
230
228
171
33
57
65
67
360
229
233
172
33
43
45
69
258
225
232
101
33
43
67
69
259
233
231
228
33
57
67
69
363
232
227
230
34
45
46
70
216
147
235
104
34
45
69
70
217
236
234
222
34
58
69
70
366
235
148
223
35
40
42
66
249
241
238
107
35
40
64
66
250
239
237
174
35
59
64
66
369
238
242
175
35
42
44
68
262
177
241
110
35
42
66
68
263
242
240
237
35
59
66
68
372
241
178
239
38
40
47
71
252
246
244
113
38
40
64
71
253
245
243
159
38
62
64
71
375
244
248
160
38
45
47
71
207
243
247
116
38
45
69
71
208
248
246
225
38
62
69
71
378
247
245
226
39
40
42
66
237
256
250
119
39
40
64
66
238
251
249
253
39
63
64
66
381
250
257
254
39
40
47
71
243
255
253
122
39
40
64
71
244
254
252
250
39
63
64
71
384
253
257
251
39
42
47
71
261
252
256
125
39
42
66
71
263
257
255
249
39
63
66
71
387
256
254
251
41
43
45
69
231
180
259
128
41
43
67
69
232
260
258
228
41
65
67
69
390
259
181
229
42
44
47
71
204
255
262
131
42
44
68
71
205
263
261
240
42
66
68
71
393
262
256
241
48
49
55
79
283
271
265
134
48
49
73
79
284
266
264
268
48
72
73
79
396
265
272
269
48
49
56
80
282
274
268
137
48
49
73
80
284
269
267
265
48
72
73
80
399
268
275
266
48
55
70
94
348
279
271
140
48
55
79
94
350
272
270
264
48
72
79
94
402
271
281
266
48
56
60
84
351
276
274
143
48
56
80
84
353
275
273
267
48
72
80
84
405
274
278
269
48
58
60
84
351
273
277
146
48
58
82
84
352
278
276
280
48
72
82
84
408
277
275
281
48
58
70
94
366
270
280
149
48
58
82
94
368
281
279
277
48
72
82
94
411
280
272
278
49
55
56
80
343
267
283
152
49
55
79
80
344
284
282
264
49
73
79
80
414
283
268
265
50
51
62
86
300
292
286
155
50
51
75
86
302
287
285
289
50
74
75
86
417
286
293
290
50
51
64
88
306
291
289
158
50
51
75
88
308
290
288
286
50
74
75
88
420
289
293
287
50
62
64
88
376
288
292
161
50
62
86
88
377
293
291
285
50
74
86
88
423
292
290
287
51
55
68
92
345
309
295
164
51
55
79
92
347
296
294
298
51
75
79
92
426
295
311
299
51
55
69
93
349
312
298
167
51
55
79
93
350
299
297
295
51
75
79
93
429
298
314
296
51
57
62
86
358
285
301
170
51
57
81
86
359
302
300
304
51
75
81
86
432
301
286
305
51
57
65
89
361
313
304
173
51
57
81
89
362
305
303
301
51
75
81
89
435
304
314
302
51
59
64
88
370
288
307
176
51
59
83
88
371
308
306
310
51
75
83
88
438
307
289
311
51
59
68
92
372
294
310
179
51
59
83
92
374
311
309
307
51
75
83
92
441
310
296
308
51
65
69
93
390
297
313
182
51
65
89
93
392
314
312
303
51
75
89
93
444
313
299
305
52
56
61
85
342
322
316
185
52
56
80
85
343
317
315
319
52
76
80
85
447
316
323
320
52
56
69
93
354
324
319
188
52
56
80
93
356
320
318
316
52
76
80
93
450
319
326
317
52
61
68
92
345
325
322
191
52
61
85
92
346
323
321
315
52
76
85
92
453
322
326
317
52
68
69
93
333
318
325
194
52
68
92
93
334
326
324
321
52
76
92
93
456
325
320
323
53
54
68
92
337
334
328
197
53
54
78
92
338
329
327
331
53
77
78
92
459
328
335
332
53
54
69
93
340
333
331
200
53
54
78
93
341
332
330
328
53
77
78
93
462
331
335
329
53
68
69
93
324
330
334
203
53
68
92
93
325
335
333
327
53
77
92
93
465
334
332
329
54
68
71
95
393
339
337
206
54
68
92
95
394
338
336
327
54
78
92
95
468
337
341
328
54
69
71
95
378
336
340
209
54
69
93
95
379
341
339
330
54
78
93
95
471
340
338
331
55
56
61
85
315
346
343
212
55
56
80
85
316
344
342
282
55
79
80
85
474
343
347
283
55
61
68
92
321
294
346
215
55
61
85
92
322
347
345
342
55
79
85
92
477
346
295
344
55
69
70
94
366
270
349
218
55
69
93
94
367
350
348
297
55
79
93
94
480
349
271
298
56
58
60
84
276
273
352
221
56
58
82
84
277
353
351
355
56
80
82
84
483
352
274
356
56
58
69
93
367
318
355
224
56
58
82
93
368
356
354
352
56
80
82
93
486
355
319
353
57
62
69
93
379
363
358
227
57
62
86
93
380
359
357
300
57
81
86
93
489
358
365
301
57
65
67
91
391
364
361
230
57
65
89
91
392
362
360
303
57
81
89
91
492
361
365
304
57
67
69
93
390
357
364
233
57
67
91
93
391
365
363
360
57
81
91
93
495
364
359
362
58
69
70
94
348
279
367
236
58
69
93
94
349
368
366
354
58
82
93
94
498
367
280
355
59
64
66
90
381
373
370
239
59
64
88
90
382
371
369
306
59
83
88
90
501
370
374
307
59
66
68
92
394
309
373
242
59
66
90
92
395
374
372
369
59
83
90
92
504
373
310
371
62
64
71
95
384
378
376
245
62
64
88
95
385
377
375
291
62
86
88
95
507
376
380
292
62
69
71
95
339
375
379
248
62
69
93
95
340
380
378
357
62
86
93
95
510
379
377
358
63
64
66
90
369
388
382
251
63
64
88
90
370
383
381
385
63
87
88
90
513
382
389
386
63
64
71
95
375
387
385
254
63
64
88
95
376
386
384
382
63
87
88
95
516
385
389
383
63
66
71
95
393
384
388
257
63
66
90
95
395
389
387
381
63
87
90
95
519
388
386
383
65
67
69
93
363
312
391
260
65
67
91
93
364
392
390
360
65
89
91
93
522
391
313
361
66
68
71
95
336
387
394
263
66
68
92
95
337
395
393
372
66
90
92
95
525
394
388
373
72
73
79
7
415
403
397
266
72
73
1
7
416
398
396
400
72
0
1
7
0
397
404
401
72
73
80
8
414
406
400
269
72
73
1
8
416
401
399
397
72
0
1
8
3
400
407
398
72
79
94
22
480
411
403
272
72
79
7
22
482
404
402
396
72
0
7
22
6
403
413
398
72
80
84
12
483
408
406
275
72
80
8
12
485
407
405
399
72
0
8
12
9
406
410
401
72
82
84
12
483
405
409
278
72
82
10
12
484
410
408
412
72
0
10
12
12
409
407
413
72
82
94
22
498
402
412
281
72
82
10
22
500
413
411
409
72
0
10
22
15
412
404
410
73
79
80
8
475
399
415
284
73
79
7
8
476
416
414
396
73
1
7
8
18
415
400
397
74
75
86
14
432
424
418
287
74
75
3
14
434
419
417
421
74
2
3
14
21
418
425
422
74
75
88
16
438
423
421
290
74
75
3
16
440
422
420
418
74
2
3
16
24
421
425
419
74
86
88
16
508
420
424
293
74
86
14
16
509
425
423
417
74
2
14
16
27
424
422
419
75
79
92
20
477
441
427
296
75
79
7
20
479
428
426
430
75
3
7
20
30
427
443
431
75
79
93
21
481
444
430
299
75
79
7
21
482
431
429
427
75
3
7
21
33
430
446
428
75
81
86
14
490
417
433
302
75
81
9
14
491
434
432
436
75
3
9
14
36
433
418
437
75
81
89
17
493
445
436
305
75
81
9
17
494
437
435
433
75
3
9
17
39
436
446
434
75
83
88
16
502
420
439
308
75
83
11
16
503
440
438
442
75
3
11
16
42
439
421
443
75
83
92
20
504
426
442
311
75
83
11
20
506
443
441
439
75
3
11
20
45
442
428
440
75
89
93
21
522
429
445
314
75
89
17
21
524
446
444
435
75
3
17
21
48
445
431
437
76
80
85
13
474
454
448
317
76
80
8
13
475
449
447
451
76
4
8
13
51
448
455
452
76
80
93
21
486
456
451
320
76
80
8
21
488
452
450
448
76
4
8
21
54
451
458
449
76
85
92
20
477
457
454
323
76
85
13
20
478
455
453
447
76
4
13
20
57
454
458
449
76
92
93
21
465
450
457
326
76
92
20
21
466
458
456
453
76
4
20
21
60
457
452
455
77
78
92
20
469
466
460
329
77
78
6
20
470
461
459
463
77
5
6
20
63
460
467
464
77
78
93
21
472
465
463
332
77
78
6
21
473
464
462
460
77
5
6
21
66
463
467
461
77
92
93
21
456
462
466
335
77
92
20
21
457
467
465
459
77
5
20
21
69
466
464
461
78
92
95
23
525
471
469
338
78
92
20
23
526
470
468
459
78
6
20
23
72
469
473
460
78
93
95
23
510
468
472
341
78
93
21
23
511
473
471
462
78
6
21
23
75
472
470
463
79
80
85
13
447
478
475
344
79
80
8
13
448
476
474
414
79
7
8
13
78
475
479
415
79
85
92
20
453
426
478
347
79
85
13
20
454
479
477
474
79
7
13
20
81
478
427
476
79
93
94
22
498
402
481
350
79
93
21
22
499
482
480
429
79
7
21
22
84
481
403
430
80
82
84
12
408
405
484
353
80
82
10
12
409
485
483
487
80
8
10
12
87
484
406
488
80
82
93
21
499
450
487
356
80
82
10
21
500
488
486
484
80
8
10
21
90
487
451
485
81
86
93
21
511
495
490
359
81
86
14
21
512
491
489
432
81
9
14
21
93
490
497
433
81
89
91
19
523
496
493
362
81
89
17
19
524
494
492
435
81
9
17
19
96
493
497
436
81
91
93
21
522
489
496
365
81
91
19
21
523
497
495
492
81
9
19
21
99
496
491
494
82
93
94
22
480
411
499
368
82
93
21
22
481
500
498
486
82
10
21
22
102
499
412
487
83
88
90
18
513
505
502
371
83
88
16
18
514
503
501
438
83
11
16
18
105
502
506
439
83
90
92
20
526
441
505
374
83
90
18
20
527
506
504
501
83
11
18
20
108
505
442
503
86
88
95
23
516
510
508
377
86
88
16
23
517
509
507
423
86
14
16
23
111
508
512
424
86
93
95
23
471
507
511
380
86
93
21
23
472
512
510
489
86
14
21
23
114
511
509
490
87
88
90
18
501
520
514
383
87
88
16
18
502
515
513
517
87
15
16
18
117
514
521
518
87
88
95
23
507
519
517
386
87
88
16
23
508
518
516
514
87
15
16
23
120
517
521
515
87
90
95
23
525
516
520
389
87
90
18
23
527
521
519
513
87
15
18
23
123
520
518
515
89
91
93
21
495
444
523
392
89
91
19
21
496
524
522
492
89
17
19
21
126
523
445
493
90
92
95
23
468
519
526
395
90
92
20
23
469
527
525
504
90
18
20
23
129
526
520
505
528
