1
192
0
0
0
0
0
0
0
0
0
0
0
0
0
0
0
0
0
0
0
0
0
0
0
0
0
0
0
0
0
0
0
0
0
0
0
0
0
0
0
0
0
0
0
0
0
0
0
0
1
1
1
1
1
1
1
1
1
1
1
1
1
1
1
1
1
1
1
1
1
1
1
1
1
1
1
1
1
1
1
1
1
1
1
1
1
1
1
1
1
1
1
1
1
1
1
1
2
2
2
2
2
2
2
2
2
2
2
2
2
2
2
2
2
2
2
2
2
2
2
2
2
2
2
2
2
2
2
2
2
2
2
2
2
2
2
2
2
2
2
2
2
2
2
2
3
3
3
3
3
3
3
3
3
3
3
3
3
3
3
3
3
3
3
3
3
3
3
3
3
3
3
3
3
3
3
3
3
3
3
3
3
3
3
3
3
3
3
3
3
3
3
3
192
1104
0
1
18
66
22
7
1
830
0
1
49
66
23
2
0
4
0
48
49
66
276
1
8
5
0
1
21
69
31
6
4
833
0
1
49
69
32
5
3
1
0
48
49
69
279
4
8
2
0
18
21
69
201
3
7
836
0
18
66
69
202
8
6
0
0
48
66
69
282
7
5
2
1
6
39
87
99
21
10
839
1
6
54
87
101
11
9
13
1
49
54
87
285
10
23
14
1
6
45
93
96
27
13
842
1
6
54
93
98
14
12
10
1
49
54
93
288
13
29
11
1
8
36
84
129
30
16
845
1
8
56
84
131
17
15
19
1
49
56
84
291
16
32
20
1
8
42
90
126
24
19
848
1
8
56
90
128
20
18
16
1
49
56
90
294
19
26
17
1
18
39
87
211
9
22
851
1
18
66
87
212
23
21
0
1
49
66
87
297
22
11
1
1
20
42
90
222
18
25
854
1
20
68
90
224
26
24
28
1
49
68
90
300
25
20
29
1
20
45
93
60
12
28
857
1
20
68
93
61
29
27
25
1
49
68
93
303
28
14
26
1
21
36
84
235
15
31
860
1
21
69
84
236
32
30
3
1
49
69
84
306
31
17
4
2
27
38
86
228
40
34
863
2
27
75
86
229
35
33
37
2
50
75
86
309
34
41
38
2
27
47
95
249
39
37
866
2
27
75
95
251
38
36
34
2
50
75
95
312
37
41
35
2
38
47
95
138
36
40
869
2
38
86
95
139
41
39
33
2
50
86
95
315
40
38
35
3
18
25
73
204
49
43
872
3
18
66
73
205
44
42
46
3
51
66
73
318
43
50
47
3
18
43
91
210
51
46
875
3
18
66
91
212
47
45
43
3
51
66
91
321
46
53
44
3
25
41
89
153
52
49
878
3
25
73
89
154
50
48
42
3
51
73
89
324
49
53
44
3
41
43
91
108
45
52
881
3
41
89
91
109
53
51
48
3
51
89
91
327
52
47
50
4
16
20
68
193
61
55
884
4
16
64
68
194
56
54
58
4
52
64
68
330
55
62
59
4
16
45
93
96
60
58
887
4
16
64
93
97
59
57
55
4
52
64
93
333
58
62
56
4
20
45
93
27
57
61
890
4
20
68
93
28
62
60
54
4
52
68
93
336
61
59
56
5
7
24
72
115
75
64
893
5
7
55
72
116
65
63
67
5
53
55
72
339
64
77
68
5
7
44
92
114
90
67
896
5
7
55
92
116
68
66
64
5
53
55
92
342
67
92
65
5
11
23
71
151
82
70
899
5
11
59
71
152
71
69
73
5
53
59
71
345
70
83
74
5
11
25
73
154
85
73
902
5
11
59
73
155
74
72
70
5
53
59
73
348
73
86
71
5
14
24
72
141
63
76
905
5
14
62
72
142
77
75
79
5
53
62
72
351
76
65
80
5
14
29
77
178
87
79
908
5
14
62
77
179
80
78
76
5
53
62
77
354
79
89
77
5
23
40
88
150
91
82
911
5
23
71
88
151
83
81
69
5
53
71
88
357
82
92
71
5
25
26
74
241
88
85
914
5
25
73
74
242
86
84
72
5
53
73
74
360
85
89
74
5
26
29
77
195
78
88
917
5
26
74
77
196
89
87
84
5
53
74
77
363
88
80
86
5
40
44
92
273
66
91
920
5
40
88
92
275
92
90
81
5
53
88
92
366
91
68
83
6
16
35
83
198
106
94
923
6
16
64
83
200
95
93
97
6
54
64
83
369
94
107
98
6
16
45
93
57
12
97
926
6
16
64
93
58
98
96
94
6
54
64
93
372
97
13
95
6
19
39
87
214
9
100
929
6
19
67
87
215
101
99
103
6
54
67
87
375
100
10
104
6
19
46
94
216
111
103
932
6
19
67
94
218
104
102
100
6
54
67
94
378
103
113
101
6
35
41
89
270
109
106
935
6
35
83
89
271
107
105
93
6
54
83
89
381
106
110
95
6
41
43
91
51
112
109
938
6
41
89
91
52
110
108
105
6
54
89
91
384
109
113
107
6
43
46
94
216
102
112
941
6
43
91
94
217
113
111
108
6
54
91
94
387
112
104
110
7
24
44
92
237
66
115
944
7
24
72
92
239
116
114
63
7
55
72
92
390
115
67
64
8
15
27
75
189
130
118
947
8
15
63
75
191
119
117
121
8
56
63
75
393
118
131
122
8
15
28
76
171
123
121
950
8
15
63
76
172
122
120
118
8
56
63
76
396
121
125
119
8
22
28
76
219
120
124
953
8
22
70
76
220
125
123
127
8
56
70
76
399
124
122
128
8
22
42
90
222
18
127
956
8
22
70
90
223
128
126
124
8
56
70
90
402
127
19
125
8
27
36
84
250
15
130
959
8
27
75
84
251
131
129
117
8
56
75
84
405
130
16
119
9
31
38
86
243
139
133
962
9
31
79
86
244
134
132
136
9
57
79
86
408
133
140
137
9
31
47
95
246
138
136
965
9
31
79
95
247
137
135
133
9
57
79
95
411
136
140
134
9
38
47
95
39
135
139
968
9
38
86
95
40
140
138
132
9
57
86
95
414
139
137
134
10
14
24
72
75
148
142
971
10
14
62
72
76
143
141
145
10
58
62
72
417
142
149
146
10
14
37
85
183
147
145
974
10
14
62
85
185
146
144
142
10
58
62
85
420
145
149
143
10
24
37
85
238
144
148
977
10
24
72
85
239
149
147
141
10
58
72
85
423
148
146
143
11
23
40
88
81
157
151
980
11
23
71
88
82
152
150
69
11
59
71
88
426
151
158
70
11
25
41
89
48
156
154
983
11
25
73
89
49
155
153
72
11
59
73
89
429
154
158
73
11
40
41
89
274
153
157
986
11
40
88
89
275
158
156
150
11
59
88
89
432
157
155
152
12
14
32
80
187
166
160
989
12
14
62
80
188
161
159
163
12
60
62
80
435
160
167
164
12
14
44
92
177
165
163
992
12
14
62
92
179
164
162
160
12
60
62
92
438
163
167
161
12
32
44
92
267
162
166
995
12
32
80
92
269
167
165
159
12
60
80
92
441
166
164
161
13
15
20
68
190
175
169
998
13
15
63
68
191
170
168
172
13
61
63
68
444
169
176
173
13
15
28
76
120
174
172
1001
13
15
63
76
121
173
171
169
13
61
63
76
447
172
176
170
13
20
28
76
219
171
175
1004
13
20
68
76
221
176
174
168
13
61
68
76
450
175
173
170
14
29
44
92
258
162
178
1007
14
29
77
92
260
179
177
78
14
62
77
92
453
178
163
79
14
30
34
82
262
186
181
1010
14
30
78
82
263
182
180
184
14
62
78
82
456
181
188
185
14
30
37
85
261
144
184
1013
14
30
78
85
263
185
183
181
14
62
78
85
459
184
145
182
14
32
34
82
265
180
187
1016
14
32
80
82
266
188
186
159
14
62
80
82
462
187
182
160
15
20
27
75
229
117
190
1019
15
20
68
75
230
191
189
168
15
63
68
75
465
190
118
169
16
20
26
74
226
196
193
1022
16
20
68
74
227
194
192
54
16
64
68
74
468
193
197
55
16
26
29
77
87
199
196
1025
16
26
74
77
88
197
195
192
16
64
74
77
471
196
200
194
16
29
35
83
252
93
199
1028
16
29
77
83
254
200
198
195
16
64
77
83
474
199
94
197
17
18
21
69
6
208
202
1031
17
18
66
69
7
203
201
205
17
65
66
69
477
202
209
206
17
18
25
73
42
207
205
1034
17
18
66
73
43
206
204
202
17
65
66
73
480
205
209
203
17
21
25
73
232
204
208
1037
17
21
69
73
233
209
207
201
17
65
69
73
483
208
206
203
18
39
43
91
213
45
211
1040
18
39
87
91
214
212
210
21
18
66
87
91
486
211
46
22
19
39
43
91
210
217
214
1043
19
39
87
91
211
215
213
99
19
67
87
91
489
214
218
100
19
43
46
94
111
102
217
1046
19
43
91
94
112
218
216
213
19
67
91
94
492
217
103
215
20
22
28
76
123
174
220
1049
20
22
70
76
124
221
219
223
20
68
70
76
495
220
175
224
20
22
42
90
126
24
223
1052
20
22
70
90
127
224
222
220
20
68
70
90
498
223
25
221
20
26
38
86
240
228
226
1055
20
26
74
86
241
227
225
192
20
68
74
86
501
226
230
193
20
27
38
86
33
225
229
1058
20
27
75
86
34
230
228
189
20
68
75
86
504
229
227
190
21
25
47
95
246
234
232
1061
21
25
73
95
248
233
231
207
21
69
73
95
507
232
236
208
21
36
47
95
249
231
235
1064
21
36
84
95
250
236
234
30
21
69
84
95
510
235
233
31
24
37
44
92
267
114
238
1067
24
37
85
92
268
239
237
147
24
72
85
92
513
238
115
148
25
26
38
86
225
243
241
1070
25
26
74
86
226
242
240
84
25
73
74
86
516
241
245
85
25
31
38
86
132
240
244
1073
25
31
79
86
133
245
243
247
25
73
79
86
519
244
242
248
25
31
47
95
135
231
247
1076
25
31
79
95
136
248
246
244
25
73
79
95
522
247
232
245
27
36
47
95
234
36
250
1079
27
36
84
95
235
251
249
129
27
75
84
95
525
250
37
130
29
33
35
83
271
198
253
1082
29
33
81
83
272
254
252
256
29
77
81
83
528
253
199
257
29
33
41
89
270
259
256
1085
29
33
81
89
272
257
255
253
29
77
81
89
531
256
260
254
29
41
44
92
273
177
259
1088
29
41
89
92
274
260
258
255
29
77
89
92
534
259
178
257
30
34
37
85
264
183
262
1091
30
34
82
85
265
263
261
180
30
78
82
85
537
262
184
181
32
34
37
85
261
268
265
1094
32
34
82
85
262
266
264
186
32
80
82
85
540
265
269
187
32
37
44
92
237
165
268
1097
32
37
85
92
238
269
267
264
32
80
85
92
543
268
166
266
33
35
41
89
105
255
271
1100
33
35
83
89
106
272
270
252
33
81
83
89
546
271
256
253
40
41
44
92
258
90
274
1103
40
41
89
92
259
275
273
156
40
88
89
92
549
274
91
157
48
49
66
114
298
283
277
2
48
49
97
114
299
278
276
280
48
96
97
114
552
277
284
281
48
49
69
117
307
282
280
5
48
49
97
117
308
281
279
277
48
96
97
117
555
280
284
278
48
66
69
117
477
279
283
8
48
66
114
117
478
284
282
276
48
96
114
117
558
283
281
278
49
54
87
135
375
297
286
11
49
54
102
135
377
287
285
289
49
97
102
135
561
286
299
290
49
54
93
141
372
303
289
14
49
54
102
141
374
290
288
286
49
97
102
141
564
289
305
287
49
56
84
132
405
306
292
17
49
56
104
132
407
293
291
295
49
97
104
132
567
292
308
296
49
56
90
138
402
300
295
20
49
56
104
138
404
296
294
292
49
97
104
138
570
295
302
293
49
66
87
135
487
285
298
23
49
66
114
135
488
299
297
276
49
97
114
135
573
298
287
277
49
68
90
138
498
294
301
26
49
68
116
138
500
302
300
304
49
97
116
138
576
301
296
305
49
68
93
141
336
288
304
29
49
68
116
141
337
305
303
301
49
97
116
141
579
304
290
302
49
69
84
132
511
291
307
32
49
69
117
132
512
308
306
279
49
97
117
132
582
307
293
280
50
75
86
134
504
316
310
35
50
75
123
134
505
311
309
313
50
98
123
134
585
310
317
314
50
75
95
143
525
315
313
38
50
75
123
143
527
314
312
310
50
98
123
143
588
313
317
311
50
86
95
143
414
312
316
41
50
86
134
143
415
317
315
309
50
98
134
143
591
316
314
311
51
66
73
121
480
325
319
44
51
66
114
121
481
320
318
322
51
99
114
121
594
319
326
323
51
66
91
139
486
327
322
47
51
66
114
139
488
323
321
319
51
99
114
139
597
322
329
320
51
73
89
137
429
328
325
50
51
73
121
137
430
326
324
318
51
99
121
137
600
325
329
320
51
89
91
139
384
321
328
53
51
89
137
139
385
329
327
324
51
99
137
139
603
328
323
326
52
64
68
116
469
337
331
56
52
64
112
116
470
332
330
334
52
100
112
116
606
331
338
335
52
64
93
141
372
336
334
59
52
64
112
141
373
335
333
331
52
100
112
141
609
334
338
332
52
68
93
141
303
333
337
62
52
68
116
141
304
338
336
330
52
100
116
141
612
337
335
332
53
55
72
120
391
351
340
65
53
55
103
120
392
341
339
343
53
101
103
120
615
340
353
344
53
55
92
140
390
366
343
68
53
55
103
140
392
344
342
340
53
101
103
140
618
343
368
341
53
59
71
119
427
358
346
71
53
59
107
119
428
347
345
349
53
101
107
119
621
346
359
350
53
59
73
121
430
361
349
74
53
59
107
121
431
350
348
346
53
101
107
121
624
349
362
347
53
62
72
120
417
339
352
77
53
62
110
120
418
353
351
355
53
101
110
120
627
352
341
356
53
62
77
125
454
363
355
80
53
62
110
125
455
356
354
352
53
101
110
125
630
355
365
353
53
71
88
136
426
367
358
83
53
71
119
136
427
359
357
345
53
101
119
136
633
358
368
347
53
73
74
122
517
364
361
86
53
73
121
122
518
362
360
348
53
101
121
122
636
361
365
350
53
74
77
125
471
354
364
89
53
74
122
125
472
365
363
360
53
101
122
125
639
364
356
362
53
88
92
140
549
342
367
92
53
88
136
140
551
368
366
357
53
101
136
140
642
367
344
359
54
64
83
131
474
382
370
95
54
64
112
131
476
371
369
373
54
102
112
131
645
370
383
374
54
64
93
141
333
288
373
98
54
64
112
141
334
374
372
370
54
102
112
141
648
373
289
371
54
67
87
135
490
285
376
101
54
67
115
135
491
377
375
379
54
102
115
135
651
376
286
380
54
67
94
142
492
387
379
104
54
67
115
142
494
380
378
376
54
102
115
142
654
379
389
377
54
83
89
137
546
385
382
107
54
83
131
137
547
383
381
369
54
102
131
137
657
382
386
371
54
89
91
139
327
388
385
110
54
89
137
139
328
386
384
381
54
102
137
139
660
385
389
383
54
91
94
142
492
378
388
113
54
91
139
142
493
389
387
384
54
102
139
142
663
388
380
386
55
72
92
140
513
342
391
116
55
72
120
140
515
392
390
339
55
103
120
140
666
391
343
340
56
63
75
123
465
406
394
119
56
63
111
123
467
395
393
397
56
104
111
123
669
394
407
398
56
63
76
124
447
399
397
122
56
63
111
124
448
398
396
394
56
104
111
124
672
397
401
395
56
70
76
124
495
396
400
125
56
70
118
124
496
401
399
403
56
104
118
124
675
400
398
404
56
70
90
138
498
294
403
128
56
70
118
138
499
404
402
400
56
104
118
138
678
403
295
401
56
75
84
132
526
291
406
131
56
75
123
132
527
407
405
393
56
104
123
132
681
406
292
395
57
79
86
134
519
415
409
134
57
79
127
134
520
410
408
412
57
105
127
134
684
409
416
413
57
79
95
143
522
414
412
137
57
79
127
143
523
413
411
409
57
105
127
143
687
412
416
410
57
86
95
143
315
411
415
140
57
86
134
143
316
416
414
408
57
105
134
143
690
415
413
410
58
62
72
120
351
424
418
143
58
62
110
120
352
419
417
421
58
106
110
120
693
418
425
422
58
62
85
133
459
423
421
146
58
62
110
133
461
422
420
418
58
106
110
133
696
421
425
419
58
72
85
133
514
420
424
149
58
72
120
133
515
425
423
417
58
106
120
133
699
424
422
419
59
71
88
136
357
433
427
152
59
71
119
136
358
428
426
345
59
107
119
136
702
427
434
346
59
73
89
137
324
432
430
155
59
73
121
137
325
431
429
348
59
107
121
137
705
430
434
349
59
88
89
137
550
429
433
158
59
88
136
137
551
434
432
426
59
107
136
137
708
433
431
428
60
62
80
128
463
442
436
161
60
62
110
128
464
437
435
439
60
108
110
128
711
436
443
440
60
62
92
140
453
441
439
164
60
62
110
140
455
440
438
436
60
108
110
140
714
439
443
437
60
80
92
140
543
438
442
167
60
80
128
140
545
443
441
435
60
108
128
140
717
442
440
437
61
63
68
116
466
451
445
170
61
63
111
116
467
446
444
448
61
109
111
116
720
445
452
449
61
63
76
124
396
450
448
173
61
63
111
124
397
449
447
445
61
109
111
124
723
448
452
446
61
68
76
124
495
447
451
176
61
68
116
124
497
452
450
444
61
109
116
124
726
451
449
446
62
77
92
140
534
438
454
179
62
77
125
140
536
455
453
354
62
110
125
140
729
454
439
355
62
78
82
130
538
462
457
182
62
78
126
130
539
458
456
460
62
110
126
130
732
457
464
461
62
78
85
133
537
420
460
185
62
78
126
133
539
461
459
457
62
110
126
133
735
460
421
458
62
80
82
130
541
456
463
188
62
80
128
130
542
464
462
435
62
110
128
130
738
463
458
436
63
68
75
123
505
393
466
191
63
68
116
123
506
467
465
444
63
111
116
123
741
466
394
445
64
68
74
122
502
472
469
194
64
68
116
122
503
470
468
330
64
112
116
122
744
469
473
331
64
74
77
125
363
475
472
197
64
74
122
125
364
473
471
468
64
112
122
125
747
472
476
470
64
77
83
131
528
369
475
200
64
77
125
131
530
476
474
471
64
112
125
131
750
475
370
473
65
66
69
117
282
484
478
203
65
66
114
117
283
479
477
481
65
113
114
117
753
478
485
482
65
66
73
121
318
483
481
206
65
66
114
121
319
482
480
478
65
113
114
121
756
481
485
479
65
69
73
121
508
480
484
209
65
69
117
121
509
485
483
477
65
113
117
121
759
484
482
479
66
87
91
139
489
321
487
212
66
87
135
139
490
488
486
297
66
114
135
139
762
487
322
298
67
87
91
139
486
493
490
215
67
87
135
139
487
491
489
375
67
115
135
139
765
490
494
376
67
91
94
142
387
378
493
218
67
91
139
142
388
494
492
489
67
115
139
142
768
493
379
491
68
70
76
124
399
450
496
221
68
70
118
124
400
497
495
499
68
116
118
124
771
496
451
500
68
70
90
138
402
300
499
224
68
70
118
138
403
500
498
496
68
116
118
138
774
499
301
497
68
74
86
134
516
504
502
227
68
74
122
134
517
503
501
468
68
116
122
134
777
502
506
469
68
75
86
134
309
501
505
230
68
75
123
134
310
506
504
465
68
116
123
134
780
505
503
466
69
73
95
143
522
510
508
233
69
73
121
143
524
509
507
483
69
117
121
143
783
508
512
484
69
84
95
143
525
507
511
236
69
84
132
143
526
512
510
306
69
117
132
143
786
511
509
307
72
85
92
140
543
390
514
239
72
85
133
140
544
515
513
423
72
120
133
140
789
514
391
424
73
74
86
134
501
519
517
242
73
74
122
134
502
518
516
360
73
121
122
134
792
517
521
361
73
79
86
134
408
516
520
245
73
79
127
134
409
521
519
523
73
121
127
134
795
520
518
524
73
79
95
143
411
507
523
248
73
79
127
143
412
524
522
520
73
121
127
143
798
523
508
521
75
84
95
143
510
312
526
251
75
84
132
143
511
527
525
405
75
123
132
143
801
526
313
406
77
81
83
131
547
474
529
254
77
81
129
131
548
530
528
532
77
125
129
131
804
529
475
533
77
81
89
137
546
535
532
257
77
81
129
137
548
533
531
529
77
125
129
137
807
532
536
530
77
89
92
140
549
453
535
260
77
89
137
140
550
536
534
531
77
125
137
140
810
535
454
533
78
82
85
133
540
459
538
263
78
82
130
133
541
539
537
456
78
126
130
133
813
538
460
457
80
82
85
133
537
544
541
266
80
82
130
133
538
542
540
462
80
128
130
133
816
541
545
463
80
85
92
140
513
441
544
269
80
85
133
140
514
545
543
540
80
128
133
140
819
544
442
542
81
83
89
137
381
531
547
272
81
83
131
137
382
548
546
528
81
129
131
137
822
547
532
529
88
89
92
140
534
366
550
275
88
89
137
140
535
551
549
432
88
136
137
140
825
550
367
433
96
97
114
162
574
559
553
278
96
97
145
162
575
554
552
556
96
144
145
162
828
553
560
557
96
97
117
165
583
558
556
281
96
97
145
165
584
557
555
553
96
144
145
165
831
556
560
554
96
114
117
165
753
555
559
284
96
114
162
165
754
560
558
552
96
144
162
165
834
559
557
554
97
102
135
183
651
573
562
287
97
102
150
183
653
563
561
565
97
145
150
183
837
562
575
566
97
102
141
189
648
579
565
290
97
102
150
189
650
566
564
562
97
145
150
189
840
565
581
563
97
104
132
180
681
582
568
293
97
104
152
180
683
569
567
571
97
145
152
180
843
568
584
572
97
104
138
186
678
576
571
296
97
104
152
186
680
572
570
568
97
145
152
186
846
571
578
569
97
114
135
183
763
561
574
299
97
114
162
183
764
575
573
552
97
145
162
183
849
574
563
553
97
116
138
186
774
570
577
302
97
116
164
186
776
578
576
580
97
145
164
186
852
577
572
581
97
116
141
189
612
564
580
305
97
116
164
189
613
581
579
577
97
145
164
189
855
580
566
578
97
117
132
180
787
567
583
308
97
117
165
180
788
584
582
555
97
145
165
180
858
583
569
556
98
123
134
182
780
592
586
311
98
123
171
182
781
587
585
589
98
146
171
182
861
586
593
590
98
123
143
191
801
591
589
314
98
123
171
191
803
590
588
586
98
146
171
191
864
589
593
587
98
134
143
191
690
588
592
317
98
134
182
191
691
593
591
585
98
146
182
191
867
592
590
587
99
114
121
169
756
601
595
320
99
114
162
169
757
596
594
598
99
147
162
169
870
595
602
599
99
114
139
187
762
603
598
323
99
114
162
187
764
599
597
595
99
147
162
187
873
598
605
596
99
121
137
185
705
604
601
326
99
121
169
185
706
602
600
594
99
147
169
185
876
601
605
596
99
137
139
187
660
597
604
329
99
137
185
187
661
605
603
600
99
147
185
187
879
604
599
602
100
112
116
164
745
613
607
332
100
112
160
164
746
608
606
610
100
148
160
164
882
607
614
611
100
112
141
189
648
612
610
335
100
112
160
189
649
611
609
607
100
148
160
189
885
610
614
608
100
116
141
189
579
609
613
338
100
116
164
189
580
614
612
606
100
148
164
189
888
613
611
608
101
103
120
168
667
627
616
341
101
103
151
168
668
617
615
619
101
149
151
168
891
616
629
620
101
103
140
188
666
642
619
344
101
103
151
188
668
620
618
616
101
149
151
188
894
619
644
617
101
107
119
167
703
634
622
347
101
107
155
167
704
623
621
625
101
149
155
167
897
622
635
626
101
107
121
169
706
637
625
350
101
107
155
169
707
626
624
622
101
149
155
169
900
625
638
623
101
110
120
168
693
615
628
353
101
110
158
168
694
629
627
631
101
149
158
168
903
628
617
632
101
110
125
173
730
639
631
356
101
110
158
173
731
632
630
628
101
149
158
173
906
631
641
629
101
119
136
184
702
643
634
359
101
119
167
184
703
635
633
621
101
149
167
184
909
634
644
623
101
121
122
170
793
640
637
362
101
121
169
170
794
638
636
624
101
149
169
170
912
637
641
626
101
122
125
173
747
630
640
365
101
122
170
173
748
641
639
636
101
149
170
173
915
640
632
638
101
136
140
188
825
618
643
368
101
136
184
188
827
644
642
633
101
149
184
188
918
643
620
635
102
112
131
179
750
658
646
371
102
112
160
179
752
647
645
649
102
150
160
179
921
646
659
650
102
112
141
189
609
564
649
374
102
112
160
189
610
650
648
646
102
150
160
189
924
649
565
647
102
115
135
183
766
561
652
377
102
115
163
183
767
653
651
655
102
150
163
183
927
652
562
656
102
115
142
190
768
663
655
380
102
115
163
190
770
656
654
652
102
150
163
190
930
655
665
653
102
131
137
185
822
661
658
383
102
131
179
185
823
659
657
645
102
150
179
185
933
658
662
647
102
137
139
187
603
664
661
386
102
137
185
187
604
662
660
657
102
150
185
187
936
661
665
659
102
139
142
190
768
654
664
389
102
139
187
190
769
665
663
660
102
150
187
190
939
664
656
662
103
120
140
188
789
618
667
392
103
120
168
188
791
668
666
615
103
151
168
188
942
667
619
616
104
111
123
171
741
682
670
395
104
111
159
171
743
671
669
673
104
152
159
171
945
670
683
674
104
111
124
172
723
675
673
398
104
111
159
172
724
674
672
670
104
152
159
172
948
673
677
671
104
118
124
172
771
672
676
401
104
118
166
172
772
677
675
679
104
152
166
172
951
676
674
680
104
118
138
186
774
570
679
404
104
118
166
186
775
680
678
676
104
152
166
186
954
679
571
677
104
123
132
180
802
567
682
407
104
123
171
180
803
683
681
669
104
152
171
180
957
682
568
671
105
127
134
182
795
691
685
410
105
127
175
182
796
686
684
688
105
153
175
182
960
685
692
689
105
127
143
191
798
690
688
413
105
127
175
191
799
689
687
685
105
153
175
191
963
688
692
686
105
134
143
191
591
687
691
416
105
134
182
191
592
692
690
684
105
153
182
191
966
691
689
686
106
110
120
168
627
700
694
419
106
110
158
168
628
695
693
697
106
154
158
168
969
694
701
698
106
110
133
181
735
699
697
422
106
110
158
181
737
698
696
694
106
154
158
181
972
697
701
695
106
120
133
181
790
696
700
425
106
120
168
181
791
701
699
693
106
154
168
181
975
700
698
695
107
119
136
184
633
709
703
428
107
119
167
184
634
704
702
621
107
155
167
184
978
703
710
622
107
121
137
185
600
708
706
431
107
121
169
185
601
707
705
624
107
155
169
185
981
706
710
625
107
136
137
185
826
705
709
434
107
136
184
185
827
710
708
702
107
155
184
185
984
709
707
704
108
110
128
176
739
718
712
437
108
110
158
176
740
713
711
715
108
156
158
176
987
712
719
716
108
110
140
188
729
717
715
440
108
110
158
188
731
716
714
712
108
156
158
188
990
715
719
713
108
128
140
188
819
714
718
443
108
128
176
188
821
719
717
711
108
156
176
188
993
718
716
713
109
111
116
164
742
727
721
446
109
111
159
164
743
722
720
724
109
157
159
164
996
721
728
725
109
111
124
172
672
726
724
449
109
111
159
172
673
725
723
721
109
157
159
172
999
724
728
722
109
116
124
172
771
723
727
452
109
116
164
172
773
728
726
720
109
157
164
172
1002
727
725
722
110
125
140
188
810
714
730
455
110
125
173
188
812
731
729
630
110
158
173
188
1005
730
715
631
110
126
130
178
814
738
733
458
110
126
174
178
815
734
732
736
110
158
174
178
1008
733
740
737
110
126
133
181
813
696
736
461
110
126
174
181
815
737
735
733
110
158
174
181
1011
736
697
734
110
128
130
178
817
732
739
464
110
128
176
178
818
740
738
711
110
158
176
178
1014
739
734
712
111
116
123
171
781
669
742
467
111
116
164
171
782
743
741
720
111
159
164
171
1017
742
670
721
112
116
122
170
778
748
745
470
112
116
164
170
779
746
744
606
112
160
164
170
1020
745
749
607
112
122
125
173
639
751
748
473
112
122
170
173
640
749
747
744
112
160
170
173
1023
748
752
746
112
125
131
179
804
645
751
476
112
125
173
179
806
752
750
747
112
160
173
179
1026
751
646
749
113
114
117
165
558
760
754
479
113
114
162
165
559
755
753
757
113
161
162
165
1029
754
761
758
113
114
121
169
594
759
757
482
113
114
162
169
595
758
756
754
113
161
162
169
1032
757
761
755
113
117
121
169
784
756
760
485
113
117
165
169
785
761
759
753
113
161
165
169
1035
760
758
755
114
135
139
187
765
597
763
488
114
135
183
187
766
764
762
573
114
162
183
187
1038
763
598
574
115
135
139
187
762
769
766
491
115
135
183
187
763
767
765
651
115
163
183
187
1041
766
770
652
115
139
142
190
663
654
769
494
115
139
187
190
664
770
768
765
115
163
187
190
1044
769
655
767
116
118
124
172
675
726
772
497
116
118
166
172
676
773
771
775
116
164
166
172
1047
772
727
776
116
118
138
186
678
576
775
500
116
118
166
186
679
776
774
772
116
164
166
186
1050
775
577
773
116
122
134
182
792
780
778
503
116
122
170
182
793
779
777
744
116
164
170
182
1053
778
782
745
116
123
134
182
585
777
781
506
116
123
171
182
586
782
780
741
116
164
171
182
1056
781
779
742
117
121
143
191
798
786
784
509
117
121
169
191
800
785
783
759
117
165
169
191
1059
784
788
760
117
132
143
191
801
783
787
512
117
132
180
191
802
788
786
582
117
165
180
191
1062
787
785
583
120
133
140
188
819
666
790
515
120
133
181
188
820
791
789
699
120
168
181
188
1065
790
667
700
121
122
134
182
777
795
793
518
121
122
170
182
778
794
792
636
121
169
170
182
1068
793
797
637
121
127
134
182
684
792
796
521
121
127
175
182
685
797
795
799
121
169
175
182
1071
796
794
800
121
127
143
191
687
783
799
524
121
127
175
191
688
800
798
796
121
169
175
191
1074
799
784
797
123
132
143
191
786
588
802
527
123
132
180
191
787
803
801
681
123
171
180
191
1077
802
589
682
125
129
131
179
823
750
805
530
125
129
177
179
824
806
804
808
125
173
177
179
1080
805
751
809
125
129
137
185
822
811
808
533
125
129
177
185
824
809
807
805
125
173
177
185
1083
808
812
806
125
137
140
188
825
729
811
536
125
137
185
188
826
812
810
807
125
173
185
188
1086
811
730
809
126
130
133
181
816
735
814
539
126
130
178
181
817
815
813
732
126
174
178
181
1089
814
736
733
128
130
133
181
813
820
817
542
128
130
178
181
814
818
816
738
128
176
178
181
1092
817
821
739
128
133
140
188
789
717
820
545
128
133
181
188
790
821
819
816
128
176
181
188
1095
820
718
818
129
131
137
185
657
807
823
548
129
131
179
185
658
824
822
804
129
177
179
185
1098
823
808
805
136
137
140
188
810
642
826
551
136
137
185
188
811
827
825
708
136
184
185
188
1101
826
643
709
144
145
162
18
850
835
829
554
144
145
1
18
851
830
828
832
144
0
1
18
0
829
836
833
144
145
165
21
859
834
832
557
144
145
1
21
860
833
831
829
144
0
1
21
3
832
836
830
144
162
165
21
1029
831
835
560
144
162
18
21
1030
836
834
828
144
0
18
21
6
835
833
830
145
150
183
39
927
849
838
563
145
150
6
39
929
839
837
841
145
1
6
39
9
838
851
842
145
150
189
45
924
855
841
566
145
150
6
45
926
842
840
838
145
1
6
45
12
841
857
839
145
152
180
36
957
858
844
569
145
152
8
36
959
845
843
847
145
1
8
36
15
844
860
848
145
152
186
42
954
852
847
572
145
152
8
42
956
848
846
844
145
1
8
42
18
847
854
845
145
162
183
39
1039
837
850
575
145
162
18
39
1040
851
849
828
145
1
18
39
21
850
839
829
145
164
186
42
1050
846
853
578
145
164
20
42
1052
854
852
856
145
1
20
42
24
853
848
857
145
164
189
45
888
840
856
581
145
164
20
45
889
857
855
853
145
1
20
45
27
856
842
854
145
165
180
36
1063
843
859
584
145
165
21
36
1064
860
858
831
145
1
21
36
30
859
845
832
146
171
182
38
1056
868
862
587
146
171
27
38
1057
863
861
865
146
2
27
38
33
862
869
866
146
171
191
47
1077
867
865
590
146
171
27
47
1079
866
864
862
146
2
27
47
36
865
869
863
146
182
191
47
966
864
868
593
146
182
38
47
967
869
867
861
146
2
38
47
39
868
866
863
147
162
169
25
1032
877
871
596
147
162
18
25
1033
872
870
874
147
3
18
25
42
871
878
875
147
162
187
43
1038
879
874
599
147
162
18
43
1040
875
873
871
147
3
18
43
45
874
881
872
147
169
185
41
981
880
877
602
147
169
25
41
982
878
876
870
147
3
25
41
48
877
881
872
147
185
187
43
936
873
880
605
147
185
41
43
937
881
879
876
147
3
41
43
51
880
875
878
148
160
164
20
1021
889
883
608
148
160
16
20
1022
884
882
886
148
4
16
20
54
883
890
887
148
160
189
45
924
888
886
611
148
160
16
45
925
887
885
883
148
4
16
45
57
886
890
884
148
164
189
45
855
885
889
614
148
164
20
45
856
890
888
882
148
4
20
45
60
889
887
884
149
151
168
24
943
903
892
617
149
151
7
24
944
893
891
895
149
5
7
24
63
892
905
896
149
151
188
44
942
918
895
620
149
151
7
44
944
896
894
892
149
5
7
44
66
895
920
893
149
155
167
23
979
910
898
623
149
155
11
23
980
899
897
901
149
5
11
23
69
898
911
902
149
155
169
25
982
913
901
626
149
155
11
25
983
902
900
898
149
5
11
25
72
901
914
899
149
158
168
24
969
891
904
629
149
158
14
24
970
905
903
907
149
5
14
24
75
904
893
908
149
158
173
29
1006
915
907
632
149
158
14
29
1007
908
906
904
149
5
14
29
78
907
917
905
149
167
184
40
978
919
910
635
149
167
23
40
979
911
909
897
149
5
23
40
81
910
920
899
149
169
170
26
1069
916
913
638
149
169
25
26
1070
914
912
900
149
5
25
26
84
913
917
902
149
170
173
29
1023
906
916
641
149
170
26
29
1024
917
915
912
149
5
26
29
87
916
908
914
149
184
188
44
1101
894
919
644
149
184
40
44
1103
920
918
909
149
5
40
44
90
919
896
911
150
160
179
35
1026
934
922
647
150
160
16
35
1028
923
921
925
150
6
16
35
93
922
935
926
150
160
189
45
885
840
925
650
150
160
16
45
886
926
924
922
150
6
16
45
96
925
841
923
150
163
183
39
1042
837
928
653
150
163
19
39
1043
929
927
931
150
6
19
39
99
928
838
932
150
163
190
46
1044
939
931
656
150
163
19
46
1046
932
930
928
150
6
19
46
102
931
941
929
150
179
185
41
1098
937
934
659
150
179
35
41
1099
935
933
921
150
6
35
41
105
934
938
923
150
185
187
43
879
940
937
662
150
185
41
43
880
938
936
933
150
6
41
43
108
937
941
935
150
187
190
46
1044
930
940
665
150
187
43
46
1045
941
939
936
150
6
43
46
111
940
932
938
151
168
188
44
1065
894
943
668
151
168
24
44
1067
944
942
891
151
7
24
44
114
943
895
892
152
159
171
27
1017
958
946
671
152
159
15
27
1019
947
945
949
152
8
15
27
117
946
959
950
152
159
172
28
999
951
949
674
152
159
15
28
1000
950
948
946
152
8
15
28
120
949
953
947
152
166
172
28
1047
948
952
677
152
166
22
28
1048
953
951
955
152
8
22
28
123
952
950
956
152
166
186
42
1050
846
955
680
152
166
22
42
1051
956
954
952
152
8
22
42
126
955
847
953
152
171
180
36
1078
843
958
683
152
171
27
36
1079
959
957
945
152
8
27
36
129
958
844
947
153
175
182
38
1071
967
961
686
153
175
31
38
1072
962
960
964
153
9
31
38
132
961
968
965
153
175
191
47
1074
966
964
689
153
175
31
47
1075
965
963
961
153
9
31
47
135
964
968
962
153
182
191
47
867
963
967
692
153
182
38
47
868
968
966
960
153
9
38
47
138
967
965
962
154
158
168
24
903
976
970
695
154
158
14
24
904
971
969
973
154
10
14
24
141
970
977
974
154
158
181
37
1011
975
973
698
154
158
14
37
1013
974
972
970
154
10
14
37
144
973
977
971
154
168
181
37
1066
972
976
701
154
168
24
37
1067
977
975
969
154
10
24
37
147
976
974
971
155
167
184
40
909
985
979
704
155
167
23
40
910
980
978
897
155
11
23
40
150
979
986
898
155
169
185
41
876
984
982
707
155
169
25
41
877
983
981
900
155
11
25
41
153
982
986
901
155
184
185
41
1102
981
985
710
155
184
40
41
1103
986
984
978
155
11
40
41
156
985
983
980
156
158
176
32
1015
994
988
713
156
158
14
32
1016
989
987
991
156
12
14
32
159
988
995
992
156
158
188
44
1005
993
991
716
156
158
14
44
1007
992
990
988
156
12
14
44
162
991
995
989
156
176
188
44
1095
990
994
719
156
176
32
44
1097
995
993
987
156
12
32
44
165
994
992
989
157
159
164
20
1018
1003
997
722
157
159
15
20
1019
998
996
1000
157
13
15
20
168
997
1004
1001
157
159
172
28
948
1002
1000
725
157
159
15
28
949
1001
999
997
157
13
15
28
171
1000
1004
998
157
164
172
28
1047
999
1003
728
157
164
20
28
1049
1004
1002
996
157
13
20
28
174
1003
1001
998
158
173
188
44
1086
990
1006
731
158
173
29
44
1088
1007
1005
906
158
14
29
44
177
1006
991
907
158
174
178
34
1090
1014
1009
734
158
174
30
34
1091
1010
1008
1012
158
14
30
34
180
1009
1016
1013
158
174
181
37
1089
972
1012
737
158
174
30
37
1091
1013
1011
1009
158
14
30
37
183
1012
973
1010
158
176
178
34
1093
1008
1015
740
158
176
32
34
1094
1016
1014
987
158
14
32
34
186
1015
1010
988
159
164
171
27
1057
945
1018
743
159
164
20
27
1058
1019
1017
996
159
15
20
27
189
1018
946
997
160
164
170
26
1054
1024
1021
746
160
164
20
26
1055
1022
1020
882
160
16
20
26
192
1021
1025
883
160
170
173
29
915
1027
1024
749
160
170
26
29
916
1025
1023
1020
160
16
26
29
195
1024
1028
1022
160
173
179
35
1080
921
1027
752
160
173
29
35
1082
1028
1026
1023
160
16
29
35
198
1027
922
1025
161
162
165
21
834
1036
1030
755
161
162
18
21
835
1031
1029
1033
161
17
18
21
201
1030
1037
1034
161
162
169
25
870
1035
1033
758
161
162
18
25
871
1034
1032
1030
161
17
18
25
204
1033
1037
1031
161
165
169
25
1060
1032
1036
761
161
165
21
25
1061
1037
1035
1029
161
17
21
25
207
1036
1034
1031
162
183
187
43
1041
873
1039
764
162
183
39
43
1042
1040
1038
849
162
18
39
43
210
1039
874
850
163
183
187
43
1038
1045
1042
767
163
183
39
43
1039
1043
1041
927
163
19
39
43
213
1042
1046
928
163
187
190
46
939
930
1045
770
163
187
43
46
940
1046
1044
1041
163
19
43
46
216
1045
931
1043
164
166
172
28
951
1002
1048
773
164
166
22
28
952
1049
1047
1051
164
20
22
28
219
1048
1003
1052
164
166
186
42
954
852
1051
776
164
166
22
42
955
1052
1050
1048
164
20
22
42
222
1051
853
1049
164
170
182
38
1068
1056
1054
779
164
170
26
38
1069
1055
1053
1020
164
20
26
38
225
1054
1058
1021
164
171
182
38
861
1053
1057
782
164
171
27
38
862
1058
1056
1017
164
20
27
38
228
1057
1055
1018
165
169
191
47
1074
1062
1060
785
165
169
25
47
1076
1061
1059
1035
165
21
25
47
231
1060
1064
1036
165
180
191
47
1077
1059
1063
788
165
180
36
47
1078
1064
1062
858
165
21
36
47
234
1063
1061
859
168
181
188
44
1095
942
1066
791
168
181
37
44
1096
1067
1065
975
168
24
37
44
237
1066
943
976
169
170
182
38
1053
1071
1069
794
169
170
26
38
1054
1070
1068
912
169
25
26
38
240
1069
1073
913
169
175
182
38
960
1068
1072
797
169
175
31
38
961
1073
1071
1075
169
25
31
38
243
1072
1070
1076
169
175
191
47
963
1059
1075
800
169
175
31
47
964
1076
1074
1072
169
25
31
47
246
1075
1060
1073
171
180
191
47
1062
864
1078
803
171
180
36
47
1063
1079
1077
957
171
27
36
47
249
1078
865
958
173
177
179
35
1099
1026
1081
806
173
177
33
35
1100
1082
1080
1084
173
29
33
35
252
1081
1027
1085
173
177
185
41
1098
1087
1084
809
173
177
33
41
1100
1085
1083
1081
173
29
33
41
255
1084
1088
1082
173
185
188
44
1101
1005
1087
812
173
185
41
44
1102
1088
1086
1083
173
29
41
44
258
1087
1006
1085
174
178
181
37
1092
1011
1090
815
174
178
34
37
1093
1091
1089
1008
174
30
34
37
261
1090
1012
1009
176
178
181
37
1089
1096
1093
818
176
178
34
37
1090
1094
1092
1014
176
32
34
37
264
1093
1097
1015
176
181
188
44
1065
993
1096
821
176
181
37
44
1066
1097
1095
1092
176
32
37
44
267
1096
994
1094
177
179
185
41
933
1083
1099
824
177
179
35
41
934
1100
1098
1080
177
33
35
41
270
1099
1084
1081
184
185
188
44
1086
918
1102
827
184
185
41
44
1087
1103
1101
984
184
40
41
44
273
1102
919
985
1104
