1
96
0
0
0
0
0
0
0
0
0
0
0
0
0
0
0
0
0
0
0
0
0
0
0
0
1
1
1
1
1
1
1
1
1
1
1
1
1
1
1
1
1
1
1
1
1
1
1
1
2
2
2
2
2
2
2
2
2
2
2
2
2
2
2
2
2
2
2
2
2
2
2
2
3
3
3
3
3
3
3
3
3
3
3
3
3
3
3
3
3
3
3
3
3
3
3
3
96
528
0
8
10
34
85
7
1
398
0
8
32
34
86
2
0
4
0
24
32
34
132
1
8
5
0
8
14
38
87
9
4
401
0
8
32
38
89
5
3
1
0
24
32
38
135
4
11
2
0
10
19
43
115
12
7
404
0
10
34
43
116
8
6
0
0
24
34
43
138
7
14
2
0
13
14
38
87
3
10
407
0
13
37
38
88
11
9
13
0
24
37
38
141
10
5
14
0
13
19
43
120
6
13
410
0
13
37
43
121
14
12
10
0
24
37
43
144
13
8
11
1
4
18
42
57
22
16
413
1
4
28
42
59
17
15
19
1
25
28
42
147
16
23
20
1
4
23
47
66
27
19
416
1
4
28
47
68
20
18
16
1
25
28
47
150
19
29
17
1
18
21
45
105
24
22
419
1
18
42
45
106
23
21
15
1
25
42
45
153
22
26
17
1
19
21
45
108
21
25
422
1
19
43
45
109
26
24
28
1
25
43
45
156
25
23
29
1
19
23
47
129
18
28
425
1
19
43
47
130
29
27
25
1
25
43
47
159
28
20
26
2
3
6
30
52
43
31
428
2
3
27
30
53
32
30
34
2
26
27
30
162
31
44
35
2
3
11
35
55
49
34
431
2
3
27
35
56
35
33
31
2
26
27
35
165
34
50
32
2
5
7
31
70
46
37
434
2
5
29
31
71
38
36
40
2
26
29
31
168
37
47
41
2
5
20
44
75
48
40
437
2
5
29
44
77
41
39
37
2
26
29
44
171
40
50
38
2
6
19
43
82
45
43
440
2
6
30
43
83
44
42
30
2
26
30
43
174
43
47
32
2
7
19
43
69
42
46
443
2
7
31
43
70
47
45
36
2
26
31
43
177
46
44
38
2
11
20
44
75
39
49
446
2
11
35
44
76
50
48
33
2
26
35
44
180
49
41
35
3
6
17
41
79
54
52
449
3
6
30
41
80
53
51
30
3
27
30
41
183
52
56
31
3
11
17
41
118
51
55
452
3
11
35
41
119
56
54
33
3
27
35
41
186
55
53
34
4
15
18
42
93
15
58
455
4
15
39
42
94
59
57
61
4
28
39
42
189
58
16
62
4
15
19
43
123
63
61
458
4
15
39
43
125
62
60
58
4
28
39
43
192
61
65
59
4
16
19
43
130
60
64
461
4
16
40
43
131
65
63
67
4
28
40
43
195
64
62
68
4
16
23
47
129
18
67
464
4
16
40
47
131
68
66
64
4
28
40
47
198
67
19
65
5
7
19
43
45
72
70
467
5
7
31
43
46
71
69
36
5
29
31
43
201
70
74
37
5
11
19
43
117
69
73
470
5
11
35
43
119
74
72
76
5
29
35
43
204
73
71
77
5
11
20
44
48
39
76
473
5
11
35
44
49
77
75
73
5
29
35
44
207
76
40
74
6
17
22
46
126
81
79
476
6
17
41
46
127
80
78
51
6
30
41
46
210
79
83
52
6
19
22
46
114
78
82
479
6
19
43
46
115
83
81
42
6
30
43
46
213
82
80
43
8
10
15
39
112
94
85
482
8
10
34
39
113
86
84
0
8
32
34
39
216
85
95
1
8
13
14
38
9
3
88
485
8
13
37
38
10
89
87
91
8
32
37
38
219
88
4
92
8
13
18
42
102
93
91
488
8
13
37
42
103
92
90
88
8
32
37
42
222
91
95
89
8
15
18
42
57
90
94
491
8
15
39
42
58
95
93
84
8
32
39
42
225
94
92
86
9
12
13
37
121
103
97
494
9
12
36
37
122
98
96
100
9
33
36
37
228
97
104
101
9
12
19
43
120
109
100
497
9
12
36
43
122
101
99
97
9
33
36
43
231
100
110
98
9
13
18
42
90
106
103
500
9
13
37
42
91
104
102
96
9
33
37
42
234
103
107
98
9
18
21
45
21
108
106
503
9
18
42
45
22
107
105
102
9
33
42
45
237
106
110
104
9
19
21
45
24
105
109
506
9
19
43
45
25
110
108
99
9
33
43
45
240
109
107
101
10
15
22
46
126
114
112
509
10
15
39
46
128
113
111
84
10
34
39
46
243
112
116
85
10
19
22
46
81
111
115
512
10
19
43
46
82
116
114
6
10
34
43
46
246
115
113
7
11
17
19
43
123
72
118
515
11
17
41
43
124
119
117
54
11
35
41
43
249
118
73
55
12
13
19
43
12
99
121
518
12
13
37
43
13
122
120
96
12
36
37
43
252
121
100
97
15
17
19
43
117
60
124
521
15
17
41
43
118
125
123
127
15
39
41
43
255
124
61
128
15
17
22
46
78
111
127
524
15
17
41
46
79
128
126
124
15
39
41
46
258
127
112
125
16
19
23
47
27
66
130
527
16
19
43
47
28
131
129
63
16
40
43
47
261
130
67
64
24
32
34
58
217
139
133
2
24
32
56
58
218
134
132
136
24
48
56
58
264
133
140
137
24
32
38
62
219
141
136
5
24
32
56
62
221
137
135
133
24
48
56
62
267
136
143
134
24
34
43
67
247
144
139
8
24
34
58
67
248
140
138
132
24
48
58
67
270
139
146
134
24
37
38
62
219
135
142
11
24
37
61
62
220
143
141
145
24
48
61
62
273
142
137
146
24
37
43
67
252
138
145
14
24
37
61
67
253
146
144
142
24
48
61
67
276
145
140
143
25
28
42
66
189
154
148
17
25
28
52
66
191
149
147
151
25
49
52
66
279
148
155
152
25
28
47
71
198
159
151
20
25
28
52
71
200
152
150
148
25
49
52
71
282
151
161
149
25
42
45
69
237
156
154
23
25
42
66
69
238
155
153
147
25
49
66
69
285
154
158
149
25
43
45
69
240
153
157
26
25
43
67
69
241
158
156
160
25
49
67
69
288
157
155
161
25
43
47
71
261
150
160
29
25
43
67
71
262
161
159
157
25
49
67
71
291
160
152
158
26
27
30
54
184
175
163
32
26
27
51
54
185
164
162
166
26
50
51
54
294
163
176
167
26
27
35
59
187
181
166
35
26
27
51
59
188
167
165
163
26
50
51
59
297
166
182
164
26
29
31
55
202
178
169
38
26
29
53
55
203
170
168
172
26
50
53
55
300
169
179
173
26
29
44
68
207
180
172
41
26
29
53
68
209
173
171
169
26
50
53
68
303
172
182
170
26
30
43
67
214
177
175
44
26
30
54
67
215
176
174
162
26
50
54
67
306
175
179
164
26
31
43
67
201
174
178
47
26
31
55
67
202
179
177
168
26
50
55
67
309
178
176
170
26
35
44
68
207
171
181
50
26
35
59
68
208
182
180
165
26
50
59
68
312
181
173
167
27
30
41
65
211
186
184
53
27
30
54
65
212
185
183
162
27
51
54
65
315
184
188
163
27
35
41
65
250
183
187
56
27
35
59
65
251
188
186
165
27
51
59
65
318
187
185
166
28
39
42
66
225
147
190
59
28
39
63
66
226
191
189
193
28
52
63
66
321
190
148
194
28
39
43
67
255
195
193
62
28
39
63
67
257
194
192
190
28
52
63
67
324
193
197
191
28
40
43
67
262
192
196
65
28
40
64
67
263
197
195
199
28
52
64
67
327
196
194
200
28
40
47
71
261
150
199
68
28
40
64
71
263
200
198
196
28
52
64
71
330
199
151
197
29
31
43
67
177
204
202
71
29
31
55
67
178
203
201
168
29
53
55
67
333
202
206
169
29
35
43
67
249
201
205
74
29
35
59
67
251
206
204
208
29
53
59
67
336
205
203
209
29
35
44
68
180
171
208
77
29
35
59
68
181
209
207
205
29
53
59
68
339
208
172
206
30
41
46
70
258
213
211
80
30
41
65
70
259
212
210
183
30
54
65
70
342
211
215
184
30
43
46
70
246
210
214
83
30
43
67
70
247
215
213
174
30
54
67
70
345
214
212
175
32
34
39
63
244
226
217
86
32
34
58
63
245
218
216
132
32
56
58
63
348
217
227
133
32
37
38
62
141
135
220
89
32
37
61
62
142
221
219
223
32
56
61
62
351
220
136
224
32
37
42
66
234
225
223
92
32
37
61
66
235
224
222
220
32
56
61
66
354
223
227
221
32
39
42
66
189
222
226
95
32
39
63
66
190
227
225
216
32
56
63
66
357
226
224
218
33
36
37
61
253
235
229
98
33
36
60
61
254
230
228
232
33
57
60
61
360
229
236
233
33
36
43
67
252
241
232
101
33
36
60
67
254
233
231
229
33
57
60
67
363
232
242
230
33
37
42
66
222
238
235
104
33
37
61
66
223
236
234
228
33
57
61
66
366
235
239
230
33
42
45
69
153
240
238
107
33
42
66
69
154
239
237
234
33
57
66
69
369
238
242
236
33
43
45
69
156
237
241
110
33
43
67
69
157
242
240
231
33
57
67
69
372
241
239
233
34
39
46
70
258
246
244
113
34
39
63
70
260
245
243
216
34
58
63
70
375
244
248
217
34
43
46
70
213
243
247
116
34
43
67
70
214
248
246
138
34
58
67
70
378
247
245
139
35
41
43
67
255
204
250
119
35
41
65
67
256
251
249
186
35
59
65
67
381
250
205
187
36
37
43
67
144
231
253
122
36
37
61
67
145
254
252
228
36
60
61
67
384
253
232
229
39
41
43
67
249
192
256
125
39
41
65
67
250
257
255
259
39
63
65
67
387
256
193
260
39
41
46
70
210
243
259
128
39
41
65
70
211
260
258
256
39
63
65
70
390
259
244
257
40
43
47
71
159
198
262
131
40
43
67
71
160
263
261
195
40
64
67
71
393
262
199
196
48
56
58
82
349
271
265
134
48
56
80
82
350
266
264
268
48
72
80
82
396
265
272
269
48
56
62
86
351
273
268
137
48
56
80
86
353
269
267
265
48
72
80
86
399
268
275
266
48
58
67
91
379
276
271
140
48
58
82
91
380
272
270
264
48
72
82
91
402
271
278
266
48
61
62
86
351
267
274
143
48
61
85
86
352
275
273
277
48
72
85
86
405
274
269
278
48
61
67
91
384
270
277
146
48
61
85
91
385
278
276
274
48
72
85
91
408
277
272
275
49
52
66
90
321
286
280
149
49
52
76
90
323
281
279
283
49
73
76
90
411
280
287
284
49
52
71
95
330
291
283
152
49
52
76
95
332
284
282
280
49
73
76
95
414
283
293
281
49
66
69
93
369
288
286
155
49
66
90
93
370
287
285
279
49
73
90
93
417
286
290
281
49
67
69
93
372
285
289
158
49
67
91
93
373
290
288
292
49
73
91
93
420
289
287
293
49
67
71
95
393
282
292
161
49
67
91
95
394
293
291
289
49
73
91
95
423
292
284
290
50
51
54
78
316
307
295
164
50
51
75
78
317
296
294
298
50
74
75
78
426
295
308
299
50
51
59
83
319
313
298
167
50
51
75
83
320
299
297
295
50
74
75
83
429
298
314
296
50
53
55
79
334
310
301
170
50
53
77
79
335
302
300
304
50
74
77
79
432
301
311
305
50
53
68
92
339
312
304
173
50
53
77
92
341
305
303
301
50
74
77
92
435
304
314
302
50
54
67
91
346
309
307
176
50
54
78
91
347
308
306
294
50
74
78
91
438
307
311
296
50
55
67
91
333
306
310
179
50
55
79
91
334
311
309
300
50
74
79
91
441
310
308
302
50
59
68
92
339
303
313
182
50
59
83
92
340
314
312
297
50
74
83
92
444
313
305
299
51
54
65
89
343
318
316
185
51
54
78
89
344
317
315
294
51
75
78
89
447
316
320
295
51
59
65
89
382
315
319
188
51
59
83
89
383
320
318
297
51
75
83
89
450
319
317
298
52
63
66
90
357
279
322
191
52
63
87
90
358
323
321
325
52
76
87
90
453
322
280
326
52
63
67
91
387
327
325
194
52
63
87
91
389
326
324
322
52
76
87
91
456
325
329
323
52
64
67
91
394
324
328
197
52
64
88
91
395
329
327
331
52
76
88
91
459
328
326
332
52
64
71
95
393
282
331
200
52
64
88
95
395
332
330
328
52
76
88
95
462
331
283
329
53
55
67
91
309
336
334
203
53
55
79
91
310
335
333
300
53
77
79
91
465
334
338
301
53
59
67
91
381
333
337
206
53
59
83
91
383
338
336
340
53
77
83
91
468
337
335
341
53
59
68
92
312
303
340
209
53
59
83
92
313
341
339
337
53
77
83
92
471
340
304
338
54
65
70
94
390
345
343
212
54
65
89
94
391
344
342
315
54
78
89
94
474
343
347
316
54
67
70
94
378
342
346
215
54
67
91
94
379
347
345
306
54
78
91
94
477
346
344
307
56
58
63
87
376
358
349
218
56
58
82
87
377
350
348
264
56
80
82
87
480
349
359
265
56
61
62
86
273
267
352
221
56
61
85
86
274
353
351
355
56
80
85
86
483
352
268
356
56
61
66
90
366
357
355
224
56
61
85
90
367
356
354
352
56
80
85
90
486
355
359
353
56
63
66
90
321
354
358
227
56
63
87
90
322
359
357
348
56
80
87
90
489
358
356
350
57
60
61
85
385
367
361
230
57
60
84
85
386
362
360
364
57
81
84
85
492
361
368
365
57
60
67
91
384
373
364
233
57
60
84
91
386
365
363
361
57
81
84
91
495
364
374
362
57
61
66
90
354
370
367
236
57
61
85
90
355
368
366
360
57
81
85
90
498
367
371
362
57
66
69
93
285
372
370
239
57
66
90
93
286
371
369
366
57
81
90
93
501
370
374
368
57
67
69
93
288
369
373
242
57
67
91
93
289
374
372
363
57
81
91
93
504
373
371
365
58
63
70
94
390
378
376
245
58
63
87
94
392
377
375
348
58
82
87
94
507
376
380
349
58
67
70
94
345
375
379
248
58
67
91
94
346
380
378
270
58
82
91
94
510
379
377
271
59
65
67
91
387
336
382
251
59
65
89
91
388
383
381
318
59
83
89
91
513
382
337
319
60
61
67
91
276
363
385
254
60
61
85
91
277
386
384
360
60
84
85
91
516
385
364
361
63
65
67
91
381
324
388
257
63
65
89
91
382
389
387
391
63
87
89
91
519
388
325
392
63
65
70
94
342
375
391
260
63
65
89
94
343
392
390
388
63
87
89
94
522
391
376
389
64
67
71
95
291
330
394
263
64
67
91
95
292
395
393
327
64
88
91
95
525
394
331
328
72
80
82
10
481
403
397
266
72
80
8
10
482
398
396
400
72
0
8
10
0
397
404
401
72
80
86
14
483
405
400
269
72
80
8
14
485
401
399
397
72
0
8
14
3
400
407
398
72
82
91
19
511
408
403
272
72
82
10
19
512
404
402
396
72
0
10
19
6
403
410
398
72
85
86
14
483
399
406
275
72
85
13
14
484
407
405
409
72
0
13
14
9
406
401
410
72
85
91
19
516
402
409
278
72
85
13
19
517
410
408
406
72
0
13
19
12
409
404
407
73
76
90
18
453
418
412
281
73
76
4
18
455
413
411
415
73
1
4
18
15
412
419
416
73
76
95
23
462
423
415
284
73
76
4
23
464
416
414
412
73
1
4
23
18
415
425
413
73
90
93
21
501
420
418
287
73
90
18
21
502
419
417
411
73
1
18
21
21
418
422
413
73
91
93
21
504
417
421
290
73
91
19
21
505
422
420
424
73
1
19
21
24
421
419
425
73
91
95
23
525
414
424
293
73
91
19
23
526
425
423
421
73
1
19
23
27
424
416
422
74
75
78
6
448
439
427
296
74
75
3
6
449
428
426
430
74
2
3
6
30
427
440
431
74
75
83
11
451
445
430
299
74
75
3
11
452
431
429
427
74
2
3
11
33
430
446
428
74
77
79
7
466
442
433
302
74
77
5
7
467
434
432
436
74
2
5
7
36
433
443
437
74
77
92
20
471
444
436
305
74
77
5
20
473
437
435
433
74
2
5
20
39
436
446
434
74
78
91
19
478
441
439
308
74
78
6
19
479
440
438
426
74
2
6
19
42
439
443
428
74
79
91
19
465
438
442
311
74
79
7
19
466
443
441
432
74
2
7
19
45
442
440
434
74
83
92
20
471
435
445
314
74
83
11
20
472
446
444
429
74
2
11
20
48
445
437
431
75
78
89
17
475
450
448
317
75
78
6
17
476
449
447
426
75
3
6
17
51
448
452
427
75
83
89
17
514
447
451
320
75
83
11
17
515
452
450
429
75
3
11
17
54
451
449
430
76
87
90
18
489
411
454
323
76
87
15
18
490
455
453
457
76
4
15
18
57
454
412
458
76
87
91
19
519
459
457
326
76
87
15
19
521
458
456
454
76
4
15
19
60
457
461
455
76
88
91
19
526
456
460
329
76
88
16
19
527
461
459
463
76
4
16
19
63
460
458
464
76
88
95
23
525
414
463
332
76
88
16
23
527
464
462
460
76
4
16
23
66
463
415
461
77
79
91
19
441
468
466
335
77
79
7
19
442
467
465
432
77
5
7
19
69
466
470
433
77
83
91
19
513
465
469
338
77
83
11
19
515
470
468
472
77
5
11
19
72
469
467
473
77
83
92
20
444
435
472
341
77
83
11
20
445
473
471
469
77
5
11
20
75
472
436
470
78
89
94
22
522
477
475
344
78
89
17
22
523
476
474
447
78
6
17
22
78
475
479
448
78
91
94
22
510
474
478
347
78
91
19
22
511
479
477
438
78
6
19
22
81
478
476
439
80
82
87
15
508
490
481
350
80
82
10
15
509
482
480
396
80
8
10
15
84
481
491
397
80
85
86
14
405
399
484
353
80
85
13
14
406
485
483
487
80
8
13
14
87
484
400
488
80
85
90
18
498
489
487
356
80
85
13
18
499
488
486
484
80
8
13
18
90
487
491
485
80
87
90
18
453
486
490
359
80
87
15
18
454
491
489
480
80
8
15
18
93
490
488
482
81
84
85
13
517
499
493
362
81
84
12
13
518
494
492
496
81
9
12
13
96
493
500
497
81
84
91
19
516
505
496
365
81
84
12
19
518
497
495
493
81
9
12
19
99
496
506
494
81
85
90
18
486
502
499
368
81
85
13
18
487
500
498
492
81
9
13
18
102
499
503
494
81
90
93
21
417
504
502
371
81
90
18
21
418
503
501
498
81
9
18
21
105
502
506
500
81
91
93
21
420
501
505
374
81
91
19
21
421
506
504
495
81
9
19
21
108
505
503
497
82
87
94
22
522
510
508
377
82
87
15
22
524
509
507
480
82
10
15
22
111
508
512
481
82
91
94
22
477
507
511
380
82
91
19
22
478
512
510
402
82
10
19
22
114
511
509
403
83
89
91
19
519
468
514
383
83
89
17
19
520
515
513
450
83
11
17
19
117
514
469
451
84
85
91
19
408
495
517
386
84
85
13
19
409
518
516
492
84
12
13
19
120
517
496
493
87
89
91
19
513
456
520
389
87
89
17
19
514
521
519
523
87
15
17
19
123
520
457
524
87
89
94
22
474
507
523
392
87
89
17
22
475
524
522
520
87
15
17
22
126
523
508
521
88
91
95
23
423
462
526
395
88
91
19
23
424
527
525
459
88
16
19
23
129
526
463
460
528
